# EOS Table generated on 20120309 from
# HShenEOS_rho220_temp180_ye65_version2.0_20111026_EOSmaker_svn9.h5
# Original table has nrho ntemp nye:    220   180    65
# T =    0.100000E-01
EoSType = ColdTable
Nrho =  2000
RhoMin =   0.161865E-14      RhoMax =   0.158181E-01
HeatCapacity =   0.160000E-02
GammaTh =   0.166667E+01
Kappa =   0.100000E+03
RhoSpacing = Log
-2.74031220E-03 1.49157239E+00 2.89019950E-03
-2.74033589E-03 1.49182982E+00 2.88879810E-03
-2.74035956E-03 1.49208748E+00 2.88739601E-03
-2.74038321E-03 1.49234536E+00 2.88599325E-03
-2.74040687E-03 1.49260348E+00 2.88458957E-03
-2.74043051E-03 1.49286182E+00 2.88318520E-03
-2.74045411E-03 1.49312039E+00 2.88178039E-03
-2.74047769E-03 1.49337919E+00 2.88037489E-03
-2.74050125E-03 1.49363821E+00 2.87896870E-03
-2.74052480E-03 1.49389746E+00 2.87756183E-03
-2.74054613E-03 1.49415279E+00 2.87653627E-03
-2.74056709E-03 1.49440771E+00 2.87556960E-03
-2.74058802E-03 1.49466284E+00 2.87460284E-03
-2.74060893E-03 1.49491820E+00 2.87363575E-03
-2.74062983E-03 1.49517379E+00 2.87266833E-03
-2.74065074E-03 1.49542960E+00 2.87170035E-03
-2.74067164E-03 1.49568565E+00 2.87073204E-03
-2.74069250E-03 1.49594191E+00 2.86976363E-03
-2.74071334E-03 1.49619840E+00 2.86879490E-03
-2.74073251E-03 1.49645192E+00 2.86796005E-03
-2.74075109E-03 1.49670448E+00 2.86717395E-03
-2.74076965E-03 1.49695727E+00 2.86638763E-03
-2.74078818E-03 1.49721028E+00 2.86560133E-03
-2.74080670E-03 1.49746352E+00 2.86481482E-03
-2.74082520E-03 1.49771698E+00 2.86402808E-03
-2.74084372E-03 1.49797067E+00 2.86324089E-03
-2.74086223E-03 1.49822458E+00 2.86245348E-03
-2.74088071E-03 1.49847872E+00 2.86166609E-03
-2.74089798E-03 1.49873068E+00 2.86097441E-03
-2.74091443E-03 1.49898125E+00 2.86034721E-03
-2.74093089E-03 1.49923204E+00 2.85971964E-03
-2.74094735E-03 1.49948306E+00 2.85909192E-03
-2.74096378E-03 1.49973430E+00 2.85846430E-03
-2.74098019E-03 1.49998576E+00 2.85783654E-03
-2.74099660E-03 1.50023745E+00 2.85720864E-03
-2.74101302E-03 1.50048937E+00 2.85658036E-03
-2.74102944E-03 1.50074151E+00 2.85595193E-03
-2.74104500E-03 1.50099215E+00 2.85538923E-03
-2.74105960E-03 1.50124103E+00 2.85490243E-03
-2.74107422E-03 1.50149014E+00 2.85441531E-03
-2.74108883E-03 1.50173947E+00 2.85392811E-03
-2.74110341E-03 1.50198901E+00 2.85344106E-03
-2.74111798E-03 1.50223878E+00 2.85295392E-03
-2.74113257E-03 1.50248878E+00 2.85246646E-03
-2.74114715E-03 1.50273901E+00 2.85197891E-03
-2.74116171E-03 1.50298945E+00 2.85149151E-03
-2.74117573E-03 1.50323898E+00 2.85104564E-03
-2.74118872E-03 1.50348643E+00 2.85068430E-03
-2.74120170E-03 1.50373410E+00 2.85032291E-03
-2.74121465E-03 1.50398199E+00 2.84996171E-03
-2.74122759E-03 1.50423010E+00 2.84960046E-03
-2.74124055E-03 1.50447844E+00 2.84923892E-03
-2.74125351E-03 1.50472701E+00 2.84887733E-03
-2.74126644E-03 1.50497579E+00 2.84851594E-03
-2.74127936E-03 1.50522479E+00 2.84815450E-03
-2.74129203E-03 1.50547340E+00 2.84781515E-03
-2.74130355E-03 1.50571962E+00 2.84756820E-03
-2.74131505E-03 1.50596605E+00 2.84732147E-03
-2.74132656E-03 1.50621272E+00 2.84707447E-03
-2.74133807E-03 1.50645960E+00 2.84682745E-03
-2.74134955E-03 1.50670671E+00 2.84658064E-03
-2.74136103E-03 1.50695403E+00 2.84633382E-03
-2.74137253E-03 1.50720159E+00 2.84608672E-03
-2.74138402E-03 1.50744937E+00 2.84583960E-03
-2.74139541E-03 1.50769718E+00 2.84559918E-03
-2.74140562E-03 1.50794233E+00 2.84545862E-03
-2.74141583E-03 1.50818770E+00 2.84531805E-03
-2.74142600E-03 1.50843328E+00 2.84517771E-03
-2.74143620E-03 1.50867909E+00 2.84503712E-03
-2.74144640E-03 1.50892513E+00 2.84489651E-03
-2.74145657E-03 1.50917138E+00 2.84475614E-03
-2.74146676E-03 1.50941786E+00 2.84461552E-03
-2.74147694E-03 1.50966457E+00 2.84447489E-03
-2.74148710E-03 1.50991149E+00 2.84433449E-03
-2.74149620E-03 1.51015589E+00 2.84428800E-03
-2.74150521E-03 1.51040029E+00 2.84424896E-03
-2.74151420E-03 1.51064490E+00 2.84421016E-03
-2.74152321E-03 1.51088975E+00 2.84417111E-03
-2.74153221E-03 1.51113481E+00 2.84413206E-03
-2.74154119E-03 1.51138010E+00 2.84409326E-03
-2.74155019E-03 1.51162561E+00 2.84405420E-03
-2.74155919E-03 1.51187135E+00 2.84401514E-03
-2.74156816E-03 1.51211730E+00 2.84397632E-03
-2.74157632E-03 1.51236118E+00 2.84401602E-03
-2.74158421E-03 1.51260466E+00 2.84407692E-03
-2.74159213E-03 1.51284836E+00 2.84413757E-03
-2.74160004E-03 1.51309229E+00 2.84419821E-03
-2.74160792E-03 1.51333644E+00 2.84425910E-03
-2.74161585E-03 1.51358082E+00 2.84431948E-03
-2.74162373E-03 1.51382541E+00 2.84438036E-03
-2.74163163E-03 1.51407024E+00 2.84444098E-03
-2.74163953E-03 1.51431529E+00 2.84450159E-03
-2.74164674E-03 1.51455863E+00 2.84462881E-03
-2.74165366E-03 1.51480121E+00 2.84478998E-03
-2.74166052E-03 1.51504400E+00 2.84495162E-03
-2.74166742E-03 1.51528702E+00 2.84511276E-03
-2.74167428E-03 1.51553025E+00 2.84527438E-03
-2.74168116E-03 1.51577372E+00 2.84543574E-03
-2.74168804E-03 1.51601740E+00 2.84559708E-03
-2.74169492E-03 1.51626132E+00 2.84575841E-03
-2.74170180E-03 1.51650545E+00 2.84591973E-03
-2.74170814E-03 1.51674825E+00 2.84613619E-03
-2.74171408E-03 1.51698986E+00 2.84640200E-03
-2.74171996E-03 1.51723169E+00 2.84666828E-03
-2.74172589E-03 1.51747375E+00 2.84693403E-03
-2.74173177E-03 1.51771602E+00 2.84720026E-03
-2.74173770E-03 1.51795853E+00 2.84746595E-03
-2.74174360E-03 1.51820126E+00 2.84773186E-03
-2.74174950E-03 1.51844421E+00 2.84799774E-03
-2.74175540E-03 1.51868738E+00 2.84826359E-03
-2.74176093E-03 1.51892958E+00 2.84857291E-03
-2.74176589E-03 1.51917012E+00 2.84895027E-03
-2.74177085E-03 1.51941089E+00 2.84932757E-03
-2.74177583E-03 1.51965188E+00 2.84970457E-03
-2.74178076E-03 1.51989308E+00 2.85008201E-03
-2.74178573E-03 1.52013452E+00 2.85045890E-03
-2.74179066E-03 1.52037617E+00 2.85083623E-03
-2.74179564E-03 1.52061806E+00 2.85121300E-03
-2.74180059E-03 1.52086017E+00 2.85158997E-03
-2.74180530E-03 1.52110167E+00 2.85199787E-03
-2.74180934E-03 1.52134099E+00 2.85249565E-03
-2.74181332E-03 1.52158052E+00 2.85299384E-03
-2.74181736E-03 1.52182028E+00 2.85349144E-03
-2.74182139E-03 1.52206027E+00 2.85398894E-03
-2.74182537E-03 1.52230046E+00 2.85448685E-03
-2.74182941E-03 1.52254090E+00 2.85498416E-03
-2.74183342E-03 1.52278155E+00 2.85548164E-03
-2.74183742E-03 1.52302242E+00 2.85597901E-03
-2.74184134E-03 1.52326311E+00 2.85649229E-03
-2.74184439E-03 1.52350097E+00 2.85712310E-03
-2.74184744E-03 1.52373906E+00 2.85775377E-03
-2.74185051E-03 1.52397737E+00 2.85838404E-03
-2.74185359E-03 1.52421591E+00 2.85901416E-03
-2.74185661E-03 1.52445465E+00 2.85964465E-03
-2.74185969E-03 1.52469364E+00 2.86027447E-03
-2.74186276E-03 1.52493284E+00 2.86090415E-03
-2.74186581E-03 1.52517226E+00 2.86153394E-03
-2.74186886E-03 1.52541191E+00 2.86216358E-03
-2.74187095E-03 1.52564810E+00 2.86293990E-03
-2.74187303E-03 1.52588446E+00 2.86371789E-03
-2.74187511E-03 1.52612104E+00 2.86449565E-03
-2.74187716E-03 1.52635784E+00 2.86527345E-03
-2.74187922E-03 1.52659486E+00 2.86605104E-03
-2.74188130E-03 1.52683211E+00 2.86682814E-03
-2.74188337E-03 1.52706958E+00 2.86760502E-03
-2.74188545E-03 1.52730727E+00 2.86838169E-03
-2.74188751E-03 1.52754518E+00 2.86915839E-03
-2.74188869E-03 1.52777985E+00 2.87007734E-03
-2.74188971E-03 1.52801413E+00 2.87102055E-03
-2.74189071E-03 1.52824863E+00 2.87196370E-03
-2.74189174E-03 1.52848336E+00 2.87290627E-03
-2.74189276E-03 1.52871831E+00 2.87384851E-03
-2.74189379E-03 1.52895348E+00 2.87479044E-03
-2.74189481E-03 1.52918887E+00 2.87573204E-03
-2.74189584E-03 1.52942448E+00 2.87667333E-03
-2.74189687E-03 1.52966032E+00 2.87761430E-03
-2.74189708E-03 1.52989316E+00 2.87869065E-03
-2.74189697E-03 1.53012497E+00 2.87981961E-03
-2.74189686E-03 1.53035699E+00 2.88094811E-03
-2.74189675E-03 1.53058923E+00 2.88207616E-03
-2.74189665E-03 1.53082169E+00 2.88320375E-03
-2.74189654E-03 1.53105437E+00 2.88433089E-03
-2.74189643E-03 1.53128728E+00 2.88545757E-03
-2.74189633E-03 1.53152040E+00 2.88658381E-03
-2.74189622E-03 1.53175374E+00 2.88770959E-03
-2.74189539E-03 1.53198442E+00 2.88895975E-03
-2.74189407E-03 1.53221328E+00 2.89029768E-03
-2.74189275E-03 1.53244235E+00 2.89163497E-03
-2.74189141E-03 1.53267163E+00 2.89297189E-03
-2.74189006E-03 1.53290113E+00 2.89430819E-03
-2.74188872E-03 1.53313085E+00 2.89564385E-03
-2.74188737E-03 1.53336079E+00 2.89697888E-03
-2.74188605E-03 1.53359095E+00 2.89831301E-03
-2.74188474E-03 1.53382133E+00 2.89964651E-03
-2.74188278E-03 1.53404947E+00 2.90108853E-03
-2.74188007E-03 1.53427482E+00 2.90266248E-03
-2.74187741E-03 1.53450040E+00 2.90423502E-03
-2.74187470E-03 1.53472618E+00 2.90580724E-03
-2.74187199E-03 1.53495218E+00 2.90737859E-03
-2.74186933E-03 1.53517841E+00 2.90894852E-03
-2.74186662E-03 1.53540484E+00 2.91051814E-03
-2.74186391E-03 1.53563149E+00 2.91208689E-03
-2.74186125E-03 1.53585836E+00 2.91365423E-03
-2.74185806E-03 1.53608353E+00 2.91530777E-03
-2.74185389E-03 1.53630480E+00 2.91714657E-03
-2.74184966E-03 1.53652627E+00 2.91898473E-03
-2.74184548E-03 1.53674796E+00 2.92082117E-03
-2.74184125E-03 1.53696986E+00 2.92265699E-03
-2.74183707E-03 1.53719198E+00 2.92449107E-03
-2.74183284E-03 1.53741430E+00 2.92632455E-03
-2.74182866E-03 1.53763684E+00 2.92815629E-03
-2.74182443E-03 1.53785959E+00 2.92998743E-03
-2.74181994E-03 1.53808134E+00 2.93187316E-03
-2.74181403E-03 1.53829785E+00 2.93401039E-03
-2.74180813E-03 1.53851456E+00 2.93614605E-03
-2.74180225E-03 1.53873148E+00 2.93827984E-03
-2.74179636E-03 1.53894862E+00 2.94041207E-03
-2.74179045E-03 1.53916595E+00 2.94254300E-03
-2.74178455E-03 1.53938350E+00 2.94467237E-03
-2.74177866E-03 1.53960127E+00 2.94679989E-03
-2.74177277E-03 1.53981924E+00 2.94892586E-03
-2.74176674E-03 1.54003706E+00 2.95106759E-03
-2.74175895E-03 1.54024809E+00 2.95353862E-03
-2.74175115E-03 1.54045932E+00 2.95600756E-03
-2.74174335E-03 1.54067076E+00 2.95847440E-03
-2.74173555E-03 1.54088241E+00 2.96093917E-03
-2.74172775E-03 1.54109426E+00 2.96340185E-03
-2.74171995E-03 1.54130631E+00 2.96586247E-03
-2.74171214E-03 1.54151857E+00 2.96832101E-03
-2.74170433E-03 1.54173103E+00 2.97077749E-03
-2.74169652E-03 1.54194371E+00 2.97323191E-03
-2.74168675E-03 1.54214919E+00 2.97604227E-03
-2.74167682E-03 1.54235419E+00 2.97888333E-03
-2.74166688E-03 1.54255938E+00 2.98172166E-03
-2.74165691E-03 1.54276477E+00 2.98455755E-03
-2.74164695E-03 1.54297036E+00 2.98739071E-03
-2.74163697E-03 1.54317615E+00 2.99022115E-03
-2.74162705E-03 1.54338215E+00 2.99304830E-03
-2.74161707E-03 1.54358833E+00 2.99587333E-03
-2.74160709E-03 1.54379472E+00 2.99869567E-03
-2.74159525E-03 1.54399443E+00 3.00185761E-03
-2.74158287E-03 1.54419238E+00 3.00511287E-03
-2.74157049E-03 1.54439052E+00 3.00836456E-03
-2.74155810E-03 1.54458886E+00 3.01161271E-03
-2.74154573E-03 1.54478740E+00 3.01485701E-03
-2.74153331E-03 1.54498612E+00 3.01809839E-03
-2.74152093E-03 1.54518505E+00 3.02133565E-03
-2.74150850E-03 1.54538416E+00 3.02457000E-03
-2.74149611E-03 1.54558347E+00 3.02780026E-03
-2.74148194E-03 1.54577678E+00 3.03134444E-03
-2.74146681E-03 1.54596687E+00 3.03505832E-03
-2.74145168E-03 1.54615715E+00 3.03876732E-03
-2.74143656E-03 1.54634762E+00 3.04247174E-03
-2.74142142E-03 1.54653828E+00 3.04617162E-03
-2.74140627E-03 1.54672912E+00 3.04986696E-03
-2.74139112E-03 1.54692016E+00 3.05355778E-03
-2.74137596E-03 1.54711138E+00 3.05724410E-03
-2.74136077E-03 1.54730278E+00 3.06092624E-03
-2.74134404E-03 1.54748908E+00 3.06488339E-03
-2.74132583E-03 1.54767051E+00 3.06910205E-03
-2.74130758E-03 1.54785211E+00 3.07331518E-03
-2.74128933E-03 1.54803389E+00 3.07752248E-03
-2.74127108E-03 1.54821585E+00 3.08172367E-03
-2.74125283E-03 1.54839800E+00 3.08591909E-03
-2.74123454E-03 1.54858032E+00 3.09010908E-03
-2.74121624E-03 1.54876281E+00 3.09429334E-03
-2.74119795E-03 1.54894550E+00 3.09847157E-03
-2.74117837E-03 1.54912419E+00 3.10287308E-03
-2.74115666E-03 1.54929615E+00 3.10764543E-03
-2.74113489E-03 1.54946828E+00 3.11241104E-03
-2.74111316E-03 1.54964059E+00 3.11716867E-03
-2.74109140E-03 1.54981307E+00 3.12191897E-03
-2.74106961E-03 1.54998571E+00 3.12666232E-03
-2.74104780E-03 1.55015853E+00 3.13139843E-03
-2.74102601E-03 1.55033152E+00 3.13612699E-03
-2.74100417E-03 1.55050468E+00 3.14084870E-03
-2.74098138E-03 1.55067516E+00 3.14572619E-03
-2.74095574E-03 1.55083693E+00 3.15110212E-03
-2.74093007E-03 1.55099886E+00 3.15646882E-03
-2.74090436E-03 1.55116094E+00 3.16182666E-03
-2.74087863E-03 1.55132319E+00 3.16717537E-03
-2.74085287E-03 1.55148559E+00 3.17251499E-03
-2.74082712E-03 1.55164817E+00 3.17784522E-03
-2.74080135E-03 1.55181091E+00 3.18316646E-03
-2.74077553E-03 1.55197380E+00 3.18847908E-03
-2.74074922E-03 1.55213551E+00 3.19386303E-03
-2.74071915E-03 1.55228642E+00 3.19989296E-03
-2.74068902E-03 1.55243747E+00 3.20591180E-03
-2.74065887E-03 1.55258866E+00 3.21191928E-03
-2.74062871E-03 1.55274002E+00 3.21791512E-03
-2.74059851E-03 1.55289153E+00 3.22389971E-03
-2.74056827E-03 1.55304319E+00 3.22987348E-03
-2.74053799E-03 1.55319499E+00 3.23583614E-03
-2.74050772E-03 1.55334696E+00 3.24178739E-03
-2.74047741E-03 1.55349908E+00 3.24772765E-03
-2.74044246E-03 1.55363888E+00 3.25444164E-03
-2.74040739E-03 1.55377850E+00 3.26116170E-03
-2.74037227E-03 1.55391827E+00 3.26786784E-03
-2.74033709E-03 1.55405816E+00 3.27456050E-03
-2.74030190E-03 1.55419821E+00 3.28123906E-03
-2.74026666E-03 1.55433840E+00 3.28790394E-03
-2.74023136E-03 1.55447872E+00 3.29455561E-03
-2.74019605E-03 1.55461919E+00 3.30119341E-03
-2.74016069E-03 1.55475980E+00 3.30781780E-03
-2.74012094E-03 1.55488953E+00 3.31516484E-03
-2.74008031E-03 1.55501730E+00 3.32263496E-03
-2.74003962E-03 1.55514519E+00 3.33008820E-03
-2.73999888E-03 1.55527322E+00 3.33752468E-03
-2.73995808E-03 1.55540138E+00 3.34494451E-03
-2.73991724E-03 1.55552966E+00 3.35234780E-03
-2.73987634E-03 1.55565808E+00 3.35973467E-03
-2.73983538E-03 1.55578662E+00 3.36710521E-03
-2.73979438E-03 1.55591530E+00 3.37445954E-03
-2.73974932E-03 1.55603473E+00 3.38246678E-03
-2.73970252E-03 1.55615038E+00 3.39073279E-03
-2.73965563E-03 1.55626615E+00 3.39897895E-03
-2.73960866E-03 1.55638202E+00 3.40720502E-03
-2.73956165E-03 1.55649803E+00 3.41541075E-03
-2.73951457E-03 1.55661415E+00 3.42359668E-03
-2.73946742E-03 1.55673039E+00 3.43176295E-03
-2.73942020E-03 1.55684675E+00 3.43990969E-03
-2.73937289E-03 1.55696322E+00 3.44803744E-03
-2.73932198E-03 1.55707222E+00 3.45672906E-03
-2.73926830E-03 1.55717566E+00 3.46583427E-03
-2.73921454E-03 1.55727920E+00 3.47491546E-03
-2.73916071E-03 1.55738285E+00 3.48397242E-03
-2.73910680E-03 1.55748661E+00 3.49300573E-03
-2.73905274E-03 1.55759046E+00 3.50201640E-03
-2.73899864E-03 1.55769443E+00 3.51100297E-03
-2.73894445E-03 1.55779850E+00 3.51996644E-03
-2.73889012E-03 1.55790267E+00 3.52890781E-03
-2.73883280E-03 1.55800124E+00 3.53830341E-03
-2.73877156E-03 1.55809256E+00 3.54828599E-03
-2.73871022E-03 1.55818398E+00 3.55823996E-03
-2.73864875E-03 1.55827548E+00 3.56816639E-03
-2.73858716E-03 1.55836708E+00 3.57806511E-03
-2.73852548E-03 1.55845878E+00 3.58793590E-03
-2.73846363E-03 1.55855056E+00 3.59778029E-03
-2.73840172E-03 1.55864245E+00 3.60759678E-03
-2.73833969E-03 1.55873444E+00 3.61738645E-03
-2.73827532E-03 1.55882266E+00 3.62750299E-03
-2.73820570E-03 1.55890214E+00 3.63839899E-03
-2.73813600E-03 1.55898171E+00 3.64926138E-03
-2.73806615E-03 1.55906136E+00 3.66009132E-03
-2.73799612E-03 1.55914109E+00 3.67088953E-03
-2.73792595E-03 1.55922091E+00 3.68165586E-03
-2.73785566E-03 1.55930081E+00 3.69239015E-03
-2.73778522E-03 1.55938080E+00 3.70309310E-03
-2.73771458E-03 1.55946085E+00 3.71376590E-03
-2.73764252E-03 1.55953895E+00 3.72461575E-03
-2.73756381E-03 1.55960709E+00 3.73645191E-03
-2.73748493E-03 1.55967530E+00 3.74825047E-03
-2.73740584E-03 1.55974357E+00 3.76001222E-03
-2.73732656E-03 1.55981192E+00 3.77173707E-03
-2.73724712E-03 1.55988034E+00 3.78342489E-03
-2.73716750E-03 1.55994884E+00 3.79507648E-03
-2.73708767E-03 1.56001740E+00 3.80669264E-03
-2.73700765E-03 1.56008602E+00 3.81827323E-03
-2.73692718E-03 1.56015433E+00 3.82986359E-03
-2.73683850E-03 1.56021177E+00 3.84265263E-03
-2.73674959E-03 1.56026927E+00 3.85539896E-03
-2.73666046E-03 1.56032683E+00 3.86810302E-03
-2.73657109E-03 1.56038446E+00 3.88076522E-03
-2.73648150E-03 1.56044214E+00 3.89338596E-03
-2.73639168E-03 1.56049988E+00 3.90596565E-03
-2.73630162E-03 1.56055768E+00 3.91850469E-03
-2.73621134E-03 1.56061555E+00 3.93100345E-03
-2.73612082E-03 1.56067347E+00 3.94346233E-03
-2.73602218E-03 1.56072202E+00 3.95708347E-03
-2.73592233E-03 1.56076955E+00 3.97078996E-03
-2.73582222E-03 1.56081715E+00 3.98444849E-03
-2.73572183E-03 1.56086479E+00 3.99806002E-03
-2.73562116E-03 1.56091249E+00 4.01162505E-03
-2.73552020E-03 1.56096024E+00 4.02514402E-03
-2.73541893E-03 1.56100803E+00 4.03861793E-03
-2.73531744E-03 1.56105588E+00 4.05204569E-03
-2.73521560E-03 1.56110377E+00 4.06542980E-03
-2.73510641E-03 1.56114443E+00 4.07983830E-03
-2.73499471E-03 1.56118290E+00 4.09451969E-03
-2.73488266E-03 1.56122142E+00 4.10914825E-03
-2.73477027E-03 1.56125997E+00 4.12372455E-03
-2.73465754E-03 1.56129857E+00 4.13824914E-03
-2.73454446E-03 1.56133720E+00 4.15272256E-03
-2.73443103E-03 1.56137588E+00 4.16714534E-03
-2.73431723E-03 1.56141459E+00 4.18151855E-03
-2.73420311E-03 1.56145335E+00 4.19584163E-03
-2.73408252E-03 1.56148682E+00 4.21102601E-03
-2.73395799E-03 1.56151724E+00 4.22668163E-03
-2.73383307E-03 1.56154769E+00 4.24227852E-03
-2.73370770E-03 1.56157817E+00 4.25781841E-03
-2.73358192E-03 1.56160868E+00 4.27330137E-03
-2.73345575E-03 1.56163924E+00 4.28872749E-03
-2.73332913E-03 1.56166982E+00 4.30409845E-03
-2.73320209E-03 1.56170043E+00 4.31941431E-03
-2.73307465E-03 1.56173108E+00 4.33467510E-03
-2.73294176E-03 1.56175811E+00 4.35061806E-03
-2.73280343E-03 1.56178152E+00 4.36723728E-03
-2.73266455E-03 1.56180494E+00 4.38379415E-03
-2.73252523E-03 1.56182841E+00 4.40028712E-03
-2.73238535E-03 1.56185188E+00 4.41671918E-03
-2.73224503E-03 1.56187540E+00 4.43308873E-03
-2.73210414E-03 1.56189892E+00 4.44939873E-03
-2.73196278E-03 1.56192248E+00 4.46564814E-03
-2.73182091E-03 1.56194606E+00 4.48183818E-03
-2.73167477E-03 1.56196742E+00 4.49851866E-03
-2.73152156E-03 1.56198489E+00 4.51608941E-03
-2.73136771E-03 1.56200235E+00 4.53359270E-03
-2.73121329E-03 1.56201985E+00 4.55102756E-03
-2.73105828E-03 1.56203736E+00 4.56839536E-03
-2.73090267E-03 1.56205490E+00 4.58569687E-03
-2.73074646E-03 1.56207245E+00 4.60293281E-03
-2.73058962E-03 1.56209002E+00 4.62010454E-03
-2.73043224E-03 1.56210762E+00 4.63721098E-03
-2.73027179E-03 1.56212406E+00 4.65460744E-03
-2.73010253E-03 1.56213662E+00 4.67311368E-03
-2.72993264E-03 1.56214920E+00 4.69154512E-03
-2.72976199E-03 1.56216178E+00 4.70990506E-03
-2.72959070E-03 1.56217440E+00 4.72819191E-03
-2.72941868E-03 1.56218701E+00 4.74640832E-03
-2.72924595E-03 1.56219965E+00 4.76455451E-03
-2.72907251E-03 1.56221229E+00 4.78263126E-03
-2.72889835E-03 1.56222495E+00 4.80063937E-03
-2.72872247E-03 1.56223725E+00 4.81872850E-03
-2.72853612E-03 1.56224594E+00 4.83814667E-03
-2.72834893E-03 1.56225464E+00 4.85748719E-03
-2.72816096E-03 1.56226336E+00 4.87674972E-03
-2.72797213E-03 1.56227207E+00 4.89593644E-03
-2.72778251E-03 1.56228081E+00 4.91504697E-03
-2.72759206E-03 1.56228955E+00 4.93408283E-03
-2.72740079E-03 1.56229831E+00 4.95304488E-03
-2.72720868E-03 1.56230707E+00 4.97193396E-03
-2.72701570E-03 1.56231584E+00 4.99075155E-03
-2.72681143E-03 1.56232175E+00 5.01099891E-03
-2.72660577E-03 1.56232755E+00 5.03122392E-03
-2.72639916E-03 1.56233335E+00 5.05136723E-03
-2.72619165E-03 1.56233918E+00 5.07142848E-03
-2.72598314E-03 1.56234499E+00 5.09141127E-03
-2.72577366E-03 1.56235081E+00 5.11131521E-03
-2.72556328E-03 1.56235666E+00 5.13113989E-03
-2.72535186E-03 1.56236250E+00 5.15088888E-03
-2.72513948E-03 1.56236834E+00 5.17056173E-03
-2.72491708E-03 1.56237251E+00 5.19145953E-03
-2.72469168E-03 1.56237632E+00 5.21254291E-03
-2.72446519E-03 1.56238013E+00 5.23354054E-03
-2.72423761E-03 1.56238395E+00 5.25445344E-03
-2.72400889E-03 1.56238777E+00 5.27528332E-03
-2.72377909E-03 1.56239160E+00 5.29602978E-03
-2.72354818E-03 1.56239543E+00 5.31669448E-03
-2.72331616E-03 1.56239927E+00 5.33727837E-03
-2.72308297E-03 1.56240310E+00 5.35778307E-03
-2.72284107E-03 1.56240612E+00 5.37930264E-03
-2.72259459E-03 1.56240879E+00 5.40121685E-03
-2.72234685E-03 1.56241146E+00 5.42304160E-03
-2.72209786E-03 1.56241413E+00 5.44477796E-03
-2.72184758E-03 1.56241680E+00 5.46642770E-03
-2.72159602E-03 1.56241947E+00 5.48799115E-03
-2.72134322E-03 1.56242215E+00 5.50946859E-03
-2.72108913E-03 1.56242484E+00 5.53086174E-03
-2.72083376E-03 1.56242753E+00 5.55217157E-03
-2.72057093E-03 1.56242998E+00 5.57428454E-03
-2.72030192E-03 1.56243226E+00 5.59700185E-03
-2.72003150E-03 1.56243455E+00 5.61962633E-03
-2.71975964E-03 1.56243684E+00 5.64215909E-03
-2.71948634E-03 1.56243913E+00 5.66460121E-03
-2.71921157E-03 1.56244142E+00 5.68695453E-03
-2.71893534E-03 1.56244371E+00 5.70921934E-03
-2.71865768E-03 1.56244601E+00 5.73139595E-03
-2.71837855E-03 1.56244831E+00 5.75348609E-03
-2.71809331E-03 1.56245073E+00 5.77616366E-03
-2.71780028E-03 1.56245332E+00 5.79965623E-03
-2.71750567E-03 1.56245593E+00 5.82305215E-03
-2.71720941E-03 1.56245853E+00 5.84635410E-03
-2.71691155E-03 1.56246114E+00 5.86956169E-03
-2.71661202E-03 1.56246374E+00 5.89267754E-03
-2.71631085E-03 1.56246635E+00 5.91570198E-03
-2.71600802E-03 1.56246896E+00 5.93863608E-03
-2.71570352E-03 1.56247157E+00 5.96148087E-03
-2.71539424E-03 1.56247445E+00 5.98469678E-03
-2.71507567E-03 1.56247799E+00 6.00893526E-03
-2.71475522E-03 1.56248151E+00 6.03307670E-03
-2.71443301E-03 1.56248506E+00 6.05711916E-03
-2.71410890E-03 1.56248859E+00 6.08106692E-03
-2.71378301E-03 1.56249215E+00 6.10491797E-03
-2.71345520E-03 1.56249568E+00 6.12867659E-03
-2.71312559E-03 1.56249925E+00 6.15234068E-03
-2.71279403E-03 1.56250279E+00 6.17591451E-03
-2.71245897E-03 1.56250658E+00 6.19964366E-03
-2.71211317E-03 1.56251161E+00 6.22460130E-03
-2.71176533E-03 1.56251665E+00 6.24945793E-03
-2.71141541E-03 1.56252168E+00 6.27421557E-03
-2.71106344E-03 1.56252672E+00 6.29887459E-03
-2.71070940E-03 1.56253176E+00 6.32343613E-03
-2.71035328E-03 1.56253681E+00 6.34790134E-03
-2.70999510E-03 1.56254187E+00 6.37227048E-03
-2.70963482E-03 1.56254694E+00 6.39654548E-03
-2.70927215E-03 1.56255204E+00 6.42076397E-03
-2.70889737E-03 1.56255906E+00 6.44641375E-03
-2.70852032E-03 1.56256609E+00 6.47196041E-03
-2.70814100E-03 1.56257313E+00 6.49740518E-03
-2.70775938E-03 1.56258017E+00 6.52274925E-03
-2.70737550E-03 1.56258723E+00 6.54799294E-03
-2.70698925E-03 1.56259428E+00 6.57313909E-03
-2.70660071E-03 1.56260135E+00 6.59818712E-03
-2.70620979E-03 1.56260842E+00 6.62313984E-03
-2.70581650E-03 1.56261550E+00 6.64799749E-03
-2.70541205E-03 1.56262469E+00 6.67413938E-03
-2.70500403E-03 1.56263416E+00 6.70034889E-03
-2.70459345E-03 1.56264364E+00 6.72645555E-03
-2.70418032E-03 1.56265312E+00 6.75245969E-03
-2.70376467E-03 1.56266262E+00 6.77836164E-03
-2.70334645E-03 1.56267214E+00 6.80416340E-03
-2.70292559E-03 1.56268165E+00 6.82986701E-03
-2.70250213E-03 1.56269117E+00 6.85547269E-03
-2.70207607E-03 1.56270071E+00 6.88098065E-03
-2.70164022E-03 1.56271233E+00 6.90755561E-03
-2.70119927E-03 1.56272463E+00 6.93440406E-03
-2.70075553E-03 1.56273694E+00 6.96114723E-03
-2.70030902E-03 1.56274927E+00 6.98778543E-03
-2.69985960E-03 1.56276159E+00 7.01432255E-03
-2.69940740E-03 1.56277395E+00 7.04075615E-03
-2.69895231E-03 1.56278631E+00 7.06709006E-03
-2.69849433E-03 1.56279869E+00 7.09332452E-03
-2.69803348E-03 1.56281109E+00 7.11945969E-03
-2.69756408E-03 1.56282538E+00 7.14644733E-03
-2.69708826E-03 1.56284085E+00 7.17390952E-03
-2.69660940E-03 1.56285636E+00 7.20126419E-03
-2.69612744E-03 1.56287188E+00 7.22851347E-03
-2.69564233E-03 1.56288740E+00 7.25565946E-03
-2.69515409E-03 1.56290294E+00 7.28270242E-03
-2.69466269E-03 1.56291850E+00 7.30964348E-03
-2.69416815E-03 1.56293409E+00 7.33648283E-03
-2.69367041E-03 1.56294969E+00 7.36322249E-03
-2.69316530E-03 1.56296691E+00 7.39060247E-03
-2.69265260E-03 1.56298589E+00 7.41865422E-03
-2.69213650E-03 1.56300487E+00 7.44659919E-03
-2.69161705E-03 1.56302389E+00 7.47443670E-03
-2.69109413E-03 1.56304292E+00 7.50216984E-03
-2.69056778E-03 1.56306196E+00 7.52979881E-03
-2.69003797E-03 1.56308103E+00 7.55732476E-03
-2.68950467E-03 1.56310012E+00 7.58474882E-03
-2.68896787E-03 1.56311923E+00 7.61207207E-03
-2.68842480E-03 1.56313962E+00 7.63982474E-03
-2.68787302E-03 1.56316234E+00 7.66844723E-03
-2.68731760E-03 1.56318509E+00 7.69696010E-03
-2.68675847E-03 1.56320787E+00 7.72536552E-03
-2.68619557E-03 1.56323066E+00 7.75366564E-03
-2.68562892E-03 1.56325348E+00 7.78186065E-03
-2.68505852E-03 1.56327633E+00 7.80995070E-03
-2.68448431E-03 1.56329921E+00 7.83793789E-03
-2.68390623E-03 1.56332210E+00 7.86582432E-03
-2.68332276E-03 1.56334584E+00 7.89393471E-03
-2.68272974E-03 1.56337255E+00 7.92310839E-03
-2.68213275E-03 1.56339929E+00 7.95217164E-03
-2.68153169E-03 1.56342605E+00 7.98112767E-03
-2.68092657E-03 1.56345285E+00 8.00997665E-03
-2.68031739E-03 1.56347968E+00 8.03871871E-03
-2.67970405E-03 1.56350653E+00 8.06735702E-03
-2.67908657E-03 1.56353341E+00 8.09589166E-03
-2.67846495E-03 1.56356033E+00 8.12432272E-03
-2.67783856E-03 1.56358760E+00 8.15277710E-03
-2.67720198E-03 1.56361847E+00 8.18248502E-03
-2.67656109E-03 1.56364940E+00 8.21208187E-03
-2.67591583E-03 1.56368035E+00 8.24156985E-03
-2.67526611E-03 1.56371133E+00 8.27095117E-03
-2.67461199E-03 1.56374236E+00 8.30022490E-03
-2.67395340E-03 1.56377341E+00 8.32939319E-03
-2.67329027E-03 1.56380450E+00 8.35845821E-03
-2.67262269E-03 1.56383563E+00 8.38741787E-03
-2.67195046E-03 1.56386678E+00 8.41627746E-03
-2.67126832E-03 1.56390181E+00 8.44642660E-03
-2.67058116E-03 1.56393708E+00 8.47654038E-03
-2.66988935E-03 1.56397241E+00 8.50654265E-03
-2.66919268E-03 1.56400776E+00 8.53643882E-03
-2.66849121E-03 1.56404314E+00 8.56622790E-03
-2.66778499E-03 1.56407859E+00 8.59590884E-03
-2.66707380E-03 1.56411405E+00 8.62548705E-03
-2.66635772E-03 1.56414955E+00 8.65496144E-03
-2.66563674E-03 1.56418511E+00 8.68433200E-03
-2.66490690E-03 1.56422407E+00 8.71478873E-03
-2.66417114E-03 1.56426386E+00 8.74540405E-03
-2.66343019E-03 1.56430366E+00 8.77591175E-03
-2.66268418E-03 1.56434354E+00 8.80630859E-03
-2.66193294E-03 1.56438344E+00 8.83659898E-03
-2.66117649E-03 1.56442339E+00 8.86678292E-03
-2.66041483E-03 1.56446340E+00 8.89686039E-03
-2.65964778E-03 1.56450343E+00 8.92683579E-03
-2.65887550E-03 1.56454352E+00 8.95670570E-03
-2.65809520E-03 1.56458652E+00 8.98746150E-03
-2.65730822E-03 1.56463091E+00 9.01857028E-03
-2.65651580E-03 1.56467535E+00 9.04956777E-03
-2.65571785E-03 1.56471985E+00 9.08045622E-03
-2.65491427E-03 1.56476439E+00 9.11123787E-03
-2.65410508E-03 1.56480897E+00 9.14191268E-03
-2.65329024E-03 1.56485361E+00 9.17248172E-03
-2.65246970E-03 1.56489830E+00 9.20294605E-03
-2.65164348E-03 1.56494304E+00 9.23330556E-03
-2.65080992E-03 1.56499016E+00 9.26435178E-03
-2.64996922E-03 1.56503926E+00 9.29594273E-03
-2.64912263E-03 1.56508841E+00 9.32742320E-03
-2.64827015E-03 1.56513763E+00 9.35879317E-03
-2.64741165E-03 1.56518690E+00 9.39005602E-03
-2.64654712E-03 1.56523622E+00 9.42121170E-03
-2.64567653E-03 1.56528560E+00 9.45226124E-03
-2.64479983E-03 1.56533503E+00 9.48320571E-03
-2.64391698E-03 1.56538452E+00 9.51404611E-03
-2.64302721E-03 1.56543583E+00 9.54537693E-03
-2.64213013E-03 1.56548971E+00 9.57744429E-03
-2.64122680E-03 1.56554366E+00 9.60939973E-03
-2.64031711E-03 1.56559767E+00 9.64124551E-03
-2.63940097E-03 1.56565173E+00 9.67298392E-03
-2.63847840E-03 1.56570585E+00 9.70461483E-03
-2.63754944E-03 1.56576006E+00 9.73613689E-03
-2.63661384E-03 1.56581431E+00 9.76755592E-03
-2.63567166E-03 1.56586862E+00 9.79887054E-03
-2.63472271E-03 1.56592419E+00 9.83048106E-03
-2.63376654E-03 1.56598290E+00 9.86302139E-03
-2.63280370E-03 1.56604169E+00 9.89544950E-03
-2.63183408E-03 1.56610054E+00 9.92776769E-03
-2.63085763E-03 1.56615947E+00 9.95997701E-03
-2.62987431E-03 1.56621846E+00 9.99207853E-03
-2.62888400E-03 1.56627750E+00 1.00240745E-02
-2.62788672E-03 1.56633662E+00 1.00559647E-02
-2.62688248E-03 1.56639581E+00 1.00877490E-02
-2.62587121E-03 1.56645569E+00 1.01196372E-02
-2.62485325E-03 1.56651928E+00 1.01526466E-02
-2.62382800E-03 1.56658292E+00 1.01855473E-02
-2.62279565E-03 1.56664666E+00 1.02183352E-02
-2.62175603E-03 1.56671047E+00 1.02510140E-02
-2.62070898E-03 1.56677433E+00 1.02835871E-02
-2.61965466E-03 1.56683829E+00 1.03160507E-02
-2.61859292E-03 1.56690232E+00 1.03484082E-02
-2.61752358E-03 1.56696640E+00 1.03806631E-02
-2.61644683E-03 1.56703062E+00 1.04128260E-02
-2.61536413E-03 1.56709909E+00 1.04463067E-02
-2.61427381E-03 1.56716764E+00 1.04796758E-02
-2.61317583E-03 1.56723627E+00 1.05129343E-02
-2.61207011E-03 1.56730498E+00 1.05460833E-02
-2.61095662E-03 1.56737377E+00 1.05791239E-02
-2.60983523E-03 1.56744263E+00 1.06120583E-02
-2.60870595E-03 1.56751156E+00 1.06448863E-02
-2.60756877E-03 1.56758059E+00 1.06776075E-02
-2.60642360E-03 1.56764970E+00 1.07102242E-02
-2.60527291E-03 1.56772254E+00 1.07439988E-02
-2.60411449E-03 1.56779598E+00 1.07778410E-02
-2.60294799E-03 1.56786952E+00 1.08115710E-02
-2.60177319E-03 1.56794312E+00 1.08451937E-02
-2.60059019E-03 1.56801682E+00 1.08787063E-02
-2.59939887E-03 1.56809060E+00 1.09121111E-02
-2.59819920E-03 1.56816447E+00 1.09454090E-02
-2.59699109E-03 1.56823843E+00 1.09786010E-02
-2.59577449E-03 1.56831247E+00 1.10116882E-02
-2.59455250E-03 1.56838965E+00 1.10457442E-02
-2.59332293E-03 1.56846797E+00 1.10800653E-02
-2.59208481E-03 1.56854639E+00 1.11142737E-02
-2.59083801E-03 1.56862490E+00 1.11483719E-02
-2.58958249E-03 1.56870350E+00 1.11823608E-02
-2.58831816E-03 1.56878219E+00 1.12162415E-02
-2.58704492E-03 1.56886097E+00 1.12500162E-02
-2.58576288E-03 1.56893986E+00 1.12836819E-02
-2.58447173E-03 1.56901882E+00 1.13172450E-02
-2.58317491E-03 1.56910033E+00 1.13570363E-02
-2.58187124E-03 1.56918352E+00 1.14007540E-02
-2.58055847E-03 1.56926681E+00 1.14442946E-02
-2.57923653E-03 1.56935020E+00 1.14876602E-02
-2.57790530E-03 1.56943367E+00 1.15308541E-02
-2.57656478E-03 1.56951725E+00 1.15738769E-02
-2.57521497E-03 1.56960093E+00 1.16167290E-02
-2.57385573E-03 1.56968471E+00 1.16594138E-02
-2.57248693E-03 1.56976859E+00 1.17019344E-02
-2.57077327E-03 1.56980788E+00 1.17502315E-02
-2.56866938E-03 1.56979730E+00 1.18050124E-02
-2.56654568E-03 1.56978649E+00 1.18596793E-02
-2.56440195E-03 1.56977546E+00 1.19142353E-02
-2.56223794E-03 1.56976418E+00 1.19686836E-02
-2.56005364E-03 1.56975267E+00 1.20230229E-02
-2.55784889E-03 1.56974094E+00 1.20772549E-02
-2.55538327E-03 1.56972939E+00 1.21314104E-02
-2.55190604E-03 1.56971960E+00 1.21856532E-02
-2.54980013E-03 1.56978177E+00 1.22233805E-02
-2.55041141E-03 1.56998401E+00 1.22286012E-02
-2.55019981E-03 1.57018788E+00 1.22340610E-02
-2.54947071E-03 1.57039257E+00 1.22400703E-02
-2.54873532E-03 1.57059713E+00 1.22463481E-02
-2.54799362E-03 1.57080155E+00 1.22528935E-02
-2.54724555E-03 1.57100583E+00 1.22597058E-02
-2.54649115E-03 1.57120999E+00 1.22667827E-02
-2.54573038E-03 1.57141403E+00 1.22741235E-02
-2.54480517E-03 1.57159602E+00 1.22873658E-02
-2.54325885E-03 1.57169312E+00 1.23225011E-02
-2.54170175E-03 1.57179030E+00 1.23575304E-02
-2.54013401E-03 1.57188757E+00 1.23924506E-02
-2.53855549E-03 1.57198494E+00 1.24272639E-02
-2.53696602E-03 1.57208239E+00 1.24619726E-02
-2.53536562E-03 1.57217993E+00 1.24965762E-02
-2.53375428E-03 1.57227758E+00 1.25310742E-02
-2.53213177E-03 1.57237531E+00 1.25654702E-02
-2.53049883E-03 1.57247339E+00 1.25999509E-02
-2.52886463E-03 1.57257512E+00 1.26367642E-02
-2.52721910E-03 1.57267696E+00 1.26734477E-02
-2.52556239E-03 1.57277894E+00 1.27099982E-02
-2.52389434E-03 1.57288105E+00 1.27464184E-02
-2.52221480E-03 1.57298329E+00 1.27827108E-02
-2.52052393E-03 1.57308569E+00 1.28188720E-02
-2.51882133E-03 1.57318820E+00 1.28549092E-02
-2.51710708E-03 1.57329084E+00 1.28908205E-02
-2.51538118E-03 1.57339363E+00 1.29266052E-02
-2.51365508E-03 1.57350001E+00 1.29639546E-02
-2.51191800E-03 1.57360676E+00 1.30012974E-02
-2.51016928E-03 1.57371368E+00 1.30385165E-02
-2.50840850E-03 1.57382073E+00 1.30756193E-02
-2.50663576E-03 1.57392793E+00 1.31126036E-02
-2.50485097E-03 1.57403527E+00 1.31494705E-02
-2.50305413E-03 1.57414278E+00 1.31862191E-02
-2.50124507E-03 1.57425043E+00 1.32228522E-02
-2.49942363E-03 1.57435822E+00 1.32593724E-02
-2.49760121E-03 1.57446863E+00 1.32971100E-02
-2.49576929E-03 1.57457979E+00 1.33350660E-02
-2.49392510E-03 1.57469112E+00 1.33729122E-02
-2.49206846E-03 1.57480261E+00 1.34106512E-02
-2.49019930E-03 1.57491425E+00 1.34482839E-02
-2.48831743E-03 1.57502603E+00 1.34858129E-02
-2.48642286E-03 1.57513798E+00 1.35232373E-02
-2.48451559E-03 1.57525009E+00 1.35605563E-02
-2.48259536E-03 1.57536234E+00 1.35977742E-02
-2.48067257E-03 1.57547691E+00 1.36360057E-02
-2.47874197E-03 1.57559268E+00 1.36746932E-02
-2.47679843E-03 1.57570858E+00 1.37132824E-02
-2.47484187E-03 1.57582461E+00 1.37517742E-02
-2.47287220E-03 1.57594078E+00 1.37901696E-02
-2.47088932E-03 1.57605709E+00 1.38284691E-02
-2.46889315E-03 1.57617353E+00 1.38666737E-02
-2.46688361E-03 1.57629010E+00 1.39047841E-02
-2.46486059E-03 1.57640681E+00 1.39428011E-02
-2.46283286E-03 1.57652500E+00 1.39814449E-02
-2.46079942E-03 1.57664449E+00 1.40206035E-02
-2.45875244E-03 1.57676410E+00 1.40596451E-02
-2.45669175E-03 1.57688383E+00 1.40985722E-02
-2.45461754E-03 1.57700370E+00 1.41373810E-02
-2.45252933E-03 1.57712368E+00 1.41760787E-02
-2.45042732E-03 1.57724379E+00 1.42146615E-02
-2.44831132E-03 1.57736403E+00 1.42531321E-02
-2.44618113E-03 1.57748438E+00 1.42914927E-02
-2.44404387E-03 1.57760643E+00 1.43302214E-02
-2.44190309E-03 1.57773096E+00 1.43695442E-02
-2.43974797E-03 1.57785562E+00 1.44087391E-02
-2.43757873E-03 1.57798044E+00 1.44478022E-02
-2.43539516E-03 1.57810542E+00 1.44867363E-02
-2.43319708E-03 1.57823055E+00 1.45255441E-02
-2.43098458E-03 1.57835584E+00 1.45642232E-02
-2.42875747E-03 1.57848128E+00 1.46027762E-02
-2.42651554E-03 1.57860687E+00 1.46412060E-02
-2.42426407E-03 1.57873341E+00 1.46801546E-02
-2.42201196E-03 1.57886226E+00 1.47207569E-02
-2.41974511E-03 1.57899127E+00 1.47612276E-02
-2.41746340E-03 1.57912046E+00 1.48015678E-02
-2.41516675E-03 1.57924982E+00 1.48417786E-02
-2.41285506E-03 1.57937935E+00 1.48818609E-02
-2.41052823E-03 1.57950905E+00 1.49218160E-02
-2.40818615E-03 1.57963892E+00 1.49616446E-02
-2.40582873E-03 1.57976897E+00 1.50013480E-02
-2.40345866E-03 1.57989947E+00 1.50411385E-02
-2.40109140E-03 1.58003196E+00 1.50822047E-02
-2.39870898E-03 1.58016466E+00 1.51231427E-02
-2.39631087E-03 1.58029753E+00 1.51639608E-02
-2.39389740E-03 1.58043060E+00 1.52046525E-02
-2.39146803E-03 1.58056383E+00 1.52452264E-02
-2.38902298E-03 1.58069726E+00 1.52856777E-02
-2.38656205E-03 1.58083087E+00 1.53260093E-02
-2.38408502E-03 1.58096466E+00 1.53662241E-02
-2.38159189E-03 1.58109863E+00 1.54063210E-02
-2.37910543E-03 1.58123607E+00 1.54477249E-02
-2.37660278E-03 1.58137368E+00 1.54890217E-02
-2.37408411E-03 1.58151149E+00 1.55302028E-02
-2.37154921E-03 1.58164947E+00 1.55712711E-02
-2.36899785E-03 1.58178762E+00 1.56122292E-02
-2.36643017E-03 1.58192597E+00 1.56530743E-02
-2.36384582E-03 1.58206449E+00 1.56938111E-02
-2.36124492E-03 1.58220321E+00 1.57344365E-02
-2.35862714E-03 1.58234209E+00 1.57749553E-02
-2.35601321E-03 1.58248318E+00 1.58169881E-02
-2.35338612E-03 1.58262479E+00 1.58591529E-02
-2.35074212E-03 1.58276657E+00 1.59011986E-02
-2.34808122E-03 1.58290853E+00 1.59431243E-02
-2.34540318E-03 1.58305065E+00 1.59849327E-02
-2.34270814E-03 1.58319297E+00 1.60266212E-02
-2.33999586E-03 1.58333547E+00 1.60681925E-02
-2.33726624E-03 1.58347814E+00 1.61096474E-02
-2.33451891E-03 1.58362098E+00 1.61509907E-02
-2.33177350E-03 1.58376604E+00 1.61933814E-02
-2.32901792E-03 1.58391204E+00 1.62360788E-02
-2.32624465E-03 1.58405821E+00 1.62786537E-02
-2.32337314E-03 1.58420463E+00 1.63210978E-02
-2.32047445E-03 1.58435124E+00 1.63634184E-02
-2.31755798E-03 1.58449804E+00 1.64056161E-02
-2.31462364E-03 1.58464503E+00 1.64476938E-02
-2.31167132E-03 1.58479223E+00 1.64896485E-02
-2.30870091E-03 1.58493963E+00 1.65314832E-02
-2.30572578E-03 1.58508861E+00 1.65744983E-02
-2.30274175E-03 1.58523875E+00 1.66182686E-02
-2.29973959E-03 1.58538909E+00 1.66619062E-02
-2.29671920E-03 1.58553962E+00 1.67054178E-02
-2.29368048E-03 1.58569037E+00 1.67487967E-02
-2.29062331E-03 1.58584130E+00 1.67920517E-02
-2.28754762E-03 1.58599245E+00 1.68351759E-02
-2.28445326E-03 1.58614379E+00 1.68781763E-02
-2.28134016E-03 1.58629534E+00 1.69210517E-02
-2.27821856E-03 1.58644803E+00 1.69645724E-02
-2.27509033E-03 1.58660201E+00 1.70088668E-02
-2.27194330E-03 1.58675620E+00 1.70530349E-02
-2.26877739E-03 1.58691060E+00 1.70970735E-02
-2.26559248E-03 1.58706521E+00 1.71409858E-02
-2.26238844E-03 1.58722001E+00 1.71847766E-02
-2.25916521E-03 1.58737504E+00 1.72284390E-02
-2.25592263E-03 1.58753026E+00 1.72719818E-02
-2.25266061E-03 1.58768569E+00 1.73154020E-02
-2.24938700E-03 1.58784219E+00 1.73592994E-02
-2.24611026E-03 1.58800061E+00 1.74043181E-02
-2.24281405E-03 1.58815924E+00 1.74492126E-02
-2.23949824E-03 1.58831807E+00 1.74939839E-02
-2.23616274E-03 1.58847711E+00 1.75386330E-02
-2.23280742E-03 1.58863636E+00 1.75831607E-02
-2.22943219E-03 1.58879582E+00 1.76275680E-02
-2.22603692E-03 1.58895549E+00 1.76718559E-02
-2.22262150E-03 1.58911535E+00 1.77160271E-02
-2.21919065E-03 1.58927574E+00 1.77605382E-02
-2.21575999E-03 1.58943768E+00 1.78068342E-02
-2.21230914E-03 1.58959982E+00 1.78529873E-02
-2.20883798E-03 1.58976217E+00 1.78989988E-02
-2.20534640E-03 1.58992473E+00 1.79448697E-02
-2.20183430E-03 1.59008749E+00 1.79906010E-02
-2.19830155E-03 1.59025046E+00 1.80361938E-02
-2.19474802E-03 1.59041362E+00 1.80816513E-02
-2.19117364E-03 1.59057700E+00 1.81269703E-02
-2.18757979E-03 1.59074071E+00 1.81722561E-02
-2.18398927E-03 1.59090647E+00 1.82190683E-02
-2.18037788E-03 1.59107248E+00 1.82657243E-02
-2.17674547E-03 1.59123871E+00 1.83122274E-02
-2.17309189E-03 1.59140517E+00 1.83585809E-02
-2.16941709E-03 1.59157187E+00 1.84047817E-02
-2.16572089E-03 1.59173880E+00 1.84508352E-02
-2.16200325E-03 1.59190597E+00 1.84967381E-02
-2.15826397E-03 1.59207337E+00 1.85424961E-02
-2.15450293E-03 1.59224099E+00 1.85881101E-02
-2.15074548E-03 1.59241075E+00 1.86350703E-02
-2.14696841E-03 1.59258088E+00 1.86820224E-02
-2.14316958E-03 1.59275127E+00 1.87288419E-02
-2.13934892E-03 1.59292190E+00 1.87755274E-02
-2.13550619E-03 1.59309276E+00 1.88220868E-02
-2.13164139E-03 1.59326387E+00 1.88685141E-02
-2.12775435E-03 1.59343522E+00 1.89148126E-02
-2.12384492E-03 1.59360681E+00 1.89609856E-02
-2.11991302E-03 1.59377864E+00 1.90070316E-02
-2.11598172E-03 1.59395264E+00 1.90544669E-02
-2.11203422E-03 1.59412741E+00 1.91021718E-02
-2.10806411E-03 1.59430238E+00 1.91497512E-02
-2.10407140E-03 1.59447759E+00 1.91971993E-02
-2.10005593E-03 1.59465304E+00 1.92445194E-02
-2.09601758E-03 1.59482872E+00 1.92917123E-02
-2.09195622E-03 1.59500464E+00 1.93387790E-02
-2.08787173E-03 1.59518079E+00 1.93857204E-02
-2.08376399E-03 1.59535717E+00 1.94325374E-02
-2.07965210E-03 1.59553504E+00 1.94810679E-02
-2.07552711E-03 1.59571380E+00 1.95304173E-02
-2.07137876E-03 1.59589279E+00 1.95796195E-02
-2.06720705E-03 1.59607203E+00 1.96286713E-02
-2.06301181E-03 1.59625151E+00 1.96775759E-02
-2.05879283E-03 1.59643122E+00 1.97263368E-02
-2.05455007E-03 1.59661117E+00 1.97749527E-02
-2.05028338E-03 1.59679137E+00 1.98234248E-02
-2.04599265E-03 1.59697181E+00 1.98717540E-02
-2.04169325E-03 1.59715301E+00 1.99210438E-02
-2.03738410E-03 1.59733494E+00 1.99711844E-02
-2.03305086E-03 1.59751713E+00 2.00211621E-02
-2.02869334E-03 1.59769955E+00 2.00709803E-02
-2.02431134E-03 1.59788220E+00 2.01206426E-02
-2.01990501E-03 1.59806512E+00 2.01701408E-02
-2.01547393E-03 1.59824827E+00 2.02194855E-02
-2.01101813E-03 1.59843167E+00 2.02686732E-02
-2.00653746E-03 1.59861533E+00 2.03177049E-02
-2.00204383E-03 1.59880012E+00 2.03672489E-02
-1.99754438E-03 1.59898658E+00 2.04176838E-02
-1.99302003E-03 1.59917332E+00 2.04679524E-02
-1.98847048E-03 1.59936031E+00 2.05180608E-02
-1.98389593E-03 1.59954760E+00 2.05680003E-02
-1.97929592E-03 1.59973514E+00 2.06177819E-02
-1.97467056E-03 1.59992298E+00 2.06673996E-02
-1.97001964E-03 1.60011109E+00 2.07168568E-02
-1.96534294E-03 1.60029947E+00 2.07661572E-02
-1.96064861E-03 1.60048851E+00 2.08160058E-02
-1.95595298E-03 1.60067898E+00 2.08677819E-02
-1.95123162E-03 1.60086973E+00 2.09194126E-02
-1.94648439E-03 1.60106077E+00 2.09708992E-02
-1.94171108E-03 1.60125207E+00 2.10222450E-02
-1.93691172E-03 1.60144368E+00 2.10734462E-02
-1.93208609E-03 1.60163557E+00 2.11245063E-02
-1.92723407E-03 1.60182775E+00 2.11754262E-02
-1.92235541E-03 1.60202020E+00 2.12262096E-02
-1.91745428E-03 1.60221308E+00 2.12771185E-02
-1.91255807E-03 1.60240734E+00 2.13298305E-02
-1.90763531E-03 1.60260186E+00 2.13824030E-02
-1.90268568E-03 1.60279663E+00 2.14348422E-02
-1.89770932E-03 1.60299167E+00 2.14871415E-02
-1.89270600E-03 1.60318697E+00 2.15393045E-02
-1.88767550E-03 1.60338253E+00 2.15913345E-02
-1.88261776E-03 1.60357835E+00 2.16432301E-02
-1.87753266E-03 1.60377445E+00 2.16949923E-02
-1.87242004E-03 1.60397080E+00 2.17466219E-02
-1.86731347E-03 1.60416908E+00 2.18004179E-02
-1.86217979E-03 1.60436762E+00 2.18540938E-02
-1.85701855E-03 1.60456644E+00 2.19076102E-02
-1.85182970E-03 1.60476553E+00 2.19609656E-02
-1.84661301E-03 1.60496489E+00 2.20141639E-02
-1.84136812E-03 1.60516449E+00 2.20672111E-02
-1.83609531E-03 1.60536439E+00 2.21200983E-02
-1.83079402E-03 1.60556454E+00 2.21728366E-02
-1.82546442E-03 1.60576497E+00 2.22254197E-02
-1.82013491E-03 1.60596649E+00 2.22793068E-02
-1.81478201E-03 1.60616843E+00 2.23332737E-02
-1.80940074E-03 1.60637066E+00 2.23870604E-02
-1.80399070E-03 1.60657315E+00 2.24406734E-02
-1.79855189E-03 1.60677592E+00 2.24941114E-02
-1.79308414E-03 1.60697896E+00 2.25473756E-02
-1.78758733E-03 1.60718228E+00 2.26004672E-02
-1.78206130E-03 1.60738588E+00 2.26533875E-02
-1.77650591E-03 1.60758975E+00 2.27061376E-02
-1.77094813E-03 1.60779603E+00 2.27598990E-02
-1.76537182E-03 1.60800345E+00 2.28139389E-02
-1.75969304E-03 1.60821123E+00 2.28678230E-02
-1.75387321E-03 1.60841941E+00 2.29215796E-02
-1.74802367E-03 1.60862788E+00 2.29751750E-02
-1.74214427E-03 1.60883665E+00 2.30286104E-02
-1.73623489E-03 1.60904571E+00 2.30818843E-02
-1.73029540E-03 1.60925510E+00 2.31349950E-02
-1.72432567E-03 1.60946478E+00 2.31879491E-02
-1.71834302E-03 1.60967565E+00 2.32429996E-02
-1.71234264E-03 1.60988750E+00 2.32994921E-02
-1.70631193E-03 1.61009964E+00 2.33558114E-02
-1.70025076E-03 1.61031210E+00 2.34119561E-02
-1.69415900E-03 1.61052485E+00 2.34679302E-02
-1.68803652E-03 1.61073793E+00 2.35237293E-02
-1.68188318E-03 1.61095131E+00 2.35793602E-02
-1.67569886E-03 1.61116500E+00 2.36348214E-02
-1.66948341E-03 1.61137900E+00 2.36901169E-02
-1.66325025E-03 1.61159367E+00 2.37464833E-02
-1.65700265E-03 1.61180909E+00 2.38041957E-02
-1.65072382E-03 1.61202481E+00 2.38617314E-02
-1.64441367E-03 1.61224085E+00 2.39190861E-02
-1.63807206E-03 1.61245720E+00 2.39762611E-02
-1.63169880E-03 1.61267383E+00 2.40332662E-02
-1.62529388E-03 1.61289080E+00 2.40900885E-02
-1.61885704E-03 1.61310807E+00 2.41467406E-02
-1.61238819E-03 1.61332565E+00 2.42032209E-02
-1.60589690E-03 1.61354400E+00 2.42602784E-02
-1.59939472E-03 1.61376366E+00 2.43187941E-02
-1.59286042E-03 1.61398364E+00 2.43771213E-02
-1.58629390E-03 1.61420394E+00 2.44352583E-02
-1.57969498E-03 1.61442456E+00 2.44932094E-02
-1.57306354E-03 1.61464550E+00 2.45509759E-02
-1.56639946E-03 1.61486676E+00 2.46085564E-02
-1.55970259E-03 1.61508834E+00 2.46659549E-02
-1.55297281E-03 1.61531025E+00 2.47231700E-02
-1.54621559E-03 1.61553265E+00 2.47806200E-02
-1.53945104E-03 1.61575621E+00 2.48397811E-02
-1.53265359E-03 1.61598012E+00 2.48987500E-02
-1.52582290E-03 1.61620435E+00 2.49575400E-02
-1.51895894E-03 1.61642892E+00 2.50161465E-02
-1.51206162E-03 1.61665384E+00 2.50745677E-02
-1.50513071E-03 1.61687909E+00 2.51328108E-02
-1.49816605E-03 1.61710467E+00 2.51908772E-02
-1.49116764E-03 1.61733061E+00 2.52487620E-02
-1.48413665E-03 1.61755696E+00 2.53065807E-02
-1.47710267E-03 1.61778559E+00 2.53664631E-02
-1.47003465E-03 1.61801453E+00 2.54261713E-02
-1.46293263E-03 1.61824381E+00 2.54856978E-02
-1.45579634E-03 1.61847342E+00 2.55450497E-02
-1.44862572E-03 1.61870337E+00 2.56042252E-02
-1.44142055E-03 1.61893365E+00 2.56632286E-02
-1.43418083E-03 1.61916427E+00 2.57220551E-02
-1.42690622E-03 1.61939521E+00 2.57807148E-02
-1.41959686E-03 1.61962652E+00 2.58391969E-02
-1.41228233E-03 1.61985923E+00 2.59000880E-02
-1.40493577E-03 1.62009239E+00 2.59610243E-02
-1.39755428E-03 1.62032589E+00 2.60217494E-02
-1.39013757E-03 1.62055973E+00 2.60822710E-02
-1.38268549E-03 1.62079389E+00 2.61425905E-02
-1.37519807E-03 1.62102841E+00 2.62027031E-02
-1.36767500E-03 1.62126326E+00 2.62626164E-02
-1.36011622E-03 1.62149846E+00 2.63223288E-02
-1.35252150E-03 1.62173399E+00 2.63818446E-02
-1.34491737E-03 1.62197138E+00 2.64428627E-02
-1.33728495E-03 1.62220956E+00 2.65041509E-02
-1.32961657E-03 1.62244811E+00 2.65652176E-02
-1.32191201E-03 1.62268703E+00 2.66260675E-02
-1.31417131E-03 1.62292633E+00 2.66866956E-02
-1.30639413E-03 1.62316600E+00 2.67471100E-02
-1.29858033E-03 1.62340603E+00 2.68073120E-02
-1.29072997E-03 1.62364644E+00 2.68672967E-02
-1.28284259E-03 1.62388721E+00 2.69270753E-02
-1.27494125E-03 1.62412953E+00 2.69887393E-02
-1.26701585E-03 1.62437288E+00 2.70513564E-02
-1.25905343E-03 1.62461661E+00 2.71137661E-02
-1.25105386E-03 1.62486070E+00 2.71759699E-02
-1.24301721E-03 1.62510520E+00 2.72379627E-02
-1.23494298E-03 1.62535006E+00 2.72997558E-02
-1.22683128E-03 1.62559531E+00 2.73613439E-02
-1.21868195E-03 1.62584095E+00 2.74227286E-02
-1.21049486E-03 1.62608698E+00 2.74839110E-02
-1.20228858E-03 1.62633404E+00 2.75464716E-02
-1.19406253E-03 1.62658209E+00 2.76103514E-02
-1.18568061E-03 1.62683072E+00 2.76741131E-02
-1.17710109E-03 1.62707994E+00 2.77377894E-02
-1.16848341E-03 1.62732953E+00 2.78012479E-02
-1.15982745E-03 1.62757948E+00 2.78644968E-02
-1.15113308E-03 1.62782979E+00 2.79275308E-02
-1.14240018E-03 1.62808046E+00 2.79903582E-02
-1.13362863E-03 1.62833150E+00 2.80529738E-02
-1.12482778E-03 1.62858351E+00 2.81165509E-02
-1.11600402E-03 1.62883691E+00 2.81818551E-02
-1.10714148E-03 1.62909069E+00 2.82469214E-02
-1.09824006E-03 1.62934487E+00 2.83117480E-02
-1.08929962E-03 1.62959943E+00 2.83763401E-02
-1.08032002E-03 1.62985436E+00 2.84407026E-02
-1.07130119E-03 1.63010971E+00 2.85048270E-02
-1.06224295E-03 1.63036543E+00 2.85687251E-02
-1.05314525E-03 1.63062156E+00 2.86323882E-02
-1.04401397E-03 1.63087831E+00 2.86965160E-02
-1.03486234E-03 1.63113622E+00 2.87625837E-02
-1.02567108E-03 1.63139453E+00 2.88284283E-02
-1.01644004E-03 1.63165323E+00 2.88940549E-02
-1.00716920E-03 1.63191236E+00 2.89594544E-02
-9.97858374E-04 1.63217190E+00 2.90246354E-02
-9.88507437E-04 1.63243184E+00 2.90895994E-02
-9.79116309E-04 1.63269219E+00 2.91543444E-02
-9.69684830E-04 1.63295296E+00 2.92188753E-02
-9.60215537E-04 1.63321435E+00 2.92834396E-02
-9.50727918E-04 1.63347791E+00 2.93498747E-02
-9.41199751E-04 1.63374187E+00 2.94160931E-02
-9.31630913E-04 1.63400623E+00 2.94820964E-02
-9.22021282E-04 1.63427098E+00 2.95478861E-02
-9.12370734E-04 1.63453614E+00 2.96134636E-02
-9.02679146E-04 1.63480169E+00 2.96788303E-02
-8.92946330E-04 1.63506763E+00 2.97439913E-02
-8.83172289E-04 1.63533399E+00 2.98089408E-02
-8.73356837E-04 1.63560075E+00 2.98736838E-02
-8.63525655E-04 1.63586965E+00 2.99414595E-02
-8.53653856E-04 1.63613903E+00 3.00090725E-02
-8.43740425E-04 1.63640880E+00 3.00764385E-02
-8.33785393E-04 1.63667901E+00 3.01435520E-02
-8.23788395E-04 1.63694960E+00 3.02104256E-02
-8.13749549E-04 1.63722061E+00 3.02770501E-02
-8.03668565E-04 1.63749203E+00 3.03434344E-02
-7.93545489E-04 1.63776388E+00 3.04095729E-02
-7.83379931E-04 1.63803612E+00 3.04754783E-02
-7.73196818E-04 1.63831021E+00 3.05435271E-02
-7.62976050E-04 1.63858498E+00 3.06117876E-02
-7.52713016E-04 1.63886021E+00 3.06797871E-02
-7.42407603E-04 1.63913589E+00 3.07475272E-02
-7.32059486E-04 1.63941200E+00 3.08150172E-02
-7.21668644E-04 1.63968856E+00 3.08822552E-02
-7.11235065E-04 1.63996557E+00 3.09492389E-02
-7.00758522E-04 1.64024302E+00 3.10159739E-02
-6.90238778E-04 1.64052091E+00 3.10824656E-02
-6.79695832E-04 1.64080073E+00 3.11510999E-02
-6.69118260E-04 1.64108165E+00 3.12204887E-02
-6.58497338E-04 1.64136299E+00 3.12896342E-02
-6.47833064E-04 1.64164479E+00 3.13585343E-02
-6.37125446E-04 1.64192706E+00 3.14271867E-02
-6.26374106E-04 1.64220976E+00 3.14956009E-02
-6.15489461E-04 1.64249302E+00 3.15638588E-02
-6.04289176E-04 1.64277711E+00 3.16321170E-02
-5.93045037E-04 1.64306162E+00 3.17001527E-02
-5.81763967E-04 1.64334723E+00 3.17702116E-02
-5.70444269E-04 1.64363376E+00 3.18416834E-02
-5.59080580E-04 1.64392073E+00 3.19128483E-02
-5.47672816E-04 1.64420813E+00 3.19837083E-02
-5.36220890E-04 1.64449598E+00 3.20542655E-02
-5.24724702E-04 1.64478424E+00 3.21245260E-02
-5.13184177E-04 1.64507295E+00 3.21944879E-02
-5.01599208E-04 1.64536208E+00 3.22641571E-02
-4.89969773E-04 1.64565169E+00 3.23335238E-02
-4.78302282E-04 1.64594252E+00 3.24036698E-02
-4.66598827E-04 1.64623496E+00 3.24748629E-02
-4.54850699E-04 1.64652790E+00 3.25457330E-02
-4.43057876E-04 1.64682138E+00 3.26162744E-02
-4.31220286E-04 1.64711538E+00 3.26864891E-02
-4.19337814E-04 1.64740990E+00 3.27563834E-02
-4.07410380E-04 1.64770495E+00 3.28259593E-02
-3.95437902E-04 1.64800051E+00 3.28952191E-02
-3.83420399E-04 1.64829663E+00 3.29641563E-02
-3.71362052E-04 1.64859394E+00 3.30336455E-02
-3.59268870E-04 1.64889341E+00 3.31048787E-02
-3.47130454E-04 1.64919338E+00 3.31759119E-02
-3.34946842E-04 1.64949389E+00 3.32467381E-02
-3.22717965E-04 1.64979493E+00 3.33173584E-02
-3.10443619E-04 1.65009649E+00 3.33877828E-02
-2.98123934E-04 1.65039859E+00 3.34579997E-02
-2.85758703E-04 1.65070123E+00 3.35280188E-02
-2.73347850E-04 1.65100439E+00 3.35978415E-02
-2.60893878E-04 1.65130846E+00 3.36679700E-02
-2.48406309E-04 1.65161476E+00 3.37404387E-02
-2.35873192E-04 1.65192152E+00 3.38126972E-02
-2.23294458E-04 1.65222872E+00 3.38847468E-02
-2.10670037E-04 1.65253638E+00 3.39565888E-02
-1.97999859E-04 1.65284449E+00 3.40282247E-02
-1.85283754E-04 1.65315303E+00 3.40996599E-02
-1.72521644E-04 1.65346202E+00 3.41708958E-02
-1.59713664E-04 1.65377148E+00 3.42419251E-02
-1.46860078E-04 1.65408146E+00 3.43128694E-02
-1.33977453E-04 1.65439432E+00 3.43867968E-02
-1.21048360E-04 1.65470764E+00 3.44604014E-02
-1.08072830E-04 1.65502143E+00 3.45336813E-02
-9.50507831E-05 1.65533569E+00 3.46066388E-02
-8.19820159E-05 1.65565042E+00 3.46792804E-02
-6.88667000E-05 1.65596562E+00 3.47515996E-02
-5.57046343E-05 1.65628131E+00 3.48236028E-02
-4.22275728E-05 1.65659797E+00 3.48953504E-02
-2.85211237E-05 1.65691548E+00 3.49668431E-02
-1.47660206E-05 1.65723502E+00 3.50414911E-02
-9.63848264E-07 1.65755525E+00 3.51162270E-02
 1.28852031E-05 1.65787603E+00 3.51906575E-02
 2.67811462E-05 1.65819734E+00 3.52647843E-02
 4.07240061E-05 1.65851919E+00 3.53386139E-02
 5.47138040E-05 1.65884157E+00 3.54121482E-02
 6.87505403E-05 1.65916450E+00 3.54853846E-02
 8.28342234E-05 1.65948798E+00 3.55583249E-02
 9.69649166E-05 1.65981199E+00 3.56309799E-02
 1.11143836E-04 1.66013853E+00 3.57057622E-02
 1.25370220E-04 1.66046619E+00 3.57809956E-02
 1.39643623E-04 1.66079439E+00 3.58559226E-02
 1.53964060E-04 1.66112312E+00 3.59305449E-02
 1.68331633E-04 1.66145237E+00 3.60048738E-02
 1.82746330E-04 1.66178214E+00 3.60789065E-02
 1.97208173E-04 1.66211244E+00 3.61526451E-02
 2.11717070E-04 1.66244330E+00 3.62260824E-02
 2.26273262E-04 1.66277466E+00 3.62992384E-02
 2.40876964E-04 1.66310801E+00 3.63743484E-02
 2.55528311E-04 1.66344268E+00 3.64504548E-02
 2.70226834E-04 1.66377792E+00 3.65262106E-02
 2.84972768E-04 1.66411368E+00 3.66016322E-02
 2.99765913E-04 1.66444999E+00 3.66767079E-02
 3.14606524E-04 1.66478683E+00 3.67514539E-02
 3.29494465E-04 1.66512421E+00 3.68258632E-02
 3.44429751E-04 1.66546215E+00 3.68999380E-02
 3.59412587E-04 1.66580061E+00 3.69736899E-02
 3.74441518E-04 1.66614094E+00 3.70484751E-02
 3.89516421E-04 1.66648320E+00 3.71243041E-02
 4.04638888E-04 1.66682602E+00 3.71998040E-02
 4.19808620E-04 1.66716945E+00 3.72749626E-02
 4.35025845E-04 1.66751345E+00 3.73497916E-02
 4.50290582E-04 1.66785803E+00 3.74242934E-02
 4.65602728E-04 1.66820321E+00 3.74984652E-02
 4.80962290E-04 1.66854898E+00 3.75723092E-02
 4.96369406E-04 1.66889534E+00 3.76458322E-02
 5.11822631E-04 1.66924340E+00 3.77204805E-02
 5.27777094E-04 1.66959473E+00 3.77977608E-02
 5.43881450E-04 1.66994682E+00 3.78747659E-02
 5.60033138E-04 1.67029948E+00 3.79514130E-02
 5.76232110E-04 1.67065274E+00 3.80276949E-02
 5.92478323E-04 1.67100658E+00 3.81036235E-02
 6.08771713E-04 1.67136102E+00 3.81791914E-02
 6.25112232E-04 1.67171605E+00 3.82544057E-02
 6.41499826E-04 1.67207167E+00 3.83292687E-02
 6.57939309E-04 1.67242840E+00 3.84045780E-02
 6.74442334E-04 1.67278749E+00 3.84822196E-02
 6.90992399E-04 1.67314721E+00 3.85594903E-02
 7.07589443E-04 1.67350754E+00 3.86363927E-02
 7.24233407E-04 1.67386850E+00 3.87129291E-02
 7.40924276E-04 1.67423006E+00 3.87891069E-02
 7.57661949E-04 1.67459225E+00 3.88649233E-02
 7.74446359E-04 1.67495506E+00 3.89403807E-02
 7.91277443E-04 1.67531850E+00 3.90154812E-02
 8.08156869E-04 1.67568289E+00 3.90905144E-02
 8.25099086E-04 1.67605114E+00 3.91679259E-02
 8.42087889E-04 1.67642001E+00 3.92449830E-02
 8.59123139E-04 1.67678952E+00 3.93216828E-02
 8.76204763E-04 1.67715968E+00 3.93980276E-02
 8.93332860E-04 1.67753045E+00 3.94740298E-02
 9.10507290E-04 1.67790186E+00 3.95496867E-02
 9.27727891E-04 1.67827391E+00 3.96249951E-02
 9.44994687E-04 1.67864660E+00 3.96999625E-02
 9.62307612E-04 1.67901992E+00 3.97745911E-02
 9.79682468E-04 1.67939657E+00 3.98529107E-02
 9.97103951E-04 1.67977397E+00 3.99310475E-02
 1.01457147E-03 1.68015200E+00 4.00088399E-02
 1.03208485E-03 1.68053067E+00 4.00862850E-02
 1.04964414E-03 1.68090997E+00 4.01633903E-02
 1.06724915E-03 1.68128992E+00 4.02401527E-02
 1.08527817E-03 1.68167160E+00 4.03167634E-02
 1.10360560E-03 1.68205464E+00 4.03931339E-02
 1.12197796E-03 1.68243833E+00 4.04691295E-02
 1.14042983E-03 1.68282529E+00 4.05474333E-02
 1.15893390E-03 1.68321347E+00 4.06258979E-02
 1.17748268E-03 1.68360229E+00 4.07039568E-02
 1.19607605E-03 1.68399174E+00 4.07816181E-02
 1.21471381E-03 1.68438187E+00 4.08588735E-02
 1.23339586E-03 1.68477263E+00 4.09357364E-02
 1.25212200E-03 1.68516406E+00 4.10121984E-02
 1.27089214E-03 1.68555614E+00 4.10882730E-02
 1.28970608E-03 1.68594887E+00 4.11639570E-02
 1.30859234E-03 1.68634477E+00 4.12421093E-02
 1.32753498E-03 1.68674248E+00 4.13210997E-02
 1.34652099E-03 1.68714090E+00 4.13996391E-02
 1.36555032E-03 1.68754000E+00 4.14777413E-02
 1.38462280E-03 1.68793978E+00 4.15554092E-02
 1.40373814E-03 1.68834027E+00 4.16326345E-02
 1.42289622E-03 1.68874146E+00 4.17094253E-02
 1.44209697E-03 1.68914334E+00 4.17857902E-02
 1.46134013E-03 1.68954592E+00 4.18617260E-02
 1.48064741E-03 1.68995089E+00 4.19390537E-02
 1.50001431E-03 1.69035790E+00 4.20174069E-02
 1.51942295E-03 1.69076566E+00 4.20953228E-02
 1.53887323E-03 1.69117417E+00 4.21728099E-02
 1.55836486E-03 1.69158344E+00 4.22498649E-02
 1.57789786E-03 1.69199343E+00 4.23265021E-02
 1.59747181E-03 1.69240419E+00 4.24027124E-02
 1.61708664E-03 1.69281570E+00 4.24785042E-02
 1.63719872E-03 1.69322983E+00 4.25540699E-02
 1.65763751E-03 1.69364770E+00 4.26306570E-02
 1.67815508E-03 1.69406894E+00 4.27086232E-02
 1.69871197E-03 1.69449088E+00 4.27862008E-02
 1.71930791E-03 1.69491351E+00 4.28633921E-02
 1.73994267E-03 1.69533681E+00 4.29402113E-02
 1.76061597E-03 1.69576081E+00 4.30166491E-02
 1.78132753E-03 1.69618551E+00 4.30927078E-02
 1.80207716E-03 1.69661089E+00 4.31684015E-02
 1.82286453E-03 1.69703697E+00 4.32437209E-02
 1.84370877E-03 1.69746481E+00 4.33198799E-02
 1.86463829E-03 1.69789592E+00 4.33985899E-02
 1.88560506E-03 1.69832771E+00 4.34768199E-02
 1.90660881E-03 1.69876019E+00 4.35545730E-02
 1.92764923E-03 1.69919338E+00 4.36318464E-02
 1.94872619E-03 1.69962723E+00 4.37086554E-02
 1.96983937E-03 1.70006178E+00 4.37849969E-02
 1.99098852E-03 1.70049703E+00 4.38608741E-02
 2.01217318E-03 1.70093300E+00 4.39362779E-02
 2.03340309E-03 1.70137037E+00 4.40116507E-02
 2.05472101E-03 1.70181244E+00 4.40888326E-02
 2.07607362E-03 1.70225530E+00 4.41655201E-02
 2.09746052E-03 1.70269897E+00 4.42417102E-02
 2.11888164E-03 1.70314341E+00 4.43174183E-02
 2.14033671E-03 1.70358864E+00 4.43926475E-02
 2.16191721E-03 1.70403497E+00 4.44674454E-02
 2.18425511E-03 1.70448431E+00 4.45422447E-02
 2.20662564E-03 1.70493440E+00 4.46166195E-02
 2.22903037E-03 1.70538539E+00 4.46906505E-02
 2.25156161E-03 1.70584181E+00 4.47688916E-02
 2.27412446E-03 1.70629902E+00 4.48466644E-02
 2.29671856E-03 1.70675700E+00 4.49239782E-02
 2.31934353E-03 1.70721574E+00 4.50008360E-02
 2.34199900E-03 1.70767526E+00 4.50772406E-02
 2.36468455E-03 1.70813557E+00 4.51531886E-02
 2.38739982E-03 1.70859666E+00 4.52286892E-02
 2.41014444E-03 1.70905852E+00 4.53037451E-02
 2.43291803E-03 1.70952116E+00 4.53783592E-02
 2.45580313E-03 1.70998798E+00 4.54551167E-02
 2.47872738E-03 1.71045597E+00 4.55317577E-02
 2.50167962E-03 1.71092474E+00 4.56079408E-02
 2.52465948E-03 1.71139429E+00 4.56836690E-02
 2.54766668E-03 1.71186459E+00 4.57589516E-02
 2.57070074E-03 1.71233568E+00 4.58337853E-02
 2.59376129E-03 1.71280755E+00 4.59081727E-02
 2.61684817E-03 1.71328017E+00 4.59821299E-02
 2.63996067E-03 1.71375360E+00 4.60556401E-02
 2.66316449E-03 1.71423234E+00 4.61304953E-02
 2.68641496E-03 1.71471337E+00 4.62054758E-02
 2.71056621E-03 1.71519882E+00 4.62801116E-02
 2.73478368E-03 1.71568530E+00 4.63542668E-02
 2.75902370E-03 1.71617264E+00 4.64279440E-02
 2.78328573E-03 1.71666082E+00 4.65011460E-02
 2.80756923E-03 1.71714985E+00 4.65738755E-02
 2.83187369E-03 1.71763971E+00 4.66461419E-02
 2.85619850E-03 1.71813045E+00 4.67179346E-02
 2.88062066E-03 1.71862527E+00 4.67917911E-02
 2.90510995E-03 1.71912297E+00 4.68666820E-02
 2.92961788E-03 1.71962151E+00 4.69410453E-02
 2.95414379E-03 1.72012095E+00 4.70148706E-02
 2.97868707E-03 1.72062129E+00 4.70881608E-02
 3.00324721E-03 1.72112250E+00 4.71609258E-02
 3.02782372E-03 1.72162457E+00 4.72331754E-02
 3.05241577E-03 1.72212756E+00 4.73048920E-02
 3.07702292E-03 1.72263144E+00 4.73760921E-02
 3.10170353E-03 1.72313894E+00 4.74481221E-02
 3.12646146E-03 1.72365024E+00 4.75210433E-02
 3.15123323E-03 1.72416244E+00 4.75934078E-02
 3.17601828E-03 1.72467554E+00 4.76652186E-02
 3.20081589E-03 1.72518957E+00 4.77364721E-02
 3.22655729E-03 1.72570939E+00 4.78072015E-02
 3.25237307E-03 1.72623046E+00 4.78774522E-02
 3.27819822E-03 1.72675235E+00 4.79472576E-02
 3.30403209E-03 1.72727511E+00 4.80166067E-02
 3.32992920E-03 1.72780094E+00 4.80869297E-02
 3.35593650E-03 1.72833173E+00 4.81594225E-02
 3.38195045E-03 1.72886344E+00 4.82313924E-02
 3.40797036E-03 1.72939604E+00 4.83028495E-02
 3.43399548E-03 1.72992956E+00 4.83737895E-02
 3.46002509E-03 1.73046400E+00 4.84442155E-02
 3.48605862E-03 1.73099933E+00 4.85141445E-02
 3.51209514E-03 1.73153559E+00 4.85835581E-02
 3.53813399E-03 1.73207279E+00 4.86524662E-02
 3.56420737E-03 1.73261206E+00 4.87213834E-02
 3.59040112E-03 1.73315659E+00 4.87915363E-02
 3.61659562E-03 1.73370196E+00 4.88610962E-02
 3.64278998E-03 1.73424823E+00 4.89300524E-02
 3.66898361E-03 1.73479536E+00 4.89984157E-02
 3.69517585E-03 1.73534338E+00 4.90661898E-02
 3.72212207E-03 1.73590393E+00 4.91302554E-02
 3.74935906E-03 1.73647016E+00 4.91925050E-02
 3.77658242E-03 1.73703742E+00 4.92541939E-02
 3.80380664E-03 1.73760648E+00 4.93154629E-02
 3.83119016E-03 1.73818460E+00 4.93779794E-02
 3.85855690E-03 1.73876354E+00 4.94401499E-02
 3.88590609E-03 1.73934329E+00 4.95019770E-02
 3.91323699E-03 1.73992387E+00 4.95634630E-02
 3.94054884E-03 1.74050528E+00 4.96246105E-02
 3.96784089E-03 1.74108751E+00 4.96854219E-02
 3.99511240E-03 1.74167057E+00 4.97458995E-02
 4.02236263E-03 1.74225446E+00 4.98060458E-02
 4.04959073E-03 1.74283921E+00 4.98658556E-02
 4.07697078E-03 1.74343101E+00 4.99283660E-02
 4.10433757E-03 1.74402379E+00 4.99905935E-02
 4.13168086E-03 1.74461719E+00 5.00523804E-02
 4.15899998E-03 1.74521120E+00 5.01137230E-02
 4.18750943E-03 1.74578740E+00 5.01828763E-02
 4.21601579E-03 1.74636502E+00 5.02513714E-02
 4.24451283E-03 1.74694420E+00 5.03191633E-02
 4.27299905E-03 1.74752493E+00 5.03862534E-02
 4.30147297E-03 1.74810719E+00 5.04526509E-02
 4.33011902E-03 1.74869682E+00 5.05200035E-02
 4.35879307E-03 1.74928920E+00 5.05870147E-02
 4.38745095E-03 1.74988294E+00 5.06533115E-02
 4.41609136E-03 1.75047804E+00 5.07188961E-02
 4.44471292E-03 1.75107455E+00 5.07837627E-02
 4.47331444E-03 1.75167241E+00 5.08479290E-02
 4.50189443E-03 1.75227167E+00 5.09113813E-02
 4.53045154E-03 1.75287235E+00 5.09741212E-02
 4.55898450E-03 1.75347441E+00 5.10361587E-02
 4.58764153E-03 1.75408270E+00 5.11002094E-02
 4.61634310E-03 1.75469461E+00 5.11647743E-02
 4.64501700E-03 1.75530785E+00 5.12285498E-02
 4.67374300E-03 1.75592529E+00 5.12910722E-02
 4.70323383E-03 1.75657216E+00 5.13479134E-02
 4.73267506E-03 1.75721961E+00 5.14036476E-02
 4.76206556E-03 1.75786762E+00 5.14582890E-02
 4.79140414E-03 1.75851620E+00 5.15118355E-02
 4.82068965E-03 1.75916537E+00 5.15642930E-02
 4.85005202E-03 1.75982097E+00 5.16168485E-02
 4.87946726E-03 1.76048253E+00 5.16692634E-02
 4.90882384E-03 1.76114534E+00 5.17205309E-02
 4.93812069E-03 1.76180937E+00 5.17706653E-02
 4.96735663E-03 1.76247462E+00 5.18196724E-02
 4.99653051E-03 1.76314110E+00 5.18675582E-02
 5.02564101E-03 1.76380884E+00 5.19143200E-02
 5.05468711E-03 1.76447782E+00 5.19599718E-02
 5.08366748E-03 1.76514806E+00 5.20045105E-02
 5.11299687E-03 1.76588672E+00 5.20273748E-02
 5.14314911E-03 1.76680085E+00 5.19898937E-02
 5.17308312E-03 1.76771312E+00 5.19528149E-02
 5.20280026E-03 1.76862345E+00 5.19161730E-02
 5.23230154E-03 1.76953199E+00 5.18799284E-02
 5.26158827E-03 1.77043873E+00 5.18440966E-02
 5.29066151E-03 1.77134376E+00 5.18086558E-02
 5.31952262E-03 1.77224705E+00 5.17736212E-02
 5.34748274E-03 1.77359061E+00 5.16114821E-02
 5.37482097E-03 1.77494087E+00 5.14425013E-02
 5.40161747E-03 1.77630295E+00 5.12657807E-02
 5.42806556E-03 1.77769785E+00 5.10721806E-02
 5.45468429E-03 1.77919925E+00 5.08475818E-02
 5.48061985E-03 1.78070678E+00 5.06190130E-02
 5.50586020E-03 1.78222055E+00 5.03863751E-02
 5.53172675E-03 1.78369235E+00 5.01752868E-02
 5.55698338E-03 1.78514989E+00 4.99658792E-02
 5.58162335E-03 1.78659408E+00 4.97577860E-02
 5.60619195E-03 1.78806374E+00 4.95457230E-02
 5.63126017E-03 1.78961824E+00 4.93191398E-02
 5.65567654E-03 1.79115927E+00 4.90939033E-02
 5.67945116E-03 1.79268733E+00 4.88699222E-02
 5.70390260E-03 1.79419546E+00 4.86645544E-02
 5.72787034E-03 1.79569472E+00 4.84591466E-02
 5.75124796E-03 1.79718605E+00 4.82520925E-02
 5.77429890E-03 1.79867345E+00 4.80462496E-02
 5.79787509E-03 1.80016740E+00 4.78527491E-02
 5.82087573E-03 1.80165061E+00 4.76602486E-02
 5.84365394E-03 1.80316590E+00 4.74588947E-02
 5.86631047E-03 1.80468674E+00 4.72531109E-02
 5.88934672E-03 1.80623752E+00 4.70405222E-02
 5.91178681E-03 1.80778699E+00 4.68275290E-02
 5.93363034E-03 1.80933525E+00 4.66140949E-02
 5.95554878E-03 1.81087614E+00 4.64184272E-02
 5.97770777E-03 1.81239656E+00 4.62470701E-02
 5.99933617E-03 1.81389959E+00 4.60795956E-02
 6.02044625E-03 1.81538549E+00 4.59159937E-02
 6.04181628E-03 1.81687191E+00 4.57471528E-02
 6.06380930E-03 1.81833673E+00 4.55715327E-02
 6.08529948E-03 1.81979956E+00 4.53972858E-02
 6.10628696E-03 1.82126066E+00 4.52243445E-02
 6.12677243E-03 1.82272001E+00 4.50527205E-02
 6.14777600E-03 1.82418805E+00 4.48991335E-02
 6.16864803E-03 1.82565170E+00 4.47486396E-02
 6.18905093E-03 1.82710654E+00 4.45950446E-02
 6.20899068E-03 1.82855294E+00 4.44383153E-02
 6.22879019E-03 1.83002073E+00 4.42728933E-02
 6.24959238E-03 1.83154398E+00 4.41090861E-02
 6.26990502E-03 1.83305851E+00 4.39463960E-02
 6.28973392E-03 1.83456430E+00 4.37848587E-02
 6.30908443E-03 1.83606162E+00 4.36244318E-02
 6.32832379E-03 1.83753871E+00 4.34746237E-02
 6.34813292E-03 1.83897407E+00 4.33509799E-02
 6.36753472E-03 1.84039937E+00 4.32266402E-02
 6.38653449E-03 1.84181489E+00 4.31015823E-02
 6.40543470E-03 1.84324303E+00 4.29706714E-02
 6.42411926E-03 1.84468047E+00 4.28341233E-02
 6.44370610E-03 1.84612568E+00 4.26995853E-02
 6.46300205E-03 1.84756866E+00 4.25660910E-02
 6.48188197E-03 1.84900830E+00 4.24333484E-02
 6.50034791E-03 1.85044472E+00 4.23013304E-02
 6.51840200E-03 1.85187800E+00 4.21700292E-02
 6.53643849E-03 1.85330605E+00 4.20422505E-02
 6.55501969E-03 1.85471936E+00 4.19194255E-02
 6.57347015E-03 1.85613704E+00 4.17905673E-02
 6.59181243E-03 1.85757026E+00 4.16519329E-02
 6.60978238E-03 1.85900169E+00 4.15060412E-02
 6.62738416E-03 1.86043154E+00 4.13528864E-02
 6.64509518E-03 1.86186155E+00 4.12111852E-02
 6.66330235E-03 1.86328744E+00 4.11040475E-02
 6.68115904E-03 1.86470346E+00 4.10016778E-02
 6.69866876E-03 1.86610981E+00 4.09040287E-02
 6.71583525E-03 1.86750652E+00 4.08110882E-02
 6.73282226E-03 1.86890437E+00 4.07261973E-02
 6.74978784E-03 1.87031142E+00 4.06471776E-02
 6.76768804E-03 1.87171221E+00 4.05600393E-02
 6.78534632E-03 1.87310877E+00 4.04707141E-02
 6.80267980E-03 1.87450108E+00 4.03795494E-02
 6.81969056E-03 1.87588923E+00 4.02865474E-02
 6.83638035E-03 1.87727347E+00 4.01916678E-02
 6.85275183E-03 1.87865354E+00 4.00949934E-02
 6.86884341E-03 1.88002946E+00 3.99971733E-02
 6.88600083E-03 1.88139728E+00 3.99231350E-02
 6.90326921E-03 1.88278041E+00 3.98504651E-02
 6.92024599E-03 1.88415314E+00 3.97782165E-02
 6.93693649E-03 1.88551565E+00 3.97063951E-02
 6.95334566E-03 1.88686831E+00 3.96349655E-02
 6.96947838E-03 1.88821139E+00 3.95639108E-02
 6.98533979E-03 1.88954499E+00 3.94932532E-02
 7.00150881E-03 1.89086680E+00 3.94263727E-02
 7.01813399E-03 1.89218042E+00 3.93632011E-02
 7.03453671E-03 1.89349314E+00 3.92984938E-02
 7.05115459E-03 1.89483491E+00 3.92245117E-02
 7.06750615E-03 1.89617259E+00 3.91506017E-02
 7.08359392E-03 1.89750625E+00 3.90767610E-02
 7.09942038E-03 1.89883599E+00 3.90029864E-02
 7.11498799E-03 1.90016189E+00 3.89292741E-02
 7.13041475E-03 1.90148268E+00 3.88582368E-02
 7.14677884E-03 1.90278310E+00 3.88167195E-02
 7.16290907E-03 1.90407706E+00 3.87797123E-02
 7.17880843E-03 1.90536458E+00 3.87471782E-02
 7.19495308E-03 1.90667253E+00 3.87020414E-02
 7.21089525E-03 1.90797229E+00 3.86505391E-02
 7.22660415E-03 1.90926201E+00 3.85936082E-02
 7.24208277E-03 1.91054185E+00 3.85313157E-02
 7.25733410E-03 1.91181197E+00 3.84637245E-02
 7.27236083E-03 1.91307260E+00 3.83908729E-02
 7.28823043E-03 1.91434304E+00 3.83235040E-02
 7.30410387E-03 1.91561800E+00 3.82615898E-02
 7.31976737E-03 1.91689449E+00 3.82037244E-02
 7.33563568E-03 1.91822521E+00 3.81335893E-02
 7.35138903E-03 1.91955978E+00 3.80688429E-02
 7.36692487E-03 1.92088382E+00 3.80141172E-02
 7.38224517E-03 1.92219750E+00 3.79693213E-02
 7.39735183E-03 1.92350097E+00 3.79343587E-02
 7.41224695E-03 1.92479431E+00 3.79091440E-02
 7.42693219E-03 1.92607776E+00 3.78935526E-02
 7.44232612E-03 1.92731797E+00 3.78744516E-02
 7.45795533E-03 1.92853790E+00 3.78513889E-02
 7.47375712E-03 1.92977153E+00 3.78260799E-02
 7.48955435E-03 1.93101255E+00 3.77987473E-02
 7.50517312E-03 1.93225264E+00 3.77705257E-02
 7.52061428E-03 1.93349177E+00 3.77414361E-02
 7.53587860E-03 1.93472999E+00 3.77114781E-02
 7.55096681E-03 1.93596735E+00 3.76806514E-02
 7.56587992E-03 1.93720375E+00 3.76489875E-02
 7.58061840E-03 1.93843941E+00 3.76164534E-02
 7.59518328E-03 1.93967422E+00 3.75830804E-02
 7.60981324E-03 1.94092930E+00 3.75473469E-02
 7.62542339E-03 1.94218897E+00 3.75178465E-02
 7.64126192E-03 1.94343553E+00 3.74932014E-02
 7.65693875E-03 1.94467559E+00 3.74697872E-02
 7.67245791E-03 1.94590934E+00 3.74475815E-02
 7.68782322E-03 1.94713708E+00 3.74265396E-02
 7.70303842E-03 1.94835898E+00 3.74066373E-02
 7.71810721E-03 1.94957519E+00 3.73878608E-02
 7.73303304E-03 1.95078595E+00 3.73701737E-02
 7.74800532E-03 1.95200437E+00 3.73503050E-02
 7.76311294E-03 1.95323925E+00 3.73253876E-02
 7.77807186E-03 1.95447180E+00 3.72998732E-02
 7.79288422E-03 1.95570208E+00 3.72737776E-02
 7.80755191E-03 1.95693022E+00 3.72470942E-02
 7.82223067E-03 1.95815371E+00 3.72200726E-02
 7.83786324E-03 1.95935843E+00 3.71958899E-02
 7.85336542E-03 1.96056321E+00 3.71743394E-02
 7.86873961E-03 1.96176814E+00 3.71553648E-02
 7.88411787E-03 1.96298166E+00 3.71366648E-02
 7.89973183E-03 1.96421442E+00 3.71143826E-02
 7.91521965E-03 1.96544037E+00 3.70949505E-02
 7.93058553E-03 1.96665966E+00 3.70783139E-02
 7.94583320E-03 1.96787273E+00 3.70643501E-02
 7.96096662E-03 1.96907968E+00 3.70530162E-02
 7.97598918E-03 1.97028092E+00 3.70442016E-02
 7.99090449E-03 1.97147660E+00 3.70378524E-02
 8.00571585E-03 1.97266697E+00 3.70338928E-02
 8.02047257E-03 1.97386022E+00 3.70288522E-02
 8.03542790E-03 1.97510508E+00 3.70012012E-02
 8.05026098E-03 1.97634983E+00 3.69724536E-02
 8.06497288E-03 1.97759459E+00 3.69425976E-02
 8.08055554E-03 1.97883430E+00 3.69031768E-02
 8.09635191E-03 1.98007468E+00 3.68616836E-02
 8.11203261E-03 1.98131788E+00 3.68211768E-02
 8.12759952E-03 1.98256384E+00 3.67816624E-02
 8.14305448E-03 1.98381261E+00 3.67431196E-02
 8.15839926E-03 1.98506423E+00 3.67055271E-02
 8.17401519E-03 1.98636854E+00 3.66750352E-02
 8.18950659E-03 1.98767175E+00 3.66489009E-02
 8.20487493E-03 1.98897364E+00 3.66270123E-02
 8.22012338E-03 1.99027444E+00 3.66092330E-02
 8.23525523E-03 1.99157420E+00 3.65954793E-02
 8.25027361E-03 1.99287298E+00 3.65856551E-02
 8.26518136E-03 1.99417101E+00 3.65796397E-02
 8.27998147E-03 1.99546831E+00 3.65773513E-02
 8.29467675E-03 1.99676498E+00 3.65786960E-02
 8.30964869E-03 1.99805217E+00 3.65789194E-02
 8.32457696E-03 1.99933552E+00 3.65808643E-02
 8.33940098E-03 2.00061654E+00 3.65851463E-02
 8.35469267E-03 2.00186441E+00 3.65934259E-02
 8.37063707E-03 2.00307469E+00 3.66023021E-02
 8.38649658E-03 2.00428940E+00 3.66081037E-02
 8.40227252E-03 2.00550860E+00 3.66108686E-02
 8.41796613E-03 2.00673218E+00 3.66106723E-02
 8.43357870E-03 2.00796020E+00 3.66075489E-02
 8.44938460E-03 2.00922735E+00 3.65647311E-02
 8.46520494E-03 2.01051157E+00 3.65094158E-02
 8.48093646E-03 2.01179983E+00 3.64560887E-02
 8.49658036E-03 2.01309203E+00 3.64047542E-02
 8.51213773E-03 2.01438825E+00 3.63553745E-02
 8.52760972E-03 2.01568846E+00 3.63079395E-02
 8.54299737E-03 2.01699272E+00 3.62624115E-02
 8.55830186E-03 2.01830096E+00 3.62187939E-02
 8.57352418E-03 2.01961324E+00 3.61770489E-02
 8.58884127E-03 2.02096186E+00 3.61335573E-02
 8.60419275E-03 2.02233447E+00 3.60891296E-02
 8.61945709E-03 2.02370820E+00 3.60461713E-02
 8.63463539E-03 2.02508311E+00 3.60046631E-02
 8.64972856E-03 2.02645931E+00 3.59645726E-02
 8.66473792E-03 2.02783673E+00 3.59259068E-02
 8.67966415E-03 2.02921554E+00 3.58886202E-02
 8.69450875E-03 2.03059564E+00 3.58527328E-02
 8.70958062E-03 2.03196386E+00 3.58210756E-02
 8.72573185E-03 2.03330612E+00 3.57961645E-02
 8.74196941E-03 2.03466999E+00 3.57674375E-02
 8.75813720E-03 2.03603700E+00 3.57386397E-02
 8.77423619E-03 2.03740713E+00 3.57097804E-02
 8.79026739E-03 2.03878041E+00 3.56808561E-02
 8.80623178E-03 2.04015689E+00 3.56518630E-02
 8.82213032E-03 2.04153658E+00 3.56228035E-02
 8.83796393E-03 2.04291949E+00 3.55936800E-02
 8.85373354E-03 2.04430563E+00 3.55644947E-02
 8.86951714E-03 2.04570817E+00 3.55328147E-02
 8.88539421E-03 2.04714157E+00 3.54958556E-02
 8.90120219E-03 2.04857852E+00 3.54586212E-02
 8.91694203E-03 2.05001897E+00 3.54211289E-02
 8.93261461E-03 2.05146299E+00 3.53833687E-02
 8.94822082E-03 2.05291060E+00 3.53453439E-02
 8.96376154E-03 2.05436181E+00 3.53070578E-02
 8.97923764E-03 2.05581664E+00 3.52685133E-02
 8.99464997E-03 2.05727511E+00 3.52297132E-02
 9.01002699E-03 2.05874430E+00 3.51914233E-02
 9.02545477E-03 2.06024745E+00 3.51561412E-02
 9.04081297E-03 2.06175445E+00 3.51206214E-02
 9.05610278E-03 2.06326522E+00 3.50848898E-02
 9.07132484E-03 2.06477991E+00 3.50489142E-02
 9.08648031E-03 2.06629846E+00 3.50127202E-02
 9.10157017E-03 2.06782087E+00 3.49763114E-02
 9.11659517E-03 2.06934722E+00 3.49396766E-02
 9.13155621E-03 2.07087754E+00 3.49028187E-02
 9.14645989E-03 2.07241306E+00 3.48658121E-02
 9.16139347E-03 2.07397368E+00 3.48297852E-02
 9.17735990E-03 2.07548446E+00 3.48093759E-02
 9.19363270E-03 2.07698168E+00 3.47941708E-02
 9.20985517E-03 2.07848292E+00 3.47790617E-02
 9.22602814E-03 2.07998820E+00 3.47640408E-02
 9.24215240E-03 2.08149757E+00 3.47491067E-02
 9.25822872E-03 2.08301103E+00 3.47342579E-02
 9.27425778E-03 2.08452855E+00 3.47195064E-02
 9.29024044E-03 2.08605024E+00 3.47048304E-02
 9.30629824E-03 2.08759800E+00 3.47141968E-02
 9.32231512E-03 2.08915167E+00 3.47259610E-02
 9.33828135E-03 2.09070941E+00 3.47380782E-02
 9.35419775E-03 2.09227124E+00 3.47505430E-02
 9.37006511E-03 2.09383719E+00 3.47633498E-02
 9.38588420E-03 2.09540729E+00 3.47764930E-02
 9.40165581E-03 2.09698155E+00 3.47899669E-02
 9.41738069E-03 2.09855997E+00 3.48037728E-02
 9.43305958E-03 2.10014260E+00 3.48178981E-02
 9.44881793E-03 2.10169725E+00 3.48646345E-02
 9.46456166E-03 2.10324648E+00 3.49206594E-02
 9.48025742E-03 2.10479890E+00 3.49772628E-02
 9.49590598E-03 2.10635458E+00 3.50344253E-02
 9.51150820E-03 2.10791347E+00 3.50921476E-02
 9.52706476E-03 2.10947569E+00 3.51504039E-02
 9.54257653E-03 2.11104119E+00 3.52091951E-02
 9.55804414E-03 2.11261009E+00 3.52684955E-02
 9.57346836E-03 2.11418237E+00 3.53282996E-02
 9.58896708E-03 2.11573221E+00 3.54229498E-02
 9.60448366E-03 2.11727092E+00 3.55364911E-02
 9.61995596E-03 2.11881217E+00 3.56506680E-02
 9.63538492E-03 2.12035593E+00 3.57654716E-02
 9.65077112E-03 2.12190232E+00 3.58808680E-02
 9.66611550E-03 2.12345130E+00 3.59968491E-02
 9.68141869E-03 2.12500295E+00 3.61133882E-02
 9.69668129E-03 2.12655735E+00 3.62304593E-02
 9.71190434E-03 2.12811445E+00 3.63480610E-02
 9.72727748E-03 2.12960506E+00 3.65345562E-02
 9.74278849E-03 2.13103266E+00 3.67845357E-02
 9.75826292E-03 2.13246106E+00 3.70344144E-02
 9.77370112E-03 2.13389039E+00 3.72841550E-02
 9.78910420E-03 2.13532063E+00 3.75337520E-02
 9.80447248E-03 2.13675190E+00 3.77831708E-02
 9.82015537E-03 2.13816355E+00 3.80364769E-02
 9.83684238E-03 2.13951576E+00 3.83012380E-02
 9.85351272E-03 2.14086972E+00 3.85652158E-02
 9.87042543E-03 2.14213285E+00 3.88629340E-02
 9.88773908E-03 2.14324822E+00 3.92143517E-02
 9.90504149E-03 2.14436329E+00 3.95639416E-02
 9.92233316E-03 2.14547812E+00 3.99117299E-02
 9.93961453E-03 2.14659278E+00 4.02577429E-02
 9.95688601E-03 2.14770731E+00 4.06020064E-02
 9.97414802E-03 2.14882176E+00 4.09445452E-02
 9.99140104E-03 2.14993620E+00 4.12853828E-02
 1.00086454E-02 2.15105069E+00 4.16245429E-02
 1.00261075E-02 2.15211857E+00 4.20140486E-02
 1.00442418E-02 2.15304607E+00 4.25550214E-02
 1.00623752E-02 2.15397248E+00 4.30905182E-02
 1.00805081E-02 2.15489787E+00 4.36207186E-02
 1.00986408E-02 2.15582228E+00 4.41457921E-02
 1.01167736E-02 2.15674577E+00 4.46658987E-02
 1.01349070E-02 2.15766840E+00 4.51811898E-02
 1.01530413E-02 2.15859022E+00 4.56918090E-02
 1.01711766E-02 2.15951128E+00 4.61978919E-02
 1.01895357E-02 2.16037261E+00 4.67282919E-02
 1.02095919E-02 2.16078354E+00 4.74691257E-02
 1.02296638E-02 2.16119184E+00 4.81997418E-02
 1.02497517E-02 2.16159757E+00 4.89205757E-02
 1.02698556E-02 2.16200078E+00 4.96320343E-02
 1.02899760E-02 2.16240153E+00 5.03344948E-02
 1.03101129E-02 2.16279987E+00 5.10283085E-02
 1.03302667E-02 2.16319583E+00 5.17138060E-02
 1.03504376E-02 2.16358949E+00 5.23912948E-02
 1.03706256E-02 2.16398087E+00 5.30610643E-02
 1.03931204E-02 2.16410714E+00 5.39388097E-02
 1.04156887E-02 2.16422645E+00 5.48072443E-02
 1.04382892E-02 2.16434364E+00 5.56629962E-02
 1.04609220E-02 2.16445873E+00 5.65066243E-02
 1.04835873E-02 2.16457175E+00 5.73386451E-02
 1.05062852E-02 2.16468274E+00 5.81595409E-02
 1.05290159E-02 2.16479173E+00 5.89697610E-02
 1.05517795E-02 2.16489875E+00 5.97697225E-02
 1.05745761E-02 2.16500383E+00 6.05598154E-02
 1.06009887E-02 2.16466063E+00 6.17025236E-02
 1.06280966E-02 2.16423536E+00 6.28881709E-02
 1.06552593E-02 2.16380805E+00 6.40519919E-02
 1.06824767E-02 2.16337871E+00 6.51951463E-02
 1.07097491E-02 2.16294733E+00 6.63186935E-02
 1.07370765E-02 2.16251392E+00 6.74236083E-02
 1.07644590E-02 2.16207849E+00 6.85107836E-02
 1.07918968E-02 2.16164102E+00 6.95810427E-02
 1.08193900E-02 2.16120153E+00 7.06351459E-02
 1.08510403E-02 2.16050003E+00 7.18783989E-02
 1.08844103E-02 2.15969299E+00 7.31804011E-02
 1.09178586E-02 2.15888473E+00 7.44589274E-02
 1.09513856E-02 2.15807525E+00 7.57151633E-02
 1.09849915E-02 2.15726449E+00 7.69502045E-02
 1.10186765E-02 2.15645244E+00 7.81650548E-02
 1.10524409E-02 2.15563905E+00 7.93606490E-02
 1.10862849E-02 2.15482431E+00 8.05378411E-02
 1.11202087E-02 2.15400817E+00 8.16974264E-02
 1.11586212E-02 2.15306838E+00 8.30734254E-02
 1.12003293E-02 2.15203859E+00 8.45915662E-02
 1.12421404E-02 2.15100746E+00 8.60812169E-02
 1.12840551E-02 2.14997494E+00 8.75438462E-02
 1.13260740E-02 2.14894098E+00 8.89808045E-02
 1.13681976E-02 2.14790553E+00 9.03933250E-02
 1.14104266E-02 2.14686857E+00 9.17825488E-02
 1.14527615E-02 2.14583002E+00 9.31495323E-02
 1.14952030E-02 2.14478987E+00 9.44952486E-02
 1.15429187E-02 2.14363724E+00 9.59971127E-02
 1.15971980E-02 2.14234523E+00 9.76878006E-02
 1.16516172E-02 2.14105186E+00 9.93448447E-02
 1.17061777E-02 2.13975708E+00 1.00969967E-01
 1.17608810E-02 2.13846080E+00 1.02564761E-01
 1.18157285E-02 2.13716296E+00 1.04130686E-01
 1.18707215E-02 2.13586349E+00 1.05669083E-01
 1.19258614E-02 2.13456234E+00 1.07181201E-01
 1.19811496E-02 2.13325943E+00 1.08668188E-01
 1.20406009E-02 2.13197868E+00 1.10295231E-01
 1.21091065E-02 2.13074984E+00 1.12250037E-01
 1.21777983E-02 2.12952019E+00 1.14164891E-01
 1.22466792E-02 2.12828966E+00 1.16041873E-01
 1.23157516E-02 2.12705816E+00 1.17882891E-01
 1.23850182E-02 2.12582562E+00 1.19689701E-01
 1.24544815E-02 2.12459196E+00 1.21463921E-01
 1.25241442E-02 2.12335711E+00 1.23207043E-01
 1.25968057E-02 2.12214785E+00 1.24891066E-01
 1.26735424E-02 2.12089353E+00 1.26696004E-01
 1.27674285E-02 2.11940238E+00 1.29165671E-01
 1.28613758E-02 2.11790823E+00 1.31582616E-01
 1.29553927E-02 2.11641100E+00 1.33949766E-01
 1.30494873E-02 2.11491063E+00 1.36269813E-01
 1.31436675E-02 2.11340704E+00 1.38545200E-01
 1.32379411E-02 2.11190018E+00 1.40778149E-01
 1.33323156E-02 2.11038996E+00 1.42970730E-01
 1.34267982E-02 2.10887632E+00 1.45124828E-01
 1.35224063E-02 2.10736166E+00 1.47264356E-01
 1.36406693E-02 2.10589448E+00 1.49857037E-01
 1.37590439E-02 2.10441666E+00 1.52403541E-01
 1.38775413E-02 2.10292829E+00 1.54906080E-01
 1.39961726E-02 2.10142946E+00 1.57366700E-01
 1.41149486E-02 2.09992026E+00 1.59787263E-01
 1.42338798E-02 2.09840079E+00 1.62169496E-01
 1.43529764E-02 2.09687113E+00 1.64514986E-01
 1.44722486E-02 2.09533133E+00 1.66825232E-01
 1.45917060E-02 2.09378150E+00 1.69101578E-01
 1.47405500E-02 2.09217552E+00 1.72028831E-01
 1.48985886E-02 2.09058852E+00 1.74940956E-01
 1.50591402E-02 2.08899698E+00 1.77795535E-01
 1.52199393E-02 2.08738426E+00 1.80607973E-01
 1.53809920E-02 2.08575058E+00 1.83379950E-01
 1.55423046E-02 2.08409614E+00 1.86113026E-01
 1.57038831E-02 2.08242116E+00 1.88808641E-01
 1.58657336E-02 2.08072581E+00 1.91468128E-01
 1.60278623E-02 2.07901028E+00 1.94092734E-01
 1.62209199E-02 2.07744345E+00 1.97084497E-01
 1.64235791E-02 2.07590326E+00 2.00136745E-01
 1.66269763E-02 2.07434051E+00 2.03132308E-01
 1.68311191E-02 2.07275543E+00 2.06073648E-01
 1.70360150E-02 2.07114824E+00 2.08963041E-01
 1.72433710E-02 2.06952672E+00 2.11798388E-01
 1.74589223E-02 2.06791623E+00 2.14567460E-01
 1.76750426E-02 2.06628295E+00 2.17290744E-01
 1.78917371E-02 2.06462708E+00 2.19969905E-01
 1.81382654E-02 2.06305001E+00 2.23108874E-01
 1.84024030E-02 2.06150676E+00 2.26465811E-01
 1.86678610E-02 2.05994061E+00 2.29756385E-01
 1.89346518E-02 2.05835185E+00 2.32983453E-01
 1.92027878E-02 2.05674071E+00 2.36149657E-01
 1.94722813E-02 2.05510745E+00 2.39257442E-01
 1.97431449E-02 2.05345229E+00 2.42309058E-01
 2.00182081E-02 2.05178335E+00 2.45301619E-01
 2.03018956E-02 2.05011313E+00 2.48228845E-01
 2.06147878E-02 2.04855575E+00 2.51501659E-01
 2.09569924E-02 2.04710688E+00 2.55094148E-01
 2.13014549E-02 2.04563498E+00 2.58616709E-01
 2.16481955E-02 2.04414037E+00 2.62072173E-01
 2.19972348E-02 2.04262331E+00 2.65463174E-01
 2.23485939E-02 2.04108409E+00 2.68792140E-01
 2.27022937E-02 2.03952296E+00 2.72061318E-01
 2.30606431E-02 2.03794437E+00 2.75269922E-01
 2.34307243E-02 2.03636157E+00 2.78410821E-01
 2.38252342E-02 2.03482023E+00 2.81873651E-01
 2.42604244E-02 2.03336177E+00 2.85897671E-01
 2.46991876E-02 2.03187916E+00 2.89841600E-01
 2.51415593E-02 2.03037274E+00 2.93708601E-01
 2.55875748E-02 2.02884282E+00 2.97501610E-01
 2.60372704E-02 2.02728973E+00 3.01223334E-01
 2.64946242E-02 2.02571849E+00 3.04872904E-01
 2.69650127E-02 2.02413580E+00 3.08447962E-01
 2.74389414E-02 2.02253053E+00 3.11958709E-01
 2.79328032E-02 2.02096081E+00 3.15622232E-01
 2.84838079E-02 2.01955193E+00 3.19897744E-01
 2.90402516E-02 2.01811732E+00 3.24088514E-01
 2.96022069E-02 2.01665743E+00 3.28197664E-01
 3.01738236E-02 2.01517576E+00 3.32225889E-01
 3.07625575E-02 2.01367826E+00 3.36171776E-01
 3.13567351E-02 2.01215654E+00 3.40044052E-01
 3.19564232E-02 2.01061098E+00 3.43845013E-01
 3.25616893E-02 2.00904195E+00 3.47576782E-01
 3.31799053E-02 2.00746830E+00 3.51360885E-01
 3.38683344E-02 2.00603147E+00 3.56094253E-01
 3.45757149E-02 2.00457626E+00 3.60727162E-01
 3.52977325E-02 2.00310104E+00 3.65264191E-01
 3.60279014E-02 2.00160320E+00 3.69710347E-01
 3.67662968E-02 2.00008302E+00 3.74068537E-01
 3.75129948E-02 1.99854074E+00 3.78341434E-01
 3.82680732E-02 1.99697660E+00 3.82531529E-01
 3.90380013E-02 1.99539217E+00 3.86640408E-01
 3.98265247E-02 1.99378854E+00 3.90669764E-01
 4.07082638E-02 1.99234069E+00 3.95664474E-01
 4.16043468E-02 1.99087289E+00 4.00590218E-01
 4.25123212E-02 1.98937993E+00 4.05416884E-01
 4.34323599E-02 1.98786222E+00 4.10147370E-01
 4.43770551E-02 1.98632051E+00 4.14784823E-01
 4.53405533E-02 1.98475510E+00 4.19331454E-01
 4.63163993E-02 1.98316617E+00 4.23789263E-01
 4.73047618E-02 1.98155409E+00 4.28160365E-01
 4.83058117E-02 1.97991917E+00 4.32446694E-01
 4.93856351E-02 1.97847410E+00 4.37462998E-01
 5.05163258E-02 1.97704022E+00 4.42543447E-01
 5.16635786E-02 1.97557794E+00 4.47525389E-01
 5.28271083E-02 1.97408799E+00 4.52410926E-01
 5.40072182E-02 1.97257097E+00 4.57202076E-01
 5.52042152E-02 1.97102748E+00 4.61900687E-01
 5.64373828E-02 1.96945423E+00 4.66512916E-01
 5.76899510E-02 1.96785538E+00 4.71036383E-01
 5.89600327E-02 1.96623185E+00 4.75472031E-01
 6.03165438E-02 1.96472588E+00 4.80458549E-01
 6.17246836E-02 1.96325571E+00 4.85613015E-01
 6.31702335E-02 1.96175719E+00 4.90666078E-01
 6.46485547E-02 1.96023240E+00 4.95618052E-01
 6.61510587E-02 1.95868437E+00 5.00468287E-01
 6.76781645E-02 1.95711347E+00 5.05218419E-01
 6.92302976E-02 1.95552004E+00 5.09869952E-01
 7.08142436E-02 1.95390233E+00 5.14426310E-01
 7.24393191E-02 1.95225787E+00 5.18891490E-01
 7.41362436E-02 1.95075449E+00 5.23560994E-01
 7.58981331E-02 1.94935213E+00 5.28360555E-01
 7.76916406E-02 1.94792664E+00 5.33061359E-01
 7.95192150E-02 1.94647781E+00 5.37665027E-01
 8.14017700E-02 1.94499894E+00 5.42178684E-01
 8.33176540E-02 1.94349848E+00 5.46596161E-01
 8.52675113E-02 1.94197680E+00 5.50918290E-01
 8.72519965E-02 1.94043423E+00 5.55145836E-01
 8.92717755E-02 1.93887111E+00 5.59279499E-01
 9.13726348E-02 1.93741714E+00 5.63448344E-01
 9.35634803E-02 1.93611609E+00 5.67688793E-01
 9.57963943E-02 1.93479524E+00 5.71835386E-01
 9.80722517E-02 1.93345492E+00 5.75888730E-01
 1.00391943E-01 1.93209548E+00 5.79849386E-01
 1.02762555E-01 1.93071493E+00 5.83719333E-01
 1.05196740E-01 1.92930941E+00 5.87501522E-01
 1.07677378E-01 1.92788606E+00 5.91191940E-01
 1.10205413E-01 1.92644514E+00 5.94791018E-01
 1.12794342E-01 1.92509496E+00 5.98290830E-01
 1.15464345E-01 1.92398214E+00 6.01684526E-01
 1.18201653E-01 1.92284847E+00 6.04997214E-01
 1.21005934E-01 1.92169501E+00 6.08228497E-01
 1.23866386E-01 1.92052651E+00 6.11375850E-01
 1.26784202E-01 1.91934320E+00 6.14439579E-01
 1.29760596E-01 1.91814529E+00 6.17419977E-01
 1.32796807E-01 1.91693299E+00 6.20317316E-01
 1.35907630E-01 1.91570180E+00 6.23134509E-01
 1.39087246E-01 1.91451471E+00 6.25845586E-01
 1.42312851E-01 1.91362681E+00 6.28350296E-01
 1.45604156E-01 1.91272705E+00 6.30781230E-01
 1.48962569E-01 1.91181561E+00 6.33138643E-01
 1.52389524E-01 1.91089266E+00 6.35422782E-01
 1.55895968E-01 1.90995528E+00 6.37635393E-01
 1.59489034E-01 1.90900197E+00 6.39777428E-01
 1.63155034E-01 1.90803793E+00 6.41846632E-01
 1.66895508E-01 1.90706329E+00 6.43843242E-01
 1.70709876E-01 1.90608968E+00 6.45761805E-01
 1.74531789E-01 1.90547563E+00 6.47430475E-01
 1.78431167E-01 1.90485333E+00 6.49036161E-01
 1.82428655E-01 1.90421714E+00 6.50581644E-01
 1.86512838E-01 1.90357136E+00 6.52065320E-01
 1.90679330E-01 1.90291796E+00 6.53486638E-01
 1.94929854E-01 1.90225703E+00 6.54845866E-01
 1.99266168E-01 1.90158866E+00 6.56143268E-01
 2.03690063E-01 1.90091293E+00 6.57379108E-01
 2.08203367E-01 1.90022993E+00 6.58553642E-01
 2.12679997E-01 1.89984350E+00 6.59604309E-01
 2.17235791E-01 1.89948528E+00 6.60594348E-01
 2.21880859E-01 1.89912194E+00 6.61530987E-01
 2.26617020E-01 1.89875357E+00 6.62414507E-01
 2.31446125E-01 1.89838022E+00 6.63245184E-01
 2.36370063E-01 1.89800196E+00 6.64023292E-01
 2.41390756E-01 1.89761887E+00 6.64749101E-01
 2.46519603E-01 1.89722856E+00 6.65423787E-01
 2.51763858E-01 1.89682988E+00 6.66048060E-01
 2.56940404E-01 1.89666759E+00 6.66556893E-01
 2.62161013E-01 1.89657762E+00 6.67000128E-01
 2.67479844E-01 1.89648492E+00 6.67398787E-01
 2.72898818E-01 1.89638955E+00 6.67753163E-01
 2.78419889E-01 1.89629157E+00 6.68063542E-01
 2.84045046E-01 1.89619101E+00 6.68330208E-01
 2.89795095E-01 1.89608333E+00 6.68555804E-01
 2.95659710E-01 1.89597172E+00 6.68738934E-01
 3.01634514E-01 1.89585782E+00 6.68879051E-01
 3.07527305E-01 1.89591901E+00 6.69022866E-01
 3.13409997E-01 1.89608438E+00 6.69154970E-01
 3.19397684E-01 1.89624906E+00 6.69248852E-01
 3.25492315E-01 1.89641309E+00 6.69304805E-01
 3.31695875E-01 1.89657651E+00 6.69323121E-01
 3.38030089E-01 1.89673501E+00 6.69306569E-01
 3.44484247E-01 1.89689154E+00 6.69253929E-01
 3.51053410E-01 1.89704769E+00 6.69164604E-01
 3.57739703E-01 1.89720350E+00 6.69038864E-01
 3.64372560E-01 1.89747211E+00 6.68922859E-01
 3.70940233E-01 1.89785741E+00 6.68819940E-01
 3.77618780E-01 1.89824360E+00 6.68683942E-01
 3.84410162E-01 1.89863072E+00 6.68515155E-01
 3.91329876E-01 1.89901597E+00 6.68315587E-01
 3.98381459E-01 1.89939915E+00 6.68085751E-01
 4.05551885E-01 1.89978349E+00 6.67824003E-01
 4.12843242E-01 1.90016902E+00 6.67530611E-01
 4.20257653E-01 1.90055578E+00 6.67205840E-01
 4.27641788E-01 1.90102109E+00 6.66890386E-01
 4.34865924E-01 1.90162629E+00 6.66617601E-01
 4.42204458E-01 1.90223394E+00 6.66316336E-01
 4.49659301E-01 1.90284410E+00 6.65986866E-01
 4.57262484E-01 1.90345073E+00 6.65633793E-01
 4.64985958E-01 1.90405999E+00 6.65253129E-01
 4.72831567E-01 1.90467197E+00 6.64845107E-01
 4.80801340E-01 1.90528668E+00 6.64409977E-01
 4.88897339E-01 1.90590418E+00 6.63947989E-01
 4.97022303E-01 1.90656176E+00 6.63503225E-01
 5.04926897E-01 1.90735103E+00 6.63183077E-01
 5.12949337E-01 1.90814403E+00 6.62837021E-01
 5.21102013E-01 1.90893876E+00 6.62466922E-01
 5.29398587E-01 1.90973301E+00 6.62074890E-01
 5.37818639E-01 1.91053121E+00 6.61657826E-01
 5.46364124E-01 1.91133340E+00 6.61215981E-01
 5.55037024E-01 1.91213961E+00 6.60749601E-01
 5.63839348E-01 1.91294988E+00 6.60258930E-01
 5.72727718E-01 1.91377816E+00 6.59754678E-01
 5.81287182E-01 1.91474990E+00 6.59331873E-01
 5.89966285E-01 1.91572666E+00 6.58886574E-01
 5.98785304E-01 1.91670497E+00 6.58421939E-01
 6.07744499E-01 1.91768522E+00 6.57937915E-01
 6.16828764E-01 1.91867069E+00 6.57432055E-01
 6.26039984E-01 1.91966144E+00 6.56904595E-01
 6.35380064E-01 1.92065749E+00 6.56355765E-01
 6.44850933E-01 1.92165891E+00 6.55785792E-01
 6.54454547E-01 1.92266572E+00 6.55194896E-01
 6.63686819E-01 1.92379998E+00 6.54773396E-01
 6.73017513E-01 1.92494595E+00 6.54339581E-01
 6.82492214E-01 1.92609419E+00 6.53888796E-01
 6.92107922E-01 1.92724569E+00 6.53420515E-01
 7.01849800E-01 1.92840362E+00 6.52932107E-01
 7.11719659E-01 1.92956803E+00 6.52423802E-01
 7.21719330E-01 1.93073897E+00 6.51895822E-01
 7.31850664E-01 1.93191650E+00 6.51348388E-01
 7.42115535E-01 1.93310066E+00 6.50781714E-01
 7.52082419E-01 1.93437815E+00 6.50320087E-01
 7.62079333E-01 1.93568161E+00 6.49866161E-01
 7.72218282E-01 1.93698914E+00 6.49396708E-01
 7.82505989E-01 1.93829991E+00 6.48912916E-01
 7.92920884E-01 1.93961826E+00 6.48410789E-01
 8.03464718E-01 1.94094426E+00 6.47890546E-01
 8.14139261E-01 1.94227796E+00 6.47352402E-01
 8.24946302E-01 1.94361942E+00 6.46796567E-01
 8.35887645E-01 1.94496871E+00 6.46223245E-01
 8.46569372E-01 1.94639249E+00 6.45743700E-01
 8.57196685E-01 1.94785485E+00 6.45296927E-01
 8.67955041E-01 1.94932451E+00 6.44834160E-01
 8.78875993E-01 1.95079612E+00 6.44361271E-01
 8.89924069E-01 1.95227652E+00 6.43871542E-01
 9.01100949E-01 1.95376579E+00 6.43365181E-01
 9.12408327E-01 1.95526398E+00 6.42842392E-01
 9.23847916E-01 1.95677118E+00 6.42303374E-01
 9.35421440E-01 1.95828744E+00 6.41748321E-01
 9.46832685E-01 1.95985458E+00 6.41270365E-01
 9.58130574E-01 1.96146484E+00 6.40850774E-01
 9.69553136E-01 1.96308486E+00 6.40414819E-01
 9.81132603E-01 1.96470920E+00 6.39968598E-01
 9.92857061E-01 1.96634041E+00 6.39509776E-01
 1.00471098E+00 1.96798166E+00 6.39035275E-01
 1.01669600E+00 1.96963304E+00 6.38545292E-01
 1.02881379E+00 1.97129463E+00 6.38040022E-01
 1.04106603E+00 1.97296651E+00 6.37519652E-01
 1.05321318E+00 1.97467820E+00 6.37039306E-01
 1.06515469E+00 1.97644127E+00 6.36619689E-01
 1.07722089E+00 1.97821535E+00 6.36185008E-01
 1.08941331E+00 1.98000051E+00 6.35735475E-01
 1.10177899E+00 1.98178864E+00 6.35280256E-01
 1.11427953E+00 1.98358710E+00 6.34811676E-01
 1.12691098E+00 1.98539698E+00 6.34328832E-01
 1.13967496E+00 1.98721836E+00 6.33831906E-01
 1.15257309E+00 1.98905136E+00 6.33321076E-01
 1.16544707E+00 1.99091253E+00 6.32841387E-01
 1.17805011E+00 1.99282686E+00 6.32459551E-01
 1.19077815E+00 1.99475348E+00 6.32063320E-01
 1.20363270E+00 1.99669249E+00 6.31652899E-01
 1.21661530E+00 1.99864401E+00 6.31228484E-01
 1.22976992E+00 2.00060049E+00 6.30798717E-01
 1.24306726E+00 2.00256763E+00 6.30357654E-01
 1.25649725E+00 2.00454764E+00 6.29903160E-01
 1.27006146E+00 2.00654062E+00 6.29435406E-01
 1.28367876E+00 2.00855414E+00 6.28973676E-01
 1.29696324E+00 2.01062272E+00 6.28605439E-01
 1.31037320E+00 2.01270494E+00 6.28223673E-01
 1.32391015E+00 2.01480095E+00 6.27828572E-01
 1.33757557E+00 2.01691086E+00 6.27420324E-01
 1.35137096E+00 2.01903480E+00 6.26999113E-01
 1.36531384E+00 2.02117000E+00 6.26568327E-01
 1.37943120E+00 2.02331201E+00 6.26133241E-01
 1.39368309E+00 2.02546847E+00 6.25685689E-01
 1.40806112E+00 2.02764027E+00 6.25228107E-01
 1.42201364E+00 2.02987014E+00 6.24885263E-01
 1.43609190E+00 2.03211517E+00 6.24529411E-01
 1.45029737E+00 2.03437550E+00 6.24160744E-01
 1.46463150E+00 2.03665127E+00 6.23779452E-01
 1.47909578E+00 2.03894261E+00 6.23385714E-01
 1.49369168E+00 2.04124969E+00 6.22979709E-01
 1.50842067E+00 2.04357263E+00 6.22561607E-01
 1.52329516E+00 2.04590964E+00 6.22133759E-01
 1.53835465E+00 2.04825400E+00 6.21703913E-01
 1.55303210E+00 2.05064928E+00 6.21379213E-01
 1.56776671E+00 2.05306592E+00 6.21057831E-01
 1.58262773E+00 2.05549950E+00 6.20724481E-01
 1.59761661E+00 2.05795021E+00 6.20379329E-01
 1.61273482E+00 2.06041821E+00 6.20022536E-01
 1.62798382E+00 2.06290365E+00 6.19654257E-01
 1.64336507E+00 2.06540672E+00 6.19274646E-01
 1.65888002E+00 2.06792758E+00 6.18883849E-01
 1.67453015E+00 2.07046641E+00 6.18482010E-01
 1.68999851E+00 2.07304271E+00 6.18185046E-01
 1.70555359E+00 2.07563248E+00 6.17928186E-01
 1.72124829E+00 2.07823928E+00 6.17661986E-01
 1.73707477E+00 2.08086500E+00 6.17384718E-01
 1.75303448E+00 2.08350981E+00 6.17096495E-01
 1.76912888E+00 2.08617392E+00 6.16797425E-01
 1.78535940E+00 2.08885752E+00 6.16487617E-01
 1.80172752E+00 2.09156080E+00 6.16167177E-01
