 EoSType = ColdTable
 Nrho=2000
 RhoMin=   0.161865E-14    RhoMax=   0.998053E-03
HeatCapacity=   0.160000E-02
     GammaTh=   0.166667E+01
    Kappa=   0.100000E+03
 RhoSpacing = Log
-2.74031220E-03 1.49157239E+00 2.89019950E-03
-2.74033370E-03 1.49180603E+00 2.88892756E-03
-2.74035519E-03 1.49203986E+00 2.88765506E-03
-2.74037669E-03 1.49227388E+00 2.88638176E-03
-2.74039812E-03 1.49250807E+00 2.88510837E-03
-2.74041959E-03 1.49274247E+00 2.88383395E-03
-2.74044102E-03 1.49297704E+00 2.88255920E-03
-2.74046244E-03 1.49321181E+00 2.88128389E-03
-2.74048386E-03 1.49344677E+00 2.88000778E-03
-2.74050522E-03 1.49368190E+00 2.87873157E-03
-2.74052662E-03 1.49391723E+00 2.87745432E-03
-2.74054579E-03 1.49414868E+00 2.87655185E-03
-2.74056480E-03 1.49438002E+00 2.87567468E-03
-2.74058382E-03 1.49461156E+00 2.87479701E-03
-2.74060279E-03 1.49484328E+00 2.87391955E-03
-2.74062179E-03 1.49507519E+00 2.87304134E-03
-2.74064075E-03 1.49530728E+00 2.87216309E-03
-2.74065970E-03 1.49553956E+00 2.87128458E-03
-2.74067867E-03 1.49577203E+00 2.87040556E-03
-2.74069758E-03 1.49600468E+00 2.86952674E-03
-2.74071652E-03 1.49623752E+00 2.86864717E-03
-2.74073366E-03 1.49646708E+00 2.86791256E-03
-2.74075047E-03 1.49669631E+00 2.86719950E-03
-2.74076733E-03 1.49692573E+00 2.86648579E-03
-2.74078415E-03 1.49715534E+00 2.86577214E-03
-2.74080096E-03 1.49738512E+00 2.86505831E-03
-2.74081779E-03 1.49761510E+00 2.86434406E-03
-2.74083456E-03 1.49784526E+00 2.86363011E-03
-2.74085137E-03 1.49807560E+00 2.86291549E-03
-2.74086817E-03 1.49830614E+00 2.86220070E-03
-2.74088491E-03 1.49853685E+00 2.86148621E-03
-2.74090023E-03 1.49876481E+00 2.86088887E-03
-2.74091516E-03 1.49899225E+00 2.86031958E-03
-2.74093009E-03 1.49921987E+00 2.85975016E-03
-2.74094503E-03 1.49944769E+00 2.85918040E-03
-2.74095994E-03 1.49967568E+00 2.85861075E-03
-2.74097485E-03 1.49990385E+00 2.85804100E-03
-2.74098977E-03 1.50013222E+00 2.85747088E-03
-2.74100463E-03 1.50036076E+00 2.85690113E-03
-2.74101954E-03 1.50058950E+00 2.85633079E-03
-2.74103444E-03 1.50081842E+00 2.85576032E-03
-2.74104809E-03 1.50104501E+00 2.85528594E-03
-2.74106137E-03 1.50127094E+00 2.85484383E-03
-2.74107464E-03 1.50149705E+00 2.85440166E-03
-2.74108785E-03 1.50172333E+00 2.85395989E-03
-2.74110112E-03 1.50194981E+00 2.85351758E-03
-2.74111437E-03 1.50217647E+00 2.85307519E-03
-2.74112757E-03 1.50240331E+00 2.85263322E-03
-2.74114081E-03 1.50263034E+00 2.85219069E-03
-2.74115405E-03 1.50285755E+00 2.85174809E-03
-2.74116724E-03 1.50308494E+00 2.85130590E-03
-2.74117949E-03 1.50331040E+00 2.85094128E-03
-2.74119128E-03 1.50353504E+00 2.85061325E-03
-2.74120301E-03 1.50375985E+00 2.85028567E-03
-2.74121479E-03 1.50398485E+00 2.84995757E-03
-2.74122657E-03 1.50421004E+00 2.84962943E-03
-2.74123829E-03 1.50443541E+00 2.84930173E-03
-2.74125006E-03 1.50466096E+00 2.84897350E-03
-2.74126182E-03 1.50488671E+00 2.84864524E-03
-2.74127355E-03 1.50511263E+00 2.84831718E-03
-2.74128528E-03 1.50533873E+00 2.84798908E-03
-2.74129624E-03 1.50556322E+00 2.84772498E-03
-2.74130668E-03 1.50578675E+00 2.84750103E-03
-2.74131711E-03 1.50601047E+00 2.84727706E-03
-2.74132757E-03 1.50623437E+00 2.84705283E-03
-2.74133802E-03 1.50645846E+00 2.84682857E-03
-2.74134842E-03 1.50668272E+00 2.84660479E-03
-2.74135886E-03 1.50690718E+00 2.84638050E-03
-2.74136931E-03 1.50713182E+00 2.84615618E-03
-2.74137972E-03 1.50735664E+00 2.84593210E-03
-2.74139013E-03 1.50758165E+00 2.84570799E-03
-2.74139992E-03 1.50780529E+00 2.84553711E-03
-2.74140919E-03 1.50802787E+00 2.84540948E-03
-2.74141843E-03 1.50825063E+00 2.84528209E-03
-2.74142767E-03 1.50847357E+00 2.84515469E-03
-2.74143693E-03 1.50869670E+00 2.84502703E-03
-2.74144619E-03 1.50892001E+00 2.84489937E-03
-2.74145540E-03 1.50914350E+00 2.84477219E-03
-2.74146465E-03 1.50936718E+00 2.84464451E-03
-2.74147391E-03 1.50959105E+00 2.84451682E-03
-2.74148315E-03 1.50981510E+00 2.84438912E-03
-2.74149183E-03 1.51003800E+00 2.84430702E-03
-2.74150002E-03 1.51025971E+00 2.84427154E-03
-2.74150820E-03 1.51048161E+00 2.84423605E-03
-2.74151639E-03 1.51070370E+00 2.84420057E-03
-2.74152454E-03 1.51092596E+00 2.84416532E-03
-2.74153269E-03 1.51114840E+00 2.84413008E-03
-2.74154087E-03 1.51137103E+00 2.84409458E-03
-2.74154904E-03 1.51159385E+00 2.84405908E-03
-2.74155719E-03 1.51181685E+00 2.84402383E-03
-2.74156534E-03 1.51204003E+00 2.84398857E-03
-2.74157309E-03 1.51226227E+00 2.84399154E-03
-2.74158028E-03 1.51248317E+00 2.84404655E-03
-2.74158746E-03 1.51270426E+00 2.84410155E-03
-2.74159463E-03 1.51292552E+00 2.84415679E-03
-2.74160179E-03 1.51314696E+00 2.84421202E-03
-2.74160897E-03 1.51336860E+00 2.84426701E-03
-2.74161615E-03 1.51359042E+00 2.84432199E-03
-2.74162333E-03 1.51381242E+00 2.84437697E-03
-2.74163048E-03 1.51403460E+00 2.84443219E-03
-2.74163763E-03 1.51425697E+00 2.84448740E-03
-2.74164448E-03 1.51447857E+00 2.84457543E-03
-2.74165073E-03 1.51469866E+00 2.84472188E-03
-2.74165699E-03 1.51491893E+00 2.84486833E-03
-2.74166324E-03 1.51513938E+00 2.84501476E-03
-2.74166949E-03 1.51536002E+00 2.84516118E-03
-2.74167572E-03 1.51558084E+00 2.84530784E-03
-2.74168195E-03 1.51580184E+00 2.84545449E-03
-2.74168819E-03 1.51602303E+00 2.84560088E-03
-2.74169444E-03 1.51624441E+00 2.84574726E-03
-2.74170069E-03 1.51646597E+00 2.84589362E-03
-2.74170667E-03 1.51668691E+00 2.84606827E-03
-2.74171204E-03 1.51690614E+00 2.84630971E-03
-2.74171738E-03 1.51712555E+00 2.84655138E-03
-2.74172275E-03 1.51734515E+00 2.84679277E-03
-2.74172809E-03 1.51756493E+00 2.84703438E-03
-2.74173345E-03 1.51778489E+00 2.84727573E-03
-2.74173882E-03 1.51800504E+00 2.84751704E-03
-2.74174418E-03 1.51822537E+00 2.84775834E-03
-2.74174954E-03 1.51844589E+00 2.84799960E-03
-2.74175490E-03 1.51866659E+00 2.84824084E-03
-2.74176006E-03 1.51888683E+00 2.84850572E-03
-2.74176456E-03 1.51910510E+00 2.84884818E-03
-2.74176907E-03 1.51932357E+00 2.84919060E-03
-2.74177357E-03 1.51954221E+00 2.84953296E-03
-2.74177807E-03 1.51976104E+00 2.84987529E-03
-2.74178255E-03 1.51998004E+00 2.85021781E-03
-2.74178705E-03 1.52019924E+00 2.85056004E-03
-2.74179155E-03 1.52041862E+00 2.85090223E-03
-2.74179605E-03 1.52063818E+00 2.85124436E-03
-2.74180055E-03 1.52085793E+00 2.85158645E-03
-2.74180488E-03 1.52107736E+00 2.85194743E-03
-2.74180852E-03 1.52129454E+00 2.85239942E-03
-2.74181219E-03 1.52151190E+00 2.85285107E-03
-2.74181584E-03 1.52172944E+00 2.85330291E-03
-2.74181948E-03 1.52194717E+00 2.85375466E-03
-2.74182312E-03 1.52216508E+00 2.85420634E-03
-2.74182677E-03 1.52238318E+00 2.85465795E-03
-2.74183041E-03 1.52260145E+00 2.85510947E-03
-2.74183405E-03 1.52281992E+00 2.85556092E-03
-2.74183772E-03 1.52303857E+00 2.85601204E-03
-2.74184127E-03 1.52325707E+00 2.85647617E-03
-2.74184404E-03 1.52347295E+00 2.85704868E-03
-2.74184682E-03 1.52368901E+00 2.85762106E-03
-2.74184959E-03 1.52390525E+00 2.85819331E-03
-2.74185236E-03 1.52412168E+00 2.85876545E-03
-2.74185514E-03 1.52433828E+00 2.85933747E-03
-2.74185791E-03 1.52455508E+00 2.85990936E-03
-2.74186068E-03 1.52477205E+00 2.86048114E-03
-2.74186348E-03 1.52498922E+00 2.86105254E-03
-2.74186625E-03 1.52520656E+00 2.86162407E-03
-2.74186901E-03 1.52542396E+00 2.86220091E-03
-2.74187088E-03 1.52563828E+00 2.86290740E-03
-2.74187275E-03 1.52585278E+00 2.86361372E-03
-2.74187462E-03 1.52606747E+00 2.86431986E-03
-2.74187649E-03 1.52628234E+00 2.86502581E-03
-2.74187838E-03 1.52649740E+00 2.86573132E-03
-2.74188027E-03 1.52671264E+00 2.86643665E-03
-2.74188214E-03 1.52692806E+00 2.86714206E-03
-2.74188401E-03 1.52714366E+00 2.86784729E-03
-2.74188588E-03 1.52735944E+00 2.86855233E-03
-2.74188778E-03 1.52757542E+00 2.86925694E-03
-2.74188873E-03 1.52778796E+00 2.87010989E-03
-2.74188965E-03 1.52800060E+00 2.87096615E-03
-2.74189056E-03 1.52821342E+00 2.87182215E-03
-2.74189150E-03 1.52842642E+00 2.87267762E-03
-2.74189244E-03 1.52863961E+00 2.87353283E-03
-2.74189335E-03 1.52885298E+00 2.87438804E-03
-2.74189429E-03 1.52906653E+00 2.87524272E-03
-2.74189523E-03 1.52928026E+00 2.87609714E-03
-2.74189614E-03 1.52949418E+00 2.87695156E-03
-2.74189705E-03 1.52970827E+00 2.87780572E-03
-2.74189708E-03 1.52991885E+00 2.87881570E-03
-2.74189696E-03 1.53012925E+00 2.87984053E-03
-2.74189687E-03 1.53033983E+00 2.88086472E-03
-2.74189678E-03 1.53055060E+00 2.88188853E-03
-2.74189667E-03 1.53076154E+00 2.88291223E-03
-2.74189658E-03 1.53097267E+00 2.88393529E-03
-2.74189649E-03 1.53118398E+00 2.88495798E-03
-2.74189637E-03 1.53139546E+00 2.88598056E-03
-2.74189631E-03 1.53160714E+00 2.88700224E-03
-2.74189619E-03 1.53181899E+00 2.88802408E-03
-2.74189517E-03 1.53202722E+00 2.88920976E-03
-2.74189393E-03 1.53223496E+00 2.89042444E-03
-2.74189275E-03 1.53244288E+00 2.89163806E-03
-2.74189151E-03 1.53265097E+00 2.89285170E-03
-2.74189032E-03 1.53285925E+00 2.89406428E-03
-2.74188908E-03 1.53306769E+00 2.89527688E-03
-2.74188790E-03 1.53327633E+00 2.89648841E-03
-2.74188666E-03 1.53348514E+00 2.89769997E-03
-2.74188547E-03 1.53369414E+00 2.89891047E-03
-2.74188423E-03 1.53390331E+00 2.90012099E-03
-2.74188207E-03 1.53410878E+00 2.90150292E-03
-2.74187965E-03 1.53431336E+00 2.90293095E-03
-2.74187717E-03 1.53451811E+00 2.90435881E-03
-2.74187474E-03 1.53472305E+00 2.90578541E-03
-2.74187229E-03 1.53492817E+00 2.90721156E-03
-2.74186984E-03 1.53513346E+00 2.90863700E-03
-2.74186741E-03 1.53533893E+00 2.91006146E-03
-2.74186496E-03 1.53554457E+00 2.91148548E-03
-2.74186251E-03 1.53575040E+00 2.91290878E-03
-2.74186008E-03 1.53595641E+00 2.91433111E-03
-2.74185666E-03 1.53615863E+00 2.91593201E-03
-2.74185283E-03 1.53635951E+00 2.91760104E-03
-2.74184900E-03 1.53656056E+00 2.91926910E-03
-2.74184519E-03 1.53676179E+00 2.92093592E-03
-2.74184139E-03 1.53696320E+00 2.92260177E-03
-2.74183758E-03 1.53716478E+00 2.92426665E-03
-2.74183377E-03 1.53736653E+00 2.92593057E-03
-2.74182994E-03 1.53756846E+00 2.92759380E-03
-2.74182611E-03 1.53777056E+00 2.92925608E-03
-2.74182230E-03 1.53797285E+00 2.93091711E-03
-2.74181748E-03 1.53817132E+00 2.93276187E-03
-2.74181213E-03 1.53836789E+00 2.93470103E-03
-2.74180678E-03 1.53856464E+00 2.93663889E-03
-2.74180143E-03 1.53876156E+00 2.93857546E-03
-2.74179607E-03 1.53895865E+00 2.94051072E-03
-2.74179072E-03 1.53915591E+00 2.94244470E-03
-2.74178537E-03 1.53935334E+00 2.94437738E-03
-2.74178001E-03 1.53955095E+00 2.94630877E-03
-2.74177465E-03 1.53974873E+00 2.94823888E-03
-2.74176930E-03 1.53994669E+00 2.95016771E-03
-2.74176291E-03 1.54014084E+00 2.95228335E-03
-2.74175585E-03 1.54033246E+00 2.95452513E-03
-2.74174878E-03 1.54052425E+00 2.95676518E-03
-2.74174169E-03 1.54071621E+00 2.95900380E-03
-2.74173460E-03 1.54090833E+00 2.96124071E-03
-2.74172753E-03 1.54110062E+00 2.96347561E-03
-2.74172046E-03 1.54129309E+00 2.96570881E-03
-2.74171336E-03 1.54148572E+00 2.96794059E-03
-2.74170626E-03 1.54167851E+00 2.97017067E-03
-2.74169916E-03 1.54187148E+00 2.97239905E-03
-2.74169107E-03 1.54206073E+00 2.97481405E-03
-2.74168202E-03 1.54224669E+00 2.97739427E-03
-2.74167302E-03 1.54243283E+00 2.97997165E-03
-2.74166396E-03 1.54261912E+00 2.98254736E-03
-2.74165493E-03 1.54280559E+00 2.98512052E-03
-2.74164589E-03 1.54299221E+00 2.98769144E-03
-2.74163686E-03 1.54317900E+00 2.99026013E-03
-2.74162781E-03 1.54336596E+00 2.99282658E-03
-2.74161877E-03 1.54355308E+00 2.99539080E-03
-2.74160972E-03 1.54374037E+00 2.99795280E-03
-2.74159965E-03 1.54392407E+00 3.00069898E-03
-2.74158841E-03 1.54410366E+00 3.00365495E-03
-2.74157719E-03 1.54428342E+00 3.00660768E-03
-2.74156596E-03 1.54446334E+00 3.00955748E-03
-2.74155471E-03 1.54464341E+00 3.01250466E-03
-2.74154345E-03 1.54482364E+00 3.01544893E-03
-2.74153221E-03 1.54500403E+00 3.01838999E-03
-2.74152096E-03 1.54518459E+00 3.02132816E-03
-2.74150969E-03 1.54536530E+00 3.02426374E-03
-2.74149842E-03 1.54554617E+00 3.02719645E-03
-2.74148617E-03 1.54572369E+00 3.03030586E-03
-2.74147244E-03 1.54589617E+00 3.03367785E-03
-2.74145871E-03 1.54606880E+00 3.03704605E-03
-2.74144498E-03 1.54624159E+00 3.04041048E-03
-2.74143123E-03 1.54641453E+00 3.04377116E-03
-2.74141749E-03 1.54658762E+00 3.04712809E-03
-2.74140373E-03 1.54676087E+00 3.05048129E-03
-2.74138997E-03 1.54693427E+00 3.05383078E-03
-2.74137623E-03 1.54710784E+00 3.05717624E-03
-2.74136245E-03 1.54728155E+00 3.06051832E-03
-2.74134776E-03 1.54745223E+00 3.06402503E-03
-2.74133120E-03 1.54761685E+00 3.06785569E-03
-2.74131466E-03 1.54778163E+00 3.07168122E-03
-2.74129811E-03 1.54794655E+00 3.07550194E-03
-2.74128153E-03 1.54811161E+00 3.07931819E-03
-2.74126499E-03 1.54827683E+00 3.08312904E-03
-2.74124839E-03 1.54844219E+00 3.08693578E-03
-2.74123180E-03 1.54860770E+00 3.09073747E-03
-2.74121521E-03 1.54877336E+00 3.09453444E-03
-2.74119858E-03 1.54893916E+00 3.09832703E-03
-2.74118113E-03 1.54910236E+00 3.10226618E-03
-2.74116141E-03 1.54925841E+00 3.10659921E-03
-2.74114167E-03 1.54941459E+00 3.11092614E-03
-2.74112194E-03 1.54957093E+00 3.11524669E-03
-2.74110221E-03 1.54972741E+00 3.11956121E-03
-2.74108245E-03 1.54988402E+00 3.12386971E-03
-2.74106266E-03 1.55004077E+00 3.12817255E-03
-2.74104286E-03 1.55019766E+00 3.13246944E-03
-2.74102307E-03 1.55035470E+00 3.13676005E-03
-2.74100326E-03 1.55051189E+00 3.14104475E-03
-2.74098271E-03 1.55066695E+00 3.14545245E-03
-2.74095941E-03 1.55081376E+00 3.15033292E-03
-2.74093610E-03 1.55096069E+00 3.15520579E-03
-2.74091279E-03 1.55110777E+00 3.16007074E-03
-2.74088946E-03 1.55125497E+00 3.16492816E-03
-2.74086609E-03 1.55140231E+00 3.16977840E-03
-2.74084270E-03 1.55154977E+00 3.17462118E-03
-2.74081932E-03 1.55169738E+00 3.17945618E-03
-2.74079592E-03 1.55184512E+00 3.18428378E-03
-2.74077247E-03 1.55199299E+00 3.18910435E-03
-2.74074844E-03 1.55213934E+00 3.19401655E-03
-2.74072115E-03 1.55227630E+00 3.19948964E-03
-2.74069383E-03 1.55241339E+00 3.20495332E-03
-2.74066649E-03 1.55255060E+00 3.21040763E-03
-2.74063908E-03 1.55268792E+00 3.21585331E-03
-2.74061169E-03 1.55282538E+00 3.22128902E-03
-2.74058427E-03 1.55296296E+00 3.22671550E-03
-2.74055681E-03 1.55310067E+00 3.23213314E-03
-2.74052932E-03 1.55323849E+00 3.23754166E-03
-2.74050183E-03 1.55337646E+00 3.24294073E-03
-2.74047396E-03 1.55351357E+00 3.24839227E-03
-2.74044213E-03 1.55364017E+00 3.25450386E-03
-2.74041030E-03 1.55376689E+00 3.26060355E-03
-2.74037844E-03 1.55389373E+00 3.26669177E-03
-2.74034652E-03 1.55402067E+00 3.27276894E-03
-2.74031459E-03 1.55414774E+00 3.27883440E-03
-2.74028263E-03 1.55427493E+00 3.28488858E-03
-2.74025061E-03 1.55440222E+00 3.29093190E-03
-2.74021855E-03 1.55452963E+00 3.29696407E-03
-2.74018652E-03 1.55465717E+00 3.30298441E-03
-2.74015430E-03 1.55478458E+00 3.30901051E-03
-2.74011747E-03 1.55490044E+00 3.31580385E-03
-2.74008059E-03 1.55501641E+00 3.32258320E-03
-2.74004367E-03 1.55513249E+00 3.32934865E-03
-2.74000671E-03 1.55524867E+00 3.33610028E-03
-2.73996970E-03 1.55536497E+00 3.34283818E-03
-2.73993265E-03 1.55548136E+00 3.34956243E-03
-2.73989552E-03 1.55559786E+00 3.35627348E-03
-2.73985838E-03 1.55571447E+00 3.36297068E-03
-2.73982120E-03 1.55583119E+00 3.36965446E-03
-2.73978395E-03 1.55594801E+00 3.37632531E-03
-2.73974176E-03 1.55605342E+00 3.38380454E-03
-2.73969928E-03 1.55615840E+00 3.39130466E-03
-2.73965670E-03 1.55626347E+00 3.39878890E-03
-2.73961411E-03 1.55636864E+00 3.40625580E-03
-2.73957144E-03 1.55647391E+00 3.41370665E-03
-2.73952871E-03 1.55657927E+00 3.42114116E-03
-2.73948595E-03 1.55668474E+00 3.42855904E-03
-2.73944310E-03 1.55679030E+00 3.43596120E-03
-2.73940020E-03 1.55689595E+00 3.44334732E-03
-2.73935727E-03 1.55700171E+00 3.45071713E-03
-2.73930921E-03 1.55709682E+00 3.45889732E-03
-2.73926049E-03 1.55719072E+00 3.46715701E-03
-2.73921170E-03 1.55728470E+00 3.47539693E-03
-2.73916281E-03 1.55737877E+00 3.48361764E-03
-2.73911389E-03 1.55747294E+00 3.49181806E-03
-2.73906485E-03 1.55756718E+00 3.49999994E-03
-2.73901579E-03 1.55766153E+00 3.50816180E-03
-2.73896660E-03 1.55775594E+00 3.51630540E-03
-2.73891736E-03 1.55785046E+00 3.52442964E-03
-2.73886805E-03 1.55794506E+00 3.53253507E-03
-2.73881357E-03 1.55802991E+00 3.54144191E-03
-2.73875795E-03 1.55811281E+00 3.55049557E-03
-2.73870228E-03 1.55819581E+00 3.55952521E-03
-2.73864647E-03 1.55827886E+00 3.56853269E-03
-2.73859056E-03 1.55836200E+00 3.57751733E-03
-2.73853458E-03 1.55844522E+00 3.58647890E-03
-2.73847851E-03 1.55852851E+00 3.59541798E-03
-2.73842232E-03 1.55861188E+00 3.60433517E-03
-2.73836605E-03 1.55869533E+00 3.61322978E-03
-2.73830969E-03 1.55877887E+00 3.62210239E-03
-2.73824817E-03 1.55885367E+00 3.63175949E-03
-2.73818496E-03 1.55892584E+00 3.64163834E-03
-2.73812164E-03 1.55899807E+00 3.65149029E-03
-2.73805822E-03 1.55907038E+00 3.66131512E-03
-2.73799467E-03 1.55914276E+00 3.67111348E-03
-2.73793099E-03 1.55921519E+00 3.68088602E-03
-2.73786718E-03 1.55928770E+00 3.69063251E-03
-2.73780327E-03 1.55936028E+00 3.70035272E-03
-2.73773924E-03 1.55943293E+00 3.71004728E-03
-2.73767507E-03 1.55950564E+00 3.71971685E-03
-2.73760583E-03 1.55957073E+00 3.73014211E-03
-2.73753430E-03 1.55963260E+00 3.74087087E-03
-2.73746266E-03 1.55969453E+00 3.75156830E-03
-2.73739086E-03 1.55975652E+00 3.76223511E-03
-2.73731888E-03 1.55981856E+00 3.77287203E-03
-2.73724675E-03 1.55988066E+00 3.78347886E-03
-2.73717447E-03 1.55994281E+00 3.79405585E-03
-2.73710204E-03 1.56000503E+00 3.80460325E-03
-2.73702950E-03 1.56006732E+00 3.81512036E-03
-2.73695676E-03 1.56012966E+00 3.82560930E-03
-2.73687909E-03 1.56018550E+00 3.83680963E-03
-2.73679848E-03 1.56023766E+00 3.84839825E-03
-2.73671771E-03 1.56028987E+00 3.85995139E-03
-2.73663676E-03 1.56034214E+00 3.87146982E-03
-2.73655558E-03 1.56039444E+00 3.88295433E-03
-2.73647428E-03 1.56044681E+00 3.89440379E-03
-2.73639273E-03 1.56049922E+00 3.90582042E-03
-2.73631099E-03 1.56055167E+00 3.91720356E-03
-2.73622911E-03 1.56060419E+00 3.92855252E-03
-2.73614699E-03 1.56065675E+00 3.93986954E-03
-2.73606012E-03 1.56070390E+00 3.95184859E-03
-2.73596963E-03 1.56074704E+00 3.96430670E-03
-2.73587890E-03 1.56079021E+00 3.97672599E-03
-2.73578793E-03 1.56083342E+00 3.98910636E-03
-2.73569675E-03 1.56087669E+00 4.00144765E-03
-2.73560532E-03 1.56091998E+00 4.01375122E-03
-2.73551365E-03 1.56096332E+00 4.02601692E-03
-2.73542177E-03 1.56100671E+00 4.03824459E-03
-2.73532963E-03 1.56105013E+00 4.05043559E-03
-2.73523726E-03 1.56109360E+00 4.06258974E-03
-2.73514039E-03 1.56113271E+00 4.07535219E-03
-2.73503911E-03 1.56116761E+00 4.08869434E-03
-2.73493755E-03 1.56120255E+00 4.10199279E-03
-2.73483571E-03 1.56123752E+00 4.11524796E-03
-2.73473358E-03 1.56127253E+00 4.12846027E-03
-2.73463120E-03 1.56130758E+00 4.14162960E-03
-2.73452850E-03 1.56134265E+00 4.15475741E-03
-2.73442552E-03 1.56137776E+00 4.16784357E-03
-2.73432225E-03 1.56141290E+00 4.18088848E-03
-2.73421870E-03 1.56144807E+00 4.19389250E-03
-2.73411092E-03 1.56147987E+00 4.20743869E-03
-2.73399802E-03 1.56150747E+00 4.22166205E-03
-2.73388476E-03 1.56153510E+00 4.23583785E-03
-2.73377116E-03 1.56156275E+00 4.24996602E-03
-2.73365721E-03 1.56159043E+00 4.26404705E-03
-2.73354292E-03 1.56161813E+00 4.27808139E-03
-2.73342831E-03 1.56164588E+00 4.29206896E-03
-2.73331329E-03 1.56167363E+00 4.30601185E-03
-2.73319799E-03 1.56170142E+00 4.31990830E-03
-2.73308228E-03 1.56172923E+00 4.33376097E-03
-2.73296281E-03 1.56175455E+00 4.34807891E-03
-2.73283734E-03 1.56177579E+00 4.36317460E-03
-2.73271144E-03 1.56179705E+00 4.37821841E-03
-2.73258512E-03 1.56181832E+00 4.39321032E-03
-2.73245839E-03 1.56183962E+00 4.40815087E-03
-2.73233128E-03 1.56186095E+00 4.42304000E-03
-2.73220376E-03 1.56188229E+00 4.43787880E-03
-2.73207579E-03 1.56190365E+00 4.45266834E-03
-2.73194740E-03 1.56192504E+00 4.46740854E-03
-2.73181862E-03 1.56194645E+00 4.48209931E-03
-2.73168643E-03 1.56196609E+00 4.49717665E-03
-2.73154741E-03 1.56198193E+00 4.51313249E-03
-2.73140790E-03 1.56199779E+00 4.52903169E-03
-2.73126791E-03 1.56201366E+00 4.54487484E-03
-2.73112743E-03 1.56202955E+00 4.56066251E-03
-2.73098646E-03 1.56204546E+00 4.57639530E-03
-2.73084500E-03 1.56206138E+00 4.59207375E-03
-2.73070304E-03 1.56207731E+00 4.60769843E-03
-2.73056059E-03 1.56209327E+00 4.62326988E-03
-2.73041764E-03 1.56210923E+00 4.63878863E-03
-2.73027179E-03 1.56212406E+00 4.65460744E-03
-2.73011820E-03 1.56213546E+00 4.67140709E-03
-2.72996407E-03 1.56214687E+00 4.68814545E-03
-2.72980937E-03 1.56215830E+00 4.70482377E-03
-2.72965406E-03 1.56216973E+00 4.72144331E-03
-2.72949820E-03 1.56218118E+00 4.73800346E-03
-2.72934176E-03 1.56219264E+00 4.75450545E-03
-2.72918474E-03 1.56220411E+00 4.77094988E-03
-2.72902713E-03 1.56221559E+00 4.78733735E-03
-2.72886893E-03 1.56222709E+00 4.80366843E-03
-2.72870828E-03 1.56223790E+00 4.82021164E-03
-2.72853911E-03 1.56224579E+00 4.83783401E-03
-2.72836928E-03 1.56225369E+00 4.85539187E-03
-2.72819877E-03 1.56226160E+00 4.87288593E-03
-2.72802760E-03 1.56226951E+00 4.89031686E-03
-2.72785574E-03 1.56227744E+00 4.90768534E-03
-2.72768320E-03 1.56228537E+00 4.92499204E-03
-2.72750998E-03 1.56229331E+00 4.94223759E-03
-2.72733608E-03 1.56230125E+00 4.95942264E-03
-2.72716148E-03 1.56230921E+00 4.97654781E-03
-2.72698497E-03 1.56231684E+00 4.99379267E-03
-2.72679911E-03 1.56232210E+00 5.01221564E-03
-2.72661243E-03 1.56232736E+00 5.03057119E-03
-2.72642498E-03 1.56233263E+00 5.04885940E-03
-2.72623677E-03 1.56233791E+00 5.06708035E-03
-2.72604778E-03 1.56234320E+00 5.08523540E-03
-2.72585797E-03 1.56234848E+00 5.10332593E-03
-2.72566736E-03 1.56235377E+00 5.12135196E-03
-2.72547596E-03 1.56235906E+00 5.13931418E-03
-2.72528382E-03 1.56236438E+00 5.15721189E-03
-2.72509018E-03 1.56236956E+00 5.17513767E-03
-2.72488644E-03 1.56237303E+00 5.19433728E-03
-2.72468173E-03 1.56237647E+00 5.21346687E-03
-2.72447619E-03 1.56237994E+00 5.23252449E-03
-2.72426971E-03 1.56238341E+00 5.25151296E-03
-2.72406233E-03 1.56238687E+00 5.27043236E-03
-2.72385406E-03 1.56239035E+00 5.28928272E-03
-2.72364485E-03 1.56239383E+00 5.30806617E-03
-2.72343471E-03 1.56239730E+00 5.32678272E-03
-2.72322369E-03 1.56240080E+00 5.34543238E-03
-2.72301167E-03 1.56240427E+00 5.36401794E-03
-2.72278882E-03 1.56240669E+00 5.38396602E-03
-2.72256492E-03 1.56240912E+00 5.40384210E-03
-2.72233997E-03 1.56241153E+00 5.42364530E-03
-2.72211397E-03 1.56241395E+00 5.44337571E-03
-2.72188697E-03 1.56241638E+00 5.46303341E-03
-2.72165892E-03 1.56241882E+00 5.48261989E-03
-2.72142979E-03 1.56242124E+00 5.50213663E-03
-2.72119961E-03 1.56242367E+00 5.52158365E-03
-2.72096836E-03 1.56242610E+00 5.54096169E-03
-2.72073608E-03 1.56242854E+00 5.56027074E-03
-2.72049341E-03 1.56243063E+00 5.58085243E-03
-2.72024893E-03 1.56243270E+00 5.60145080E-03
-2.72000329E-03 1.56243478E+00 5.62197286E-03
-2.71975646E-03 1.56243686E+00 5.64241946E-03
-2.71950845E-03 1.56243893E+00 5.66279142E-03
-2.71925924E-03 1.56244102E+00 5.68308954E-03
-2.71900884E-03 1.56244310E+00 5.70331460E-03
-2.71875724E-03 1.56244518E+00 5.72346738E-03
-2.71850443E-03 1.56244727E+00 5.74354864E-03
-2.71825040E-03 1.56244936E+00 5.76355912E-03
-2.71798660E-03 1.56245169E+00 5.78474632E-03
-2.71772019E-03 1.56245404E+00 5.80604057E-03
-2.71745245E-03 1.56245640E+00 5.82725609E-03
-2.71718334E-03 1.56245876E+00 5.84839452E-03
-2.71691291E-03 1.56246112E+00 5.86945515E-03
-2.71664111E-03 1.56246348E+00 5.89044036E-03
-2.71636798E-03 1.56246584E+00 5.91134940E-03
-2.71609349E-03 1.56246821E+00 5.93218386E-03
-2.71581763E-03 1.56247059E+00 5.95294450E-03
-2.71554039E-03 1.56247296E+00 5.97363211E-03
-2.71525393E-03 1.56247601E+00 5.99540099E-03
-2.71496411E-03 1.56247921E+00 6.01736561E-03
-2.71467279E-03 1.56248242E+00 6.03924935E-03
-2.71438000E-03 1.56248564E+00 6.06105229E-03
-2.71408566E-03 1.56248886E+00 6.08277687E-03
-2.71378980E-03 1.56249207E+00 6.10442315E-03
-2.71349242E-03 1.56249529E+00 6.12599197E-03
-2.71319349E-03 1.56249852E+00 6.14748412E-03
-2.71289302E-03 1.56250174E+00 6.16890042E-03
-2.71259100E-03 1.56250497E+00 6.19024165E-03
-2.71228032E-03 1.56250918E+00 6.21256771E-03
-2.71196562E-03 1.56251375E+00 6.23517589E-03
-2.71164917E-03 1.56251832E+00 6.25770292E-03
-2.71133103E-03 1.56252288E+00 6.28014805E-03
-2.71101126E-03 1.56252747E+00 6.30251053E-03
-2.71068972E-03 1.56253204E+00 6.32479449E-03
-2.71036651E-03 1.56253663E+00 6.34699832E-03
-2.71004156E-03 1.56254122E+00 6.36912366E-03
-2.70971485E-03 1.56254581E+00 6.39117216E-03
-2.70938644E-03 1.56255041E+00 6.41314296E-03
-2.70904996E-03 1.56255621E+00 6.43600088E-03
-2.70870869E-03 1.56256258E+00 6.45922950E-03
-2.70836555E-03 1.56256897E+00 6.48237369E-03
-2.70802052E-03 1.56257536E+00 6.50543434E-03
-2.70767361E-03 1.56258175E+00 6.52841234E-03
-2.70732479E-03 1.56258816E+00 6.55130856E-03
-2.70697406E-03 1.56259456E+00 6.57412385E-03
-2.70662141E-03 1.56260098E+00 6.59685905E-03
-2.70626679E-03 1.56260739E+00 6.61951585E-03
-2.70591026E-03 1.56261381E+00 6.64209334E-03
-2.70554628E-03 1.56262157E+00 6.66545977E-03
-2.70517675E-03 1.56263015E+00 6.68928536E-03
-2.70480522E-03 1.56263875E+00 6.71302336E-03
-2.70443159E-03 1.56264737E+00 6.73667641E-03
-2.70405579E-03 1.56265597E+00 6.76024714E-03
-2.70367795E-03 1.56266460E+00 6.78373293E-03
-2.70329799E-03 1.56267324E+00 6.80713640E-03
-2.70291581E-03 1.56268186E+00 6.83046014E-03
-2.70253156E-03 1.56269052E+00 6.85370148E-03
-2.70214515E-03 1.56269918E+00 6.87686298E-03
-2.70175179E-03 1.56270920E+00 6.90071827E-03
-2.70135233E-03 1.56272036E+00 6.92511547E-03
-2.70095061E-03 1.56273154E+00 6.94942469E-03
-2.70054655E-03 1.56274272E+00 6.97364865E-03
-2.70014016E-03 1.56275390E+00 6.99778734E-03
-2.69973148E-03 1.56276511E+00 7.02184073E-03
-2.69932036E-03 1.56277631E+00 7.04581240E-03
-2.69890696E-03 1.56278754E+00 7.06969959E-03
-2.69849115E-03 1.56279878E+00 7.09350584E-03
-2.69807294E-03 1.56281002E+00 7.11723107E-03
-2.69764839E-03 1.56282263E+00 7.14155200E-03
-2.69721714E-03 1.56283667E+00 7.16649932E-03
-2.69678336E-03 1.56285073E+00 7.19135855E-03
-2.69634707E-03 1.56286481E+00 7.21612969E-03
-2.69590822E-03 1.56287890E+00 7.24081453E-03
-2.69546680E-03 1.56289300E+00 7.26541397E-03
-2.69502279E-03 1.56290712E+00 7.28992887E-03
-2.69457614E-03 1.56292124E+00 7.31436101E-03
-2.69412687E-03 1.56293538E+00 7.33871029E-03
-2.69367500E-03 1.56294954E+00 7.36297660E-03
-2.69321725E-03 1.56296499E+00 7.38774479E-03
-2.69275232E-03 1.56298220E+00 7.41322086E-03
-2.69228462E-03 1.56299943E+00 7.43860800E-03
-2.69181417E-03 1.56301668E+00 7.46390616E-03
-2.69134091E-03 1.56303395E+00 7.48911719E-03
-2.69086479E-03 1.56305122E+00 7.51424292E-03
-2.69038582E-03 1.56306851E+00 7.53928325E-03
-2.68990408E-03 1.56308584E+00 7.56423711E-03
-2.68941938E-03 1.56310317E+00 7.58910919E-03
-2.68893179E-03 1.56312051E+00 7.61389837E-03
-2.68843877E-03 1.56313904E+00 7.63909617E-03
-2.68793823E-03 1.56315966E+00 7.66508107E-03
-2.68743465E-03 1.56318031E+00 7.69097634E-03
-2.68692803E-03 1.56320097E+00 7.71678289E-03
-2.68641834E-03 1.56322166E+00 7.74250161E-03
-2.68590556E-03 1.56324237E+00 7.76813336E-03
-2.68538967E-03 1.56326309E+00 7.79367900E-03
-2.68487062E-03 1.56328383E+00 7.81914037E-03
-2.68434847E-03 1.56330459E+00 7.84451632E-03
-2.68382311E-03 1.56332537E+00 7.86980965E-03
-2.68329274E-03 1.56334720E+00 7.89541922E-03
-2.68275451E-03 1.56337144E+00 7.92189679E-03
-2.68221294E-03 1.56339570E+00 7.94828517E-03
-2.68166805E-03 1.56341999E+00 7.97458428E-03
-2.68111986E-03 1.56344430E+00 8.00079398E-03
-2.68056831E-03 1.56346864E+00 8.02691613E-03
-2.68001337E-03 1.56349301E+00 8.05295159E-03
-2.67945502E-03 1.56351740E+00 8.07890120E-03
-2.67889321E-03 1.56354180E+00 8.10476681E-03
-2.67832795E-03 1.56356623E+00 8.13054820E-03
-2.67775790E-03 1.56359151E+00 8.15655765E-03
-2.67717984E-03 1.56361954E+00 8.18351243E-03
-2.67659819E-03 1.56364760E+00 8.21037658E-03
-2.67601294E-03 1.56367569E+00 8.23715100E-03
-2.67542405E-03 1.56370381E+00 8.26383656E-03
-2.67483152E-03 1.56373196E+00 8.29043412E-03
-2.67423531E-03 1.56376013E+00 8.31694452E-03
-2.67363540E-03 1.56378834E+00 8.34336858E-03
-2.67303177E-03 1.56381657E+00 8.36970713E-03
-2.67242440E-03 1.56384482E+00 8.39596098E-03
-2.67181241E-03 1.56387373E+00 8.42235495E-03
-2.67119241E-03 1.56390573E+00 8.44976951E-03
-2.67056844E-03 1.56393774E+00 8.47709524E-03
-2.66994061E-03 1.56396979E+00 8.50432981E-03
-2.66930885E-03 1.56400188E+00 8.53147516E-03
-2.66867310E-03 1.56403398E+00 8.55853321E-03
-2.66803345E-03 1.56406614E+00 8.58550156E-03
-2.66738972E-03 1.56409831E+00 8.61238535E-03
-2.66674205E-03 1.56413054E+00 8.63918106E-03
-2.66609023E-03 1.56416277E+00 8.66589382E-03
-2.66543392E-03 1.56419544E+00 8.69265954E-03
-2.66476962E-03 1.56423151E+00 8.72052483E-03
-2.66410114E-03 1.56426761E+00 8.74829890E-03
-2.66342850E-03 1.56430376E+00 8.77598150E-03
-2.66275161E-03 1.56433995E+00 8.80357458E-03
-2.66207041E-03 1.56437616E+00 8.83108008E-03
-2.66138492E-03 1.56441241E+00 8.85849773E-03
-2.66069511E-03 1.56444870E+00 8.88582835E-03
-2.66000095E-03 1.56448502E+00 8.91307272E-03
-2.65930241E-03 1.56452138E+00 8.94023165E-03
-2.65859941E-03 1.56455795E+00 8.96735740E-03
-2.65788856E-03 1.56459821E+00 8.99566188E-03
-2.65717322E-03 1.56463850E+00 9.02387490E-03
-2.65645334E-03 1.56467884E+00 9.05199734E-03
-2.65572890E-03 1.56471922E+00 9.08003003E-03
-2.65499986E-03 1.56475964E+00 9.10797380E-03
-2.65426621E-03 1.56480011E+00 9.13582947E-03
-2.65352791E-03 1.56484061E+00 9.16359783E-03
-2.65278498E-03 1.56488116E+00 9.19127854E-03
-2.65203728E-03 1.56492175E+00 9.21887466E-03
-2.65128490E-03 1.56496239E+00 9.24638466E-03
-2.65052518E-03 1.56500683E+00 9.27508883E-03
-2.64976055E-03 1.56505140E+00 9.30373258E-03
-2.64899111E-03 1.56509603E+00 9.33228440E-03
-2.64821677E-03 1.56514070E+00 9.36074628E-03
-2.64743746E-03 1.56518541E+00 9.38912018E-03
-2.64665323E-03 1.56523017E+00 9.41740461E-03
-2.64586402E-03 1.56527498E+00 9.44560150E-03
-2.64506973E-03 1.56531983E+00 9.47371281E-03
-2.64427044E-03 1.56536473E+00 9.50173697E-03
-2.64346606E-03 1.56540968E+00 9.52967591E-03
-2.64265504E-03 1.56545821E+00 9.55872130E-03
-2.64183876E-03 1.56550714E+00 9.58778820E-03
-2.64101727E-03 1.56555612E+00 9.61676416E-03
-2.64019054E-03 1.56560515E+00 9.64565000E-03
-2.63935854E-03 1.56565423E+00 9.67444653E-03
-2.63852122E-03 1.56570337E+00 9.70315454E-03
-2.63767852E-03 1.56575254E+00 9.73177602E-03
-2.63683049E-03 1.56580177E+00 9.76030933E-03
-2.63597699E-03 1.56585105E+00 9.78875764E-03
-2.63511810E-03 1.56590038E+00 9.81711929E-03
-2.63425323E-03 1.56595306E+00 9.84650140E-03
-2.63338273E-03 1.56600639E+00 9.87598931E-03
-2.63250657E-03 1.56605975E+00 9.90538856E-03
-2.63162492E-03 1.56611319E+00 9.93469510E-03
-2.63073764E-03 1.56616668E+00 9.96391215E-03
-2.62984463E-03 1.56622022E+00 9.99304173E-03
-2.62894592E-03 1.56627381E+00 1.00220834E-02
-2.62804152E-03 1.56632747E+00 1.00510366E-02
-2.62713134E-03 1.56638119E+00 1.00799035E-02
-2.62621523E-03 1.56643494E+00 1.01086871E-02
-2.62529375E-03 1.56649181E+00 1.01384044E-02
-2.62436642E-03 1.56654955E+00 1.01683121E-02
-2.62343311E-03 1.56660735E+00 1.01981297E-02
-2.62249383E-03 1.56666521E+00 1.02278568E-02
-2.62154861E-03 1.56672314E+00 1.02574931E-02
-2.62059735E-03 1.56678113E+00 1.02870404E-02
-2.61964001E-03 1.56683918E+00 1.03164996E-02
-2.61867655E-03 1.56689729E+00 1.03458714E-02
-2.61770693E-03 1.56695546E+00 1.03751566E-02
-2.61673105E-03 1.56701368E+00 1.04043571E-02
-2.61575010E-03 1.56707474E+00 1.04344111E-02
-2.61476325E-03 1.56713692E+00 1.04647393E-02
-2.61377015E-03 1.56719917E+00 1.04949747E-02
-2.61277071E-03 1.56726149E+00 1.05251194E-02
-2.61176483E-03 1.56732387E+00 1.05551756E-02
-2.61075258E-03 1.56738632E+00 1.05851413E-02
-2.60973388E-03 1.56744884E+00 1.06150187E-02
-2.60870860E-03 1.56751141E+00 1.06448097E-02
-2.60767678E-03 1.56757405E+00 1.06745139E-02
-2.60663849E-03 1.56763677E+00 1.07041293E-02
-2.60559517E-03 1.56770203E+00 1.07345219E-02
-2.60454614E-03 1.56776866E+00 1.07652711E-02
-2.60349049E-03 1.56783537E+00 1.07959273E-02
-2.60242805E-03 1.56790214E+00 1.08264940E-02
-2.60135890E-03 1.56796899E+00 1.08569692E-02
-2.60028287E-03 1.56803590E+00 1.08873564E-02
-2.59919999E-03 1.56810288E+00 1.09176549E-02
-2.59811020E-03 1.56816993E+00 1.09478656E-02
-2.59701347E-03 1.56823706E+00 1.09779891E-02
-2.59590974E-03 1.56830425E+00 1.10080261E-02
-2.59480126E-03 1.56837373E+00 1.10387571E-02
-2.59368729E-03 1.56844481E+00 1.10699312E-02
-2.59256625E-03 1.56851596E+00 1.11010134E-02
-2.59143802E-03 1.56858717E+00 1.11320058E-02
-2.59030262E-03 1.56865846E+00 1.11629078E-02
-2.58916007E-03 1.56872984E+00 1.11937188E-02
-2.58801025E-03 1.56880129E+00 1.12244408E-02
-2.58685306E-03 1.56887281E+00 1.12550761E-02
-2.58568852E-03 1.56894441E+00 1.12856239E-02
-2.58451663E-03 1.56901609E+00 1.13160835E-02
-2.58333987E-03 1.56908977E+00 1.13514702E-02
-2.58215806E-03 1.56916526E+00 1.13911771E-02
-2.58096877E-03 1.56924084E+00 1.14307378E-02
-2.57977182E-03 1.56931647E+00 1.14701565E-02
-2.57856742E-03 1.56939220E+00 1.15094293E-02
-2.57735539E-03 1.56946802E+00 1.15485603E-02
-2.57613561E-03 1.56954391E+00 1.15875523E-02
-2.57490811E-03 1.56961988E+00 1.16264055E-02
-2.57367290E-03 1.56969594E+00 1.16651197E-02
-2.57242986E-03 1.56977208E+00 1.17036977E-02
-2.57087956E-03 1.56980840E+00 1.17474466E-02
-2.56897188E-03 1.56979883E+00 1.17971747E-02
-2.56704772E-03 1.56978906E+00 1.18468122E-02
-2.56510719E-03 1.56977910E+00 1.18963560E-02
-2.56314995E-03 1.56976894E+00 1.19458117E-02
-2.56117610E-03 1.56975860E+00 1.19951762E-02
-2.55918543E-03 1.56974807E+00 1.20444522E-02
-2.55717777E-03 1.56973734E+00 1.20936423E-02
-2.55465549E-03 1.56972731E+00 1.21428086E-02
-2.55149385E-03 1.56971845E+00 1.21920452E-02
-2.54981579E-03 1.56978690E+00 1.22235195E-02
-2.55037110E-03 1.56997045E+00 1.22282652E-02
-2.55031544E-03 1.57015526E+00 1.22331279E-02
-2.54965478E-03 1.57034105E+00 1.22385332E-02
-2.54898904E-03 1.57052675E+00 1.22441585E-02
-2.54831818E-03 1.57071234E+00 1.22500029E-02
-2.54764203E-03 1.57089781E+00 1.22560688E-02
-2.54696062E-03 1.57108318E+00 1.22623542E-02
-2.54627400E-03 1.57126844E+00 1.22688569E-02
-2.54558206E-03 1.57145359E+00 1.22755779E-02
-2.54464856E-03 1.57160589E+00 1.22909404E-02
-2.54324454E-03 1.57169402E+00 1.23228248E-02
-2.54183169E-03 1.57178222E+00 1.23546209E-02
-2.54041001E-03 1.57187050E+00 1.23863282E-02
-2.53897946E-03 1.57195885E+00 1.24179474E-02
-2.53753990E-03 1.57204727E+00 1.24494804E-02
-2.53609143E-03 1.57213577E+00 1.24809252E-02
-2.53463384E-03 1.57222434E+00 1.25122853E-02
-2.53316722E-03 1.57231300E+00 1.25435584E-02
-2.53169145E-03 1.57240173E+00 1.25747466E-02
-2.53020907E-03 1.57249148E+00 1.26065066E-02
-2.52872436E-03 1.57258380E+00 1.26399057E-02
-2.52723061E-03 1.57267626E+00 1.26731927E-02
-2.52572742E-03 1.57276880E+00 1.27063743E-02
-2.52421498E-03 1.57286147E+00 1.27394469E-02
-2.52269315E-03 1.57295425E+00 1.27724129E-02
-2.52116179E-03 1.57304713E+00 1.28052746E-02
-2.51962093E-03 1.57314011E+00 1.28380312E-02
-2.51807058E-03 1.57323322E+00 1.28706821E-02
-2.51651060E-03 1.57332645E+00 1.29032296E-02
-2.51494317E-03 1.57342047E+00 1.29360205E-02
-2.51337502E-03 1.57351725E+00 1.29700006E-02
-2.51179728E-03 1.57361417E+00 1.30038789E-02
-2.51020981E-03 1.57371121E+00 1.30376581E-02
-2.50861246E-03 1.57380836E+00 1.30713404E-02
-2.50700527E-03 1.57390564E+00 1.31049250E-02
-2.50538816E-03 1.57400304E+00 1.31384127E-02
-2.50376108E-03 1.57410056E+00 1.31718041E-02
-2.50212397E-03 1.57419820E+00 1.32051001E-02
-2.50047675E-03 1.57429597E+00 1.32383013E-02
-2.49882124E-03 1.57439426E+00 1.32716286E-02
-2.49716655E-03 1.57449506E+00 1.33061488E-02
-2.49550173E-03 1.57459598E+00 1.33405794E-02
-2.49382680E-03 1.57469704E+00 1.33749193E-02
-2.49214162E-03 1.57479823E+00 1.34091709E-02
-2.49044604E-03 1.57489954E+00 1.34433366E-02
-2.48874007E-03 1.57500097E+00 1.34774154E-02
-2.48702365E-03 1.57510254E+00 1.35114080E-02
-2.48529673E-03 1.57520423E+00 1.35453148E-02
-2.48355932E-03 1.57530607E+00 1.35791350E-02
-2.48181226E-03 1.57540825E+00 1.36129986E-02
-2.48006759E-03 1.57551326E+00 1.36481674E-02
-2.47831213E-03 1.57561836E+00 1.36832582E-02
-2.47654609E-03 1.57572357E+00 1.37182666E-02
-2.47476931E-03 1.57582890E+00 1.37531949E-02
-2.47298164E-03 1.57593433E+00 1.37880453E-02
-2.47118328E-03 1.57603989E+00 1.38228135E-02
-2.46937379E-03 1.57614554E+00 1.38575066E-02
-2.46755340E-03 1.57625132E+00 1.38921204E-02
-2.46572193E-03 1.57635720E+00 1.39266571E-02
-2.46387956E-03 1.57646324E+00 1.39611404E-02
-2.46204079E-03 1.57657162E+00 1.39967428E-02
-2.46019101E-03 1.57668011E+00 1.40322468E-02
-2.45832998E-03 1.57678870E+00 1.40676561E-02
-2.45645770E-03 1.57689738E+00 1.41029699E-02
-2.45457422E-03 1.57700618E+00 1.41381874E-02
-2.45267936E-03 1.57711509E+00 1.41733109E-02
-2.45077296E-03 1.57722409E+00 1.42083425E-02
-2.44885505E-03 1.57733319E+00 1.42432815E-02
-2.44692565E-03 1.57744240E+00 1.42781269E-02
-2.44498449E-03 1.57755171E+00 1.43128826E-02
-2.44304692E-03 1.57766450E+00 1.43485825E-02
-2.44109847E-03 1.57777758E+00 1.43842233E-02
-2.43913825E-03 1.57789077E+00 1.44197580E-02
-2.43716628E-03 1.57800409E+00 1.44551858E-02
-2.43518261E-03 1.57811755E+00 1.44905058E-02
-2.43318694E-03 1.57823113E+00 1.45257221E-02
-2.43117932E-03 1.57834483E+00 1.45608338E-02
-2.42915978E-03 1.57845868E+00 1.45958400E-02
-2.42712792E-03 1.57857263E+00 1.46307464E-02
-2.42508410E-03 1.57868673E+00 1.46655470E-02
-2.42304363E-03 1.57880332E+00 1.47022067E-02
-2.42099290E-03 1.57892034E+00 1.47389993E-02
-2.41893010E-03 1.57903751E+00 1.47756821E-02
-2.41685504E-03 1.57915481E+00 1.48122577E-02
-2.41476753E-03 1.57927225E+00 1.48487286E-02
-2.41266762E-03 1.57938984E+00 1.48850940E-02
-2.41055523E-03 1.57950756E+00 1.49213545E-02
-2.40843029E-03 1.57962542E+00 1.49575109E-02
-2.40629271E-03 1.57974343E+00 1.49935640E-02
-2.40414242E-03 1.57986158E+00 1.50295145E-02
-2.40199529E-03 1.57998145E+00 1.50665706E-02
-2.39983887E-03 1.58010182E+00 1.51037758E-02
-2.39766975E-03 1.58022234E+00 1.51408789E-02
-2.39548774E-03 1.58034299E+00 1.51778824E-02
-2.39329286E-03 1.58046380E+00 1.52147851E-02
-2.39108515E-03 1.58058478E+00 1.52515860E-02
-2.38886443E-03 1.58070590E+00 1.52882877E-02
-2.38663051E-03 1.58082717E+00 1.53248926E-02
-2.38438341E-03 1.58094859E+00 1.53613997E-02
-2.38212306E-03 1.58107016E+00 1.53978096E-02
-2.37986513E-03 1.58119415E+00 1.54351135E-02
-2.37759884E-03 1.58131900E+00 1.54726309E-02
-2.37531929E-03 1.58144399E+00 1.55100544E-02
-2.37302653E-03 1.58156915E+00 1.55473825E-02
-2.37072013E-03 1.58169443E+00 1.55846218E-02
-2.36840048E-03 1.58181989E+00 1.56217652E-02
-2.36606702E-03 1.58194547E+00 1.56588211E-02
-2.36372016E-03 1.58207122E+00 1.56957824E-02
-2.36135932E-03 1.58219711E+00 1.57326574E-02
-2.35898468E-03 1.58232315E+00 1.57694429E-02
-2.35661159E-03 1.58245084E+00 1.58073294E-02
-2.35423135E-03 1.58257932E+00 1.58456295E-02
-2.35183718E-03 1.58270794E+00 1.58838317E-02
-2.34942913E-03 1.58283671E+00 1.59219347E-02
-2.34700710E-03 1.58296562E+00 1.59599392E-02
-2.34457103E-03 1.58309468E+00 1.59978459E-02
-2.34212082E-03 1.58322389E+00 1.60356556E-02
-2.33965639E-03 1.58335325E+00 1.60733688E-02
-2.33717754E-03 1.58348275E+00 1.61109882E-02
-2.33468455E-03 1.58361241E+00 1.61485088E-02
-2.33219206E-03 1.58374381E+00 1.61868610E-02
-2.32969410E-03 1.58387628E+00 1.62256381E-02
-2.32718178E-03 1.58400891E+00 1.62643111E-02
-2.32461287E-03 1.58414171E+00 1.63028812E-02
-2.32198960E-03 1.58427468E+00 1.63413462E-02
-2.31935173E-03 1.58440783E+00 1.63797095E-02
-2.31669919E-03 1.58454113E+00 1.64179719E-02
-2.31403189E-03 1.58467459E+00 1.64561340E-02
-2.31134977E-03 1.58480821E+00 1.64941966E-02
-2.30865274E-03 1.58494200E+00 1.65321604E-02
-2.30595246E-03 1.58507717E+00 1.65711583E-02
-2.30324610E-03 1.58521342E+00 1.66108981E-02
-2.30052481E-03 1.58534983E+00 1.66505319E-02
-2.29778854E-03 1.58548640E+00 1.66900586E-02
-2.29503719E-03 1.58562315E+00 1.67294769E-02
-2.29227069E-03 1.58576006E+00 1.67687915E-02
-2.28948896E-03 1.58589713E+00 1.68080012E-02
-2.28669193E-03 1.58603438E+00 1.68471047E-02
-2.28387951E-03 1.58617177E+00 1.68861087E-02
-2.28105162E-03 1.58630935E+00 1.69250059E-02
-2.27821856E-03 1.58644803E+00 1.69645724E-02
-2.27538009E-03 1.58658778E+00 1.70047807E-02
-2.27252616E-03 1.58672770E+00 1.70448831E-02
-2.26965668E-03 1.58686779E+00 1.70848805E-02
-2.26677157E-03 1.58700805E+00 1.71247755E-02
-2.26387075E-03 1.58714849E+00 1.71645649E-02
-2.26095415E-03 1.58728910E+00 1.72042514E-02
-2.25802165E-03 1.58742986E+00 1.72438397E-02
-2.25507322E-03 1.58757081E+00 1.72833245E-02
-2.25210875E-03 1.58771193E+00 1.73227085E-02
-2.24913796E-03 1.58785426E+00 1.73627346E-02
-2.24616339E-03 1.58799805E+00 1.74035919E-02
-2.24317279E-03 1.58814201E+00 1.74443448E-02
-2.24016604E-03 1.58828614E+00 1.74849983E-02
-2.23714311E-03 1.58843045E+00 1.75255488E-02
-2.23410388E-03 1.58857493E+00 1.75659992E-02
-2.23104824E-03 1.58871956E+00 1.76063541E-02
-2.22797618E-03 1.58886439E+00 1.76466062E-02
-2.22488754E-03 1.58900936E+00 1.76867643E-02
-2.22178232E-03 1.58915453E+00 1.77268207E-02
-2.21866906E-03 1.58930042E+00 1.77676015E-02
-2.21555337E-03 1.58944742E+00 1.78096077E-02
-2.21242104E-03 1.58959458E+00 1.78514964E-02
-2.20927198E-03 1.58974191E+00 1.78932683E-02
-2.20610612E-03 1.58988942E+00 1.79349243E-02
-2.20292336E-03 1.59003709E+00 1.79764652E-02
-2.19972363E-03 1.59018493E+00 1.80178917E-02
-2.19650686E-03 1.59033295E+00 1.80592026E-02
-2.19327292E-03 1.59048114E+00 1.81004028E-02
-2.19002177E-03 1.59062950E+00 1.81414888E-02
-2.18676067E-03 1.59077858E+00 1.81829751E-02
-2.18349843E-03 1.59092908E+00 1.82254338E-02
-2.18021893E-03 1.59107977E+00 1.82677678E-02
-2.17692212E-03 1.59123064E+00 1.83099759E-02
-2.17360789E-03 1.59138171E+00 1.83520589E-02
-2.17027618E-03 1.59153297E+00 1.83940178E-02
-2.16692685E-03 1.59168441E+00 1.84358555E-02
-2.16355989E-03 1.59183606E+00 1.84775686E-02
-2.16017517E-03 1.59198790E+00 1.85191600E-02
-2.15677258E-03 1.59213992E+00 1.85606327E-02
-2.15335832E-03 1.59229261E+00 1.86023548E-02
-2.14994476E-03 1.59244687E+00 1.86450581E-02
-2.14651336E-03 1.59260134E+00 1.86876514E-02
-2.14306403E-03 1.59275600E+00 1.87301355E-02
-2.13959663E-03 1.59291085E+00 1.87725134E-02
-2.13611113E-03 1.59306591E+00 1.88147836E-02
-2.13260746E-03 1.59322117E+00 1.88569445E-02
-2.12908542E-03 1.59337662E+00 1.88990037E-02
-2.12554509E-03 1.59353229E+00 1.89409527E-02
-2.12198621E-03 1.59368813E+00 1.89828014E-02
-2.11841381E-03 1.59384461E+00 1.90248715E-02
-2.11484444E-03 1.59400307E+00 1.90682521E-02
-2.11125659E-03 1.59416172E+00 1.91115250E-02
-2.10765021E-03 1.59432057E+00 1.91546887E-02
-2.10402517E-03 1.59447962E+00 1.91977463E-02
-2.10038138E-03 1.59463885E+00 1.92406983E-02
-2.09671874E-03 1.59479828E+00 1.92835455E-02
-2.09303712E-03 1.59495789E+00 1.93262909E-02
-2.08933647E-03 1.59511770E+00 1.93689328E-02
-2.08561676E-03 1.59527771E+00 1.94114698E-02
-2.08188112E-03 1.59543812E+00 1.94542222E-02
-2.07814956E-03 1.59560023E+00 1.94990941E-02
-2.07439894E-03 1.59576256E+00 1.95438400E-02
-2.07062903E-03 1.59592506E+00 1.95884654E-02
-2.06683982E-03 1.59608777E+00 1.96329689E-02
-2.06303121E-03 1.59625067E+00 1.96773513E-02
-2.05920310E-03 1.59641378E+00 1.97216134E-02
-2.05535535E-03 1.59657707E+00 1.97657583E-02
-2.05148797E-03 1.59674057E+00 1.98097822E-02
-2.04760081E-03 1.59690428E+00 1.98536881E-02
-2.04369537E-03 1.59706823E+00 1.98975946E-02
-2.03979545E-03 1.59723324E+00 1.99431801E-02
-2.03587567E-03 1.59739844E+00 1.99886331E-02
-2.03193608E-03 1.59756386E+00 2.00339497E-02
-2.02797645E-03 1.59772947E+00 2.00791358E-02
-2.02399675E-03 1.59789529E+00 2.01241896E-02
-2.01999681E-03 1.59806131E+00 2.01691147E-02
-2.01597668E-03 1.59822754E+00 2.02139069E-02
-2.01193605E-03 1.59839396E+00 2.02585745E-02
-2.00787495E-03 1.59856059E+00 2.03031134E-02
-2.00379338E-03 1.59872743E+00 2.03475222E-02
-1.99971928E-03 1.59889655E+00 2.03933603E-02
-1.99562488E-03 1.59906590E+00 2.04390641E-02
-1.99150976E-03 1.59923547E+00 2.04846361E-02
-1.98737414E-03 1.59940528E+00 2.05300675E-02
-1.98321760E-03 1.59957530E+00 2.05753691E-02
-1.97904020E-03 1.59974555E+00 2.06205367E-02
-1.97484193E-03 1.59991603E+00 2.06655688E-02
-1.97062253E-03 1.60008674E+00 2.07104711E-02
-1.96638197E-03 1.60025767E+00 2.07552422E-02
-1.96212016E-03 1.60042884E+00 2.07998828E-02
-1.95786466E-03 1.60060152E+00 2.08467554E-02
-1.95359013E-03 1.60077455E+00 2.08936732E-02
-1.94929418E-03 1.60094779E+00 2.09404769E-02
-1.94497697E-03 1.60112127E+00 2.09871596E-02
-1.94063830E-03 1.60129499E+00 2.10337246E-02
-1.93627799E-03 1.60146893E+00 2.10801753E-02
-1.93189603E-03 1.60164310E+00 2.11265098E-02
-1.92749241E-03 1.60181752E+00 2.11727264E-02
-1.92306694E-03 1.60199218E+00 2.12188283E-02
-1.91861941E-03 1.60216707E+00 2.12648189E-02
-1.91417796E-03 1.60234315E+00 2.13124384E-02
-1.90971906E-03 1.60251962E+00 2.13602016E-02
-1.90523812E-03 1.60269629E+00 2.14078530E-02
-1.90073515E-03 1.60287317E+00 2.14553908E-02
-1.89620995E-03 1.60305027E+00 2.15028182E-02
-1.89166260E-03 1.60322759E+00 2.15501310E-02
-1.88709292E-03 1.60340514E+00 2.15973325E-02
-1.88250069E-03 1.60358289E+00 2.16444258E-02
-1.87788591E-03 1.60376086E+00 2.16914091E-02
-1.87324847E-03 1.60393905E+00 2.17382833E-02
-1.86861324E-03 1.60411868E+00 2.17867571E-02
-1.86396127E-03 1.60429881E+00 2.18355185E-02
-1.85928675E-03 1.60447917E+00 2.18841457E-02
-1.85458944E-03 1.60465975E+00 2.19326421E-02
-1.84986916E-03 1.60484054E+00 2.19810109E-02
-1.84512589E-03 1.60502155E+00 2.20292506E-02
-1.84035953E-03 1.60520279E+00 2.20773620E-02
-1.83557009E-03 1.60538425E+00 2.21253433E-02
-1.83075723E-03 1.60556593E+00 2.21732005E-02
-1.82592086E-03 1.60574782E+00 2.22209344E-02
-1.82108381E-03 1.60593061E+00 2.22696917E-02
-1.81623118E-03 1.60611384E+00 2.23187097E-02
-1.81135510E-03 1.60629729E+00 2.23675811E-02
-1.80645559E-03 1.60648099E+00 2.24163043E-02
-1.80153242E-03 1.60666491E+00 2.24648829E-02
-1.79658537E-03 1.60684904E+00 2.25133203E-02
-1.79161445E-03 1.60703341E+00 2.25616149E-02
-1.78661954E-03 1.60721800E+00 2.26097677E-02
-1.78160055E-03 1.60740282E+00 2.26577794E-02
-1.77655736E-03 1.60758787E+00 2.27056511E-02
-1.77151312E-03 1.60777497E+00 2.27543973E-02
-1.76645592E-03 1.60796319E+00 2.28034696E-02
-1.76135423E-03 1.60815167E+00 2.28523985E-02
-1.75608098E-03 1.60834053E+00 2.29012374E-02
-1.75078329E-03 1.60852962E+00 2.29499464E-02
-1.74546105E-03 1.60871896E+00 2.29985209E-02
-1.74011418E-03 1.60890855E+00 2.30469618E-02
-1.73474257E-03 1.60909839E+00 2.30952699E-02
-1.72934613E-03 1.60928848E+00 2.31434461E-02
-1.72392476E-03 1.60947882E+00 2.31914911E-02
-1.71849506E-03 1.60967027E+00 2.32415635E-02
-1.71305096E-03 1.60986253E+00 2.32928484E-02
-1.70758188E-03 1.61005503E+00 2.33439909E-02
-1.70208773E-03 1.61024778E+00 2.33949894E-02
-1.69656842E-03 1.61044080E+00 2.34458447E-02
-1.69102383E-03 1.61063405E+00 2.34965606E-02
-1.68545389E-03 1.61082758E+00 2.35471324E-02
-1.67985849E-03 1.61102136E+00 2.35975666E-02
-1.67423752E-03 1.61121539E+00 2.36478612E-02
-1.66859088E-03 1.61140967E+00 2.36980200E-02
-1.66293360E-03 1.61160462E+00 2.37494162E-02
-1.65726298E-03 1.61180013E+00 2.38018000E-02
-1.65156668E-03 1.61199591E+00 2.38540337E-02
-1.64584458E-03 1.61219193E+00 2.39061208E-02
-1.64009659E-03 1.61238821E+00 2.39580598E-02
-1.63432259E-03 1.61258474E+00 2.40098543E-02
-1.62852250E-03 1.61278153E+00 2.40615024E-02
-1.62269621E-03 1.61297857E+00 2.41130079E-02
-1.61684363E-03 1.61317587E+00 2.41643690E-02
-1.61096463E-03 1.61337342E+00 2.42155894E-02
-1.60507274E-03 1.61357188E+00 2.42677235E-02
-1.59916886E-03 1.61377127E+00 2.43208209E-02
-1.59323854E-03 1.61397092E+00 2.43737606E-02
-1.58728169E-03 1.61417085E+00 2.44265436E-02
-1.58129812E-03 1.61437102E+00 2.44791767E-02
-1.57528786E-03 1.61457148E+00 2.45316522E-02
-1.56925071E-03 1.61477219E+00 2.45839769E-02
-1.56318658E-03 1.61497316E+00 2.46361519E-02
-1.55709541E-03 1.61517440E+00 2.46881751E-02
-1.55097705E-03 1.61537590E+00 2.47400505E-02
-1.54484344E-03 1.61557805E+00 2.47926609E-02
-1.53869917E-03 1.61578102E+00 2.48463253E-02
-1.53252766E-03 1.61598426E+00 2.48998394E-02
-1.52632885E-03 1.61618777E+00 2.49532013E-02
-1.52010264E-03 1.61639156E+00 2.50064118E-02
-1.51384893E-03 1.61659564E+00 2.50594721E-02
-1.50756756E-03 1.61679998E+00 2.51123859E-02
-1.50125848E-03 1.61700461E+00 2.51651512E-02
-1.49492159E-03 1.61720951E+00 2.52177690E-02
-1.48855679E-03 1.61741470E+00 2.52702403E-02
-1.48217449E-03 1.61762083E+00 2.53233305E-02
-1.47578304E-03 1.61782838E+00 2.53776474E-02
-1.46936362E-03 1.61803622E+00 2.54318161E-02
-1.46291613E-03 1.61824433E+00 2.54858377E-02
-1.45644047E-03 1.61845272E+00 2.55397129E-02
-1.44993653E-03 1.61866139E+00 2.55934428E-02
-1.44340421E-03 1.61887034E+00 2.56470282E-02
-1.43684334E-03 1.61907955E+00 2.57004731E-02
-1.43025388E-03 1.61928904E+00 2.57537753E-02
-1.42363566E-03 1.61949880E+00 2.58069388E-02
-1.41699752E-03 1.61970918E+00 2.58607141E-02
-1.41035150E-03 1.61992058E+00 2.59161520E-02
-1.40367673E-03 1.62013227E+00 2.59714176E-02
-1.39697319E-03 1.62034424E+00 2.60265090E-02
-1.39024060E-03 1.62055649E+00 2.60814333E-02
-1.38347895E-03 1.62076901E+00 2.61361885E-02
-1.37668804E-03 1.62098181E+00 2.61907789E-02
-1.36986786E-03 1.62119489E+00 2.62452023E-02
-1.36301829E-03 1.62140825E+00 2.62994597E-02
-1.35613915E-03 1.62162189E+00 2.63535555E-02
-1.34923748E-03 1.62183621E+00 2.64079484E-02
-1.34233023E-03 1.62205219E+00 2.64636952E-02
-1.33539334E-03 1.62226847E+00 2.65192618E-02
-1.32842681E-03 1.62248506E+00 2.65746463E-02
-1.32143044E-03 1.62270195E+00 2.66298529E-02
-1.31440420E-03 1.62291914E+00 2.66848796E-02
-1.30734801E-03 1.62313664E+00 2.67397275E-02
-1.30026174E-03 1.62335445E+00 2.67943977E-02
-1.29314519E-03 1.62357256E+00 2.68488945E-02
-1.28599836E-03 1.62379098E+00 2.69032157E-02
-1.27882651E-03 1.62400998E+00 2.69578556E-02
-1.27165110E-03 1.62423065E+00 2.70147949E-02
-1.26444537E-03 1.62445164E+00 2.70715600E-02
-1.25720919E-03 1.62467294E+00 2.71281520E-02
-1.24994247E-03 1.62489456E+00 2.71845720E-02
-1.24264510E-03 1.62511650E+00 2.72408209E-02
-1.23531673E-03 1.62533874E+00 2.72969066E-02
-1.22795762E-03 1.62556131E+00 2.73528201E-02
-1.22056740E-03 1.62578419E+00 2.74085691E-02
-1.21314609E-03 1.62600739E+00 2.74641513E-02
-1.20569709E-03 1.62623104E+00 2.75198547E-02
-1.19824679E-03 1.62645601E+00 2.75779209E-02
-1.19076535E-03 1.62668131E+00 2.76358151E-02
-1.18304938E-03 1.62690723E+00 2.76936957E-02
-1.17525340E-03 1.62713353E+00 2.77514349E-02
-1.16742597E-03 1.62736011E+00 2.78090016E-02
-1.15956698E-03 1.62758698E+00 2.78663936E-02
-1.15167635E-03 1.62781416E+00 2.79236088E-02
-1.14375399E-03 1.62804164E+00 2.79806514E-02
-1.13579980E-03 1.62826943E+00 2.80375193E-02
-1.12781457E-03 1.62849757E+00 2.80943275E-02
-1.11981949E-03 1.62872743E+00 2.81536810E-02
-1.11179250E-03 1.62895759E+00 2.82128418E-02
-1.10373352E-03 1.62918808E+00 2.82718045E-02
-1.09564247E-03 1.62941890E+00 2.83305704E-02
-1.08751927E-03 1.62965004E+00 2.83891406E-02
-1.07936378E-03 1.62988148E+00 2.84475231E-02
-1.07117595E-03 1.63011326E+00 2.85057125E-02
-1.06295567E-03 1.63034535E+00 2.85637132E-02
-1.05470287E-03 1.63057777E+00 2.86215231E-02
-1.04641743E-03 1.63081051E+00 2.86791468E-02
-1.03812170E-03 1.63104443E+00 2.87391152E-02
-1.02979401E-03 1.63127875E+00 2.87989555E-02
-1.02143358E-03 1.63151338E+00 2.88586169E-02
-1.01304040E-03 1.63174835E+00 2.89180935E-02
-1.00461432E-03 1.63198365E+00 2.89773899E-02
-9.96155314E-04 1.63221929E+00 2.90365037E-02
-9.87663237E-04 1.63245527E+00 2.90954396E-02
-9.79138043E-04 1.63269159E+00 2.91541952E-02
-9.70579600E-04 1.63292825E+00 2.92127751E-02
-9.61987863E-04 1.63316525E+00 2.92711768E-02
-9.53383288E-04 1.63340422E+00 2.93313302E-02
-9.44747286E-04 1.63364367E+00 2.93914976E-02
-9.36077861E-04 1.63388346E+00 2.94514843E-02
-9.27374869E-04 1.63412358E+00 2.95112952E-02
-9.18638216E-04 1.63436401E+00 2.95709312E-02
-9.09867811E-04 1.63460478E+00 2.96303934E-02
-9.01063621E-04 1.63484589E+00 2.96896794E-02
-8.92225431E-04 1.63508731E+00 2.97487974E-02
-8.83353275E-04 1.63532907E+00 2.98077412E-02
-8.74446995E-04 1.63557116E+00 2.98665155E-02
-8.65526899E-04 1.63581496E+00 2.99276856E-02
-8.56576459E-04 1.63605936E+00 2.99891085E-02
-8.47591729E-04 1.63630409E+00 3.00503287E-02
-8.38572688E-04 1.63654916E+00 3.01113440E-02
-8.29519244E-04 1.63679456E+00 3.01721557E-02
-8.20431301E-04 1.63704030E+00 3.02327650E-02
-8.11308768E-04 1.63728638E+00 3.02931732E-02
-8.02151638E-04 1.63753281E+00 3.03533778E-02
-7.92959645E-04 1.63777958E+00 3.04133875E-02
-7.83732873E-04 1.63802669E+00 3.04731960E-02
-7.74491949E-04 1.63827533E+00 3.05348417E-02
-7.65222106E-04 1.63852466E+00 3.05968334E-02
-7.55917471E-04 1.63877437E+00 3.06586096E-02
-7.46577655E-04 1.63902441E+00 3.07201830E-02
-7.37202967E-04 1.63927484E+00 3.07815399E-02
-7.27793117E-04 1.63952563E+00 3.08426891E-02
-7.18348012E-04 1.63977679E+00 3.09036318E-02
-7.08867671E-04 1.64002832E+00 3.09643655E-02
-6.99351781E-04 1.64028020E+00 3.10248992E-02
-6.89800591E-04 1.64053248E+00 3.10852225E-02
-6.80232196E-04 1.64078648E+00 3.11475649E-02
-6.70635539E-04 1.64104140E+00 3.12105664E-02
-6.61003266E-04 1.64129669E+00 3.12733648E-02
-6.51335158E-04 1.64155233E+00 3.13359653E-02
-6.41631373E-04 1.64180836E+00 3.13983613E-02
-6.31891825E-04 1.64206476E+00 3.14605540E-02
-6.22116165E-04 1.64232153E+00 3.15225525E-02
-6.12105545E-04 1.64257892E+00 3.15845342E-02
-6.01929732E-04 1.64283687E+00 3.16464334E-02
-5.91717778E-04 1.64309516E+00 3.17081510E-02
-5.81476943E-04 1.64335450E+00 3.17720315E-02
-5.71203774E-04 1.64361456E+00 3.18369068E-02
-5.60894370E-04 1.64387497E+00 3.19015299E-02
-5.50548674E-04 1.64413575E+00 3.19658983E-02
-5.40166607E-04 1.64439687E+00 3.20300214E-02
-5.29748123E-04 1.64465837E+00 3.20938931E-02
-5.19293131E-04 1.64492021E+00 3.21575226E-02
-5.08801561E-04 1.64518240E+00 3.22209116E-02
-4.98273381E-04 1.64544497E+00 3.22840536E-02
-4.87708535E-04 1.64570791E+00 3.23469501E-02
-4.77115065E-04 1.64597222E+00 3.24109172E-02
-4.66490519E-04 1.64623767E+00 3.24755170E-02
-4.55829192E-04 1.64650355E+00 3.25398481E-02
-4.45130988E-04 1.64676983E+00 3.26039164E-02
-4.34395983E-04 1.64703658E+00 3.26677071E-02
-4.23623981E-04 1.64730373E+00 3.27312382E-02
-4.12814995E-04 1.64757133E+00 3.27945030E-02
-4.01968927E-04 1.64783936E+00 3.28575073E-02
-3.91085762E-04 1.64810783E+00 3.29202485E-02
-3.80165397E-04 1.64837672E+00 3.29827322E-02
-3.69214850E-04 1.64864716E+00 3.30463263E-02
-3.58233368E-04 1.64891901E+00 3.31109592E-02
-3.47214709E-04 1.64919130E+00 3.31754205E-02
-3.36158822E-04 1.64946403E+00 3.32397112E-02
-3.25065527E-04 1.64973718E+00 3.33038407E-02
-3.13934958E-04 1.65001078E+00 3.33677974E-02
-3.02767005E-04 1.65028482E+00 3.34315864E-02
-2.91561470E-04 1.65055928E+00 3.34952170E-02
-2.80318440E-04 1.65083418E+00 3.35586819E-02
-2.69037864E-04 1.65110954E+00 3.36219818E-02
-2.57725847E-04 1.65138623E+00 3.36863992E-02
-2.46383245E-04 1.65166432E+00 3.37521351E-02
-2.35003183E-04 1.65194279E+00 3.38176946E-02
-2.23585525E-04 1.65222163E+00 3.38830828E-02
-2.12130124E-04 1.65250082E+00 3.39483051E-02
-2.00637110E-04 1.65278040E+00 3.40133538E-02
-1.89106241E-04 1.65306034E+00 3.40782386E-02
-1.77537657E-04 1.65334066E+00 3.41429518E-02
-1.65931105E-04 1.65362134E+00 3.42075030E-02
-1.54286741E-04 1.65390241E+00 3.42718845E-02
-1.42610709E-04 1.65418474E+00 3.43373187E-02
-1.30906123E-04 1.65446881E+00 3.44043359E-02
-1.19163292E-04 1.65475326E+00 3.44710857E-02
-1.07382273E-04 1.65503811E+00 3.45375656E-02
-9.55628913E-05 1.65532334E+00 3.46037815E-02
-8.37052101E-05 1.65560898E+00 3.46697307E-02
-7.18089190E-05 1.65589498E+00 3.47354234E-02
-5.98742121E-05 1.65618139E+00 3.48008527E-02
-4.78169719E-05 1.65646834E+00 3.48660383E-02
-3.53960193E-05 1.65675629E+00 3.49310503E-02
-2.29359122E-05 1.65704519E+00 3.49969940E-02
-1.04359760E-05 1.65733554E+00 3.50649986E-02
 2.10256575E-06 1.65762633E+00 3.51327548E-02
 1.46797259E-05 1.65791756E+00 3.52002596E-02
 2.72955238E-05 1.65820922E+00 3.52675190E-02
 3.99499645E-05 1.65850134E+00 3.53345300E-02
 5.26430725E-05 1.65879389E+00 3.54012983E-02
 6.53748452E-05 1.65908689E+00 3.54678210E-02
 7.81453122E-05 1.65938033E+00 3.55341040E-02
 9.09544632E-05 1.65967423E+00 3.56001441E-02
 1.03802723E-04 1.65996922E+00 3.56667283E-02
 1.16690795E-04 1.66026636E+00 3.57351612E-02
 1.29617659E-04 1.66056391E+00 3.58033503E-02
 1.42583229E-04 1.66086192E+00 3.58712837E-02
 1.55587593E-04 1.66116035E+00 3.59389719E-02
 1.68630773E-04 1.66145921E+00 3.60064163E-02
 1.81712790E-04 1.66175850E+00 3.60736184E-02
 1.94833558E-04 1.66205825E+00 3.61405706E-02
 2.07993191E-04 1.66235844E+00 3.62072834E-02
 2.21191706E-04 1.66265905E+00 3.62737582E-02
 2.34429255E-04 1.66296052E+00 3.63406750E-02
 2.47706079E-04 1.66326408E+00 3.64098930E-02
 2.61021965E-04 1.66356805E+00 3.64788359E-02
 2.74376803E-04 1.66387247E+00 3.65474963E-02
 2.87770611E-04 1.66417733E+00 3.66158759E-02
 3.01203405E-04 1.66448263E+00 3.66839764E-02
 3.14675199E-04 1.66478838E+00 3.67517994E-02
 3.28186011E-04 1.66509458E+00 3.68193467E-02
 3.41735853E-04 1.66540123E+00 3.68866199E-02
 3.55324836E-04 1.66570832E+00 3.69536255E-02
 3.68952514E-04 1.66601620E+00 3.70207196E-02
 3.82617160E-04 1.66632663E+00 3.70896710E-02
 3.96320846E-04 1.66663753E+00 3.71583442E-02
 4.10063691E-04 1.66694889E+00 3.72267457E-02
 4.23845605E-04 1.66726074E+00 3.72948723E-02
 4.37666484E-04 1.66757309E+00 3.73627209E-02
 4.51526445E-04 1.66788592E+00 3.74302979E-02
 4.65425622E-04 1.66819922E+00 3.74976098E-02
 4.79363906E-04 1.66851301E+00 3.75646533E-02
 4.93341177E-04 1.66882730E+00 3.76314250E-02
 5.07357344E-04 1.66914230E+00 3.76982262E-02
 5.21652799E-04 1.66946072E+00 3.77683186E-02
 5.36251084E-04 1.66978005E+00 3.78383537E-02
 5.50888381E-04 1.67009988E+00 3.79080859E-02
 5.65564653E-04 1.67042016E+00 3.79775266E-02
 5.80279865E-04 1.67074094E+00 3.80466679E-02
 5.95033983E-04 1.67106219E+00 3.81155163E-02
 6.09826959E-04 1.67138395E+00 3.81840689E-02
 6.24658746E-04 1.67170619E+00 3.82523271E-02
 6.39529319E-04 1.67202893E+00 3.83202975E-02
 6.54438959E-04 1.67235218E+00 3.83880338E-02
 6.69406386E-04 1.67267797E+00 3.84585872E-02
 6.84412584E-04 1.67300426E+00 3.85288363E-02
 6.99457515E-04 1.67333105E+00 3.85987830E-02
 7.14541136E-04 1.67365835E+00 3.86684290E-02
 7.29663406E-04 1.67398616E+00 3.87377761E-02
 7.44824283E-04 1.67431448E+00 3.88068260E-02
 7.60023671E-04 1.67464332E+00 3.88755754E-02
 7.75261570E-04 1.67497267E+00 3.89440311E-02
 7.90537936E-04 1.67530254E+00 3.90121947E-02
 8.05852722E-04 1.67563291E+00 3.90800680E-02
 8.21221343E-04 1.67596689E+00 3.91502575E-02
 8.36629059E-04 1.67630154E+00 3.92202796E-02
 8.52075228E-04 1.67663669E+00 3.92900188E-02
 8.67559499E-04 1.67697239E+00 3.93594563E-02
 8.83082138E-04 1.67730859E+00 3.94286144E-02
 8.98642938E-04 1.67764531E+00 3.94974844E-02
 9.14241846E-04 1.67798256E+00 3.95660680E-02
 9.29878808E-04 1.67832034E+00 3.96343668E-02
 9.45553770E-04 1.67865865E+00 3.97023824E-02
 9.61266676E-04 1.67899749E+00 3.97701165E-02
 9.77031067E-04 1.67933909E+00 3.98409713E-02
 9.92834859E-04 1.67968152E+00 3.99119516E-02
 1.00867667E-03 1.68002445E+00 3.99826516E-02
 1.02455622E-03 1.68036792E+00 4.00530623E-02
 1.04047346E-03 1.68071193E+00 4.01231854E-02
 1.05642857E-03 1.68105644E+00 4.01930332E-02
 1.07242125E-03 1.68140150E+00 4.02625967E-02
 1.08895698E-03 1.68174852E+00 4.03321347E-02
 1.10559766E-03 1.68209626E+00 4.04014011E-02
 1.12227534E-03 1.68244454E+00 4.04703554E-02
 1.13902143E-03 1.68279573E+00 4.05414389E-02
 1.15581114E-03 1.68314798E+00 4.06126986E-02
 1.17263771E-03 1.68350075E+00 4.06836265E-02
 1.18950103E-03 1.68385405E+00 4.07542246E-02
 1.20640098E-03 1.68420789E+00 4.08244896E-02
 1.22333743E-03 1.68456228E+00 4.08944234E-02
 1.24031031E-03 1.68491720E+00 4.09640331E-02
 1.25731953E-03 1.68527264E+00 4.10333261E-02
 1.27436488E-03 1.68562864E+00 4.11022881E-02
 1.29144627E-03 1.68598519E+00 4.11709261E-02
 1.30859234E-03 1.68634477E+00 4.12421093E-02
 1.32578320E-03 1.68670573E+00 4.13138156E-02
 1.34300994E-03 1.68706724E+00 4.13851630E-02
 1.36027230E-03 1.68742932E+00 4.14561427E-02
 1.37757017E-03 1.68779198E+00 4.15267568E-02
 1.39490356E-03 1.68815520E+00 4.15970185E-02
 1.41227220E-03 1.68851899E+00 4.16669187E-02
 1.42967595E-03 1.68888338E+00 4.17364595E-02
 1.44711478E-03 1.68924833E+00 4.18056485E-02
 1.46458846E-03 1.68961387E+00 4.18744820E-02
 1.48212200E-03 1.68998187E+00 4.19450446E-02
 1.49970087E-03 1.69035132E+00 4.20161426E-02
 1.51731415E-03 1.69072138E+00 4.20868824E-02
 1.53496180E-03 1.69109204E+00 4.21572716E-02
 1.55264359E-03 1.69146333E+00 4.22273066E-02
 1.57035948E-03 1.69183522E+00 4.22969949E-02
 1.58810920E-03 1.69220773E+00 4.23663329E-02
 1.60589262E-03 1.69258086E+00 4.24353224E-02
 1.62370958E-03 1.69295462E+00 4.25039652E-02
 1.64219152E-03 1.69333158E+00 4.25725365E-02
 1.66076235E-03 1.69371186E+00 4.26425672E-02
 1.67938833E-03 1.69409427E+00 4.27132875E-02
 1.69804670E-03 1.69447723E+00 4.27836975E-02
 1.71673725E-03 1.69486074E+00 4.28537933E-02
 1.73545978E-03 1.69524486E+00 4.29235653E-02
 1.75421411E-03 1.69562952E+00 4.29930326E-02
 1.77300006E-03 1.69601476E+00 4.30621911E-02
 1.79181740E-03 1.69640057E+00 4.31310368E-02
 1.81066595E-03 1.69678696E+00 4.31995773E-02
 1.82954552E-03 1.69717392E+00 4.32678144E-02
 1.84849071E-03 1.69756333E+00 4.33379147E-02
 1.86749302E-03 1.69795471E+00 4.34092786E-02
 1.88652593E-03 1.69834668E+00 4.34802418E-02
 1.90558930E-03 1.69873920E+00 4.35508126E-02
 1.92468295E-03 1.69913230E+00 4.36209935E-02
 1.94380660E-03 1.69952597E+00 4.36907807E-02
 1.96296022E-03 1.69992020E+00 4.37601887E-02
 1.98214345E-03 1.70031502E+00 4.38292077E-02
 2.00135619E-03 1.70071041E+00 4.38978459E-02
 2.02059832E-03 1.70110635E+00 4.39661118E-02
 2.03989820E-03 1.70150504E+00 4.40352344E-02
 2.05925491E-03 1.70190647E+00 4.41051664E-02
 2.07864024E-03 1.70230853E+00 4.41746971E-02
 2.09805387E-03 1.70271125E+00 4.42438228E-02
 2.11749545E-03 1.70311464E+00 4.43125394E-02
 2.13696502E-03 1.70351868E+00 4.43808617E-02
 2.15646235E-03 1.70392336E+00 4.44487919E-02
 2.17661629E-03 1.70433064E+00 4.45167273E-02
 2.19690881E-03 1.70473888E+00 4.45843825E-02
 2.21722804E-03 1.70514777E+00 4.46516771E-02
 2.23761243E-03 1.70555921E+00 4.47205258E-02
 2.25807190E-03 1.70597373E+00 4.47913892E-02
 2.27855734E-03 1.70638886E+00 4.48618794E-02
 2.29906845E-03 1.70680464E+00 4.49319860E-02
 2.31960499E-03 1.70722104E+00 4.50017238E-02
 2.34016661E-03 1.70763809E+00 4.50710824E-02
 2.36075303E-03 1.70805579E+00 4.51400639E-02
 2.38136404E-03 1.70847411E+00 4.52086832E-02
 2.40199926E-03 1.70889310E+00 4.52769295E-02
 2.42265852E-03 1.70931270E+00 4.53448178E-02
 2.44337348E-03 1.70973429E+00 4.54133350E-02
 2.46416481E-03 1.71015866E+00 4.54831339E-02
 2.48497947E-03 1.71058365E+00 4.55525619E-02
 2.50581714E-03 1.71100927E+00 4.56216148E-02
 2.52667752E-03 1.71143553E+00 4.56902949E-02
 2.54756034E-03 1.71186242E+00 4.57586044E-02
 2.56846531E-03 1.71228995E+00 4.58265455E-02
 2.58939216E-03 1.71271813E+00 4.58941204E-02
 2.61034071E-03 1.71314693E+00 4.59613376E-02
 2.63131059E-03 1.71357637E+00 4.60281929E-02
 2.65232638E-03 1.71400820E+00 4.60953589E-02
 2.67341746E-03 1.71444442E+00 4.61636290E-02
 2.69480647E-03 1.71488245E+00 4.62315541E-02
 2.71677220E-03 1.71532344E+00 4.62991682E-02
 2.73875684E-03 1.71576516E+00 4.63663794E-02
 2.76075999E-03 1.71620755E+00 4.64332031E-02
 2.78278123E-03 1.71665065E+00 4.64996347E-02
 2.80482016E-03 1.71709446E+00 4.65656697E-02
 2.82687639E-03 1.71753897E+00 4.66313233E-02
 2.84894950E-03 1.71798417E+00 4.66965908E-02
 2.87106760E-03 1.71843128E+00 4.67624074E-02
 2.89328712E-03 1.71888263E+00 4.68305990E-02
 2.91552218E-03 1.71933471E+00 4.68983484E-02
 2.93777229E-03 1.71978752E+00 4.69656511E-02
 2.96003715E-03 1.72024104E+00 4.70325229E-02
 2.98231620E-03 1.72069530E+00 4.70989526E-02
 3.00460906E-03 1.72115029E+00 4.71649493E-02
 3.02691522E-03 1.72160602E+00 4.72305081E-02
 3.04923440E-03 1.72206246E+00 4.72956451E-02
 3.07156599E-03 1.72251966E+00 4.73603487E-02
 3.09393027E-03 1.72297854E+00 4.74250996E-02
 3.11639648E-03 1.72344230E+00 4.74914701E-02
 3.13887430E-03 1.72390681E+00 4.75573812E-02
 3.16136318E-03 1.72437207E+00 4.76228285E-02
 3.18386281E-03 1.72483808E+00 4.76878211E-02
 3.20653158E-03 1.72530568E+00 4.77523585E-02
 3.22995512E-03 1.72577794E+00 4.78164736E-02
 3.25338682E-03 1.72625092E+00 4.78802042E-02
 3.27682622E-03 1.72672459E+00 4.79435665E-02
 3.30027282E-03 1.72719900E+00 4.80065416E-02
 3.32374377E-03 1.72767480E+00 4.80696117E-02
 3.34734672E-03 1.72815633E+00 4.81355397E-02
 3.37095536E-03 1.72863860E+00 4.82010436E-02
 3.39456910E-03 1.72912164E+00 4.82661114E-02
 3.41818747E-03 1.72960541E+00 4.83307597E-02
 3.44180996E-03 1.73008991E+00 4.83949905E-02
 3.46543592E-03 1.73057520E+00 4.84587918E-02
 3.48906494E-03 1.73106122E+00 4.85221801E-02
 3.51269650E-03 1.73154798E+00 4.85851574E-02
 3.53632990E-03 1.73203553E+00 4.86477117E-02
 3.55997285E-03 1.73252412E+00 4.87099807E-02
 3.58374679E-03 1.73301816E+00 4.87737754E-02
 3.60752125E-03 1.73351294E+00 4.88370646E-02
 3.63129594E-03 1.73400843E+00 4.88998657E-02
 3.65507023E-03 1.73450464E+00 4.89621741E-02
 3.67884374E-03 1.73500155E+00 4.90239997E-02
 3.70261571E-03 1.73549922E+00 4.90853306E-02
 3.72734403E-03 1.73601239E+00 4.91422310E-02
 3.75206315E-03 1.73652646E+00 4.91986503E-02
 3.77677097E-03 1.73704137E+00 4.92546137E-02
 3.80146684E-03 1.73755715E+00 4.93101161E-02
 3.82632180E-03 1.73808172E+00 4.93668912E-02
 3.85116386E-03 1.73860704E+00 4.94233778E-02
 3.87599169E-03 1.73913300E+00 4.94795945E-02
 3.90080467E-03 1.73965963E+00 4.95355283E-02
 3.92560224E-03 1.74018695E+00 4.95911809E-02
 3.95038383E-03 1.74071496E+00 4.96465542E-02
 3.97514894E-03 1.74124362E+00 4.97016575E-02
 3.99989688E-03 1.74177300E+00 4.97564774E-02
 4.02462725E-03 1.74230304E+00 4.98110310E-02
 4.04933931E-03 1.74283380E+00 4.98653048E-02
 4.07418849E-03 1.74337082E+00 4.99220123E-02
 4.09903035E-03 1.74390875E+00 4.99785561E-02
 4.12385287E-03 1.74444719E+00 5.00347303E-02
 4.14865574E-03 1.74498613E+00 5.00905457E-02
 4.17407636E-03 1.74551577E+00 5.01503693E-02
 4.19995321E-03 1.74603933E+00 5.02128632E-02
 4.22582306E-03 1.74656415E+00 5.02747786E-02
 4.25168480E-03 1.74709024E+00 5.03361166E-02
 4.27753734E-03 1.74761759E+00 5.03968860E-02
 4.30337954E-03 1.74814623E+00 5.04570799E-02
 4.32939038E-03 1.74868180E+00 5.05182903E-02
 4.35541657E-03 1.74921935E+00 5.05791593E-02
 4.38142957E-03 1.74975804E+00 5.06394379E-02
 4.40742839E-03 1.75029786E+00 5.06991275E-02
 4.43341205E-03 1.75083881E+00 5.07582298E-02
 4.45937955E-03 1.75138091E+00 5.08167462E-02
 4.48532989E-03 1.75192414E+00 5.08746783E-02
 4.51126208E-03 1.75246852E+00 5.09320273E-02
 4.53717511E-03 1.75301405E+00 5.09887949E-02
 4.56306796E-03 1.75356074E+00 5.10449824E-02
 4.58910054E-03 1.75411374E+00 5.11035146E-02
 4.61515056E-03 1.75466913E+00 5.11621100E-02
 4.64117791E-03 1.75522562E+00 5.12200589E-02
 4.66718149E-03 1.75578322E+00 5.12773550E-02
 4.69384025E-03 1.75636593E+00 5.13299200E-02
 4.72057828E-03 1.75695338E+00 5.13808703E-02
 4.74727489E-03 1.75754131E+00 5.14309126E-02
 4.77392925E-03 1.75812968E+00 5.14800595E-02
 4.80054048E-03 1.75871854E+00 5.15283074E-02
 4.82710770E-03 1.75930787E+00 5.15756606E-02
 4.85379162E-03 1.75990492E+00 5.16235743E-02
 4.88048525E-03 1.76050547E+00 5.16710617E-02
 4.90713055E-03 1.76110703E+00 5.17176050E-02
 4.93372660E-03 1.76170961E+00 5.17632087E-02
 4.96027278E-03 1.76231318E+00 5.18078938E-02
 4.98676797E-03 1.76291778E+00 5.18516481E-02
 5.01321129E-03 1.76352340E+00 5.18944758E-02
 5.03960186E-03 1.76413006E+00 5.19363811E-02
 5.06593911E-03 1.76473772E+00 5.19773854E-02
 5.09222189E-03 1.76534641E+00 5.20174755E-02
 5.11914258E-03 1.76607261E+00 5.20197388E-02
 5.14647820E-03 1.76690205E+00 5.19857710E-02
 5.17363422E-03 1.76772991E+00 5.19521508E-02
 5.20061150E-03 1.76855623E+00 5.19188719E-02
 5.22741092E-03 1.76938104E+00 5.18859276E-02
 5.25403348E-03 1.77020435E+00 5.18533296E-02
 5.28047990E-03 1.77102625E+00 5.18210522E-02
 5.30675119E-03 1.77184672E+00 5.17891070E-02
 5.33259056E-03 1.77286824E+00 5.16998700E-02
 5.35770290E-03 1.77409037E+00 5.15494961E-02
 5.38238240E-03 1.77532277E+00 5.13937001E-02
 5.40655051E-03 1.77655624E+00 5.12321269E-02
 5.43061497E-03 1.77783976E+00 5.10510781E-02
 5.45474503E-03 1.77920271E+00 5.08470642E-02
 5.47831222E-03 1.78057073E+00 5.06397719E-02
 5.50130745E-03 1.78194392E+00 5.04291183E-02
 5.52467599E-03 1.78328936E+00 5.02330834E-02
 5.54778103E-03 1.78461633E+00 5.00425912E-02
 5.57037503E-03 1.78593198E+00 4.98532631E-02
 5.59246649E-03 1.78723681E+00 4.96650020E-02
 5.61518297E-03 1.78861820E+00 4.94649717E-02
 5.63775116E-03 1.79002529E+00 4.92596968E-02
 5.65978454E-03 1.79142142E+00 4.90555069E-02
 5.68129122E-03 1.79280675E+00 4.88523966E-02
 5.70356636E-03 1.79417461E+00 4.86673945E-02
 5.72535234E-03 1.79553578E+00 4.84810610E-02
 5.74665158E-03 1.79689046E+00 4.82933515E-02
 5.76746785E-03 1.79823875E+00 4.81042626E-02
 5.78890527E-03 1.79959605E+00 4.79267846E-02
 5.81000327E-03 1.80094621E+00 4.77517219E-02
 5.83078452E-03 1.80230628E+00 4.75735084E-02
 5.85125542E-03 1.80367785E+00 4.73901879E-02
 5.87205845E-03 1.80507009E+00 4.72006113E-02
 5.89285792E-03 1.80647738E+00 4.70075862E-02
 5.91316609E-03 1.80788365E+00 4.68142052E-02
 5.93298321E-03 1.80928879E+00 4.66205080E-02
 5.95279946E-03 1.81068882E+00 4.64396727E-02
 5.97299345E-03 1.81207155E+00 4.62835246E-02
 5.99274883E-03 1.81343962E+00 4.61306611E-02
 6.01207354E-03 1.81479378E+00 4.59809145E-02
 6.03113854E-03 1.81614465E+00 4.58317616E-02
 6.05101991E-03 1.81748112E+00 4.56739679E-02
 6.07081251E-03 1.81880996E+00 4.55150298E-02
 6.09019084E-03 1.82013726E+00 4.53571953E-02
 6.10915545E-03 1.82146302E+00 4.52004734E-02
 6.12770660E-03 1.82278735E+00 4.50448331E-02
 6.14680052E-03 1.82412021E+00 4.49060133E-02
 6.16578406E-03 1.82544937E+00 4.47696909E-02
 6.18438032E-03 1.82677130E+00 4.46307991E-02
 6.20259386E-03 1.82808623E+00 4.44893226E-02
 6.22056673E-03 1.82940714E+00 4.43425794E-02
 6.23908468E-03 1.83077113E+00 4.41921774E-02
 6.25776625E-03 1.83215026E+00 4.40439151E-02
 6.27604693E-03 1.83352192E+00 4.38966662E-02
 6.29393014E-03 1.83488663E+00 4.37503021E-02
 6.31142052E-03 1.83624426E+00 4.36048881E-02
 6.32892444E-03 1.83758200E+00 4.34709086E-02
 6.34690984E-03 1.83888476E+00 4.33587377E-02
 6.36455910E-03 1.84017943E+00 4.32459373E-02
 6.38187676E-03 1.84146588E+00 4.31325846E-02
 6.39899736E-03 1.84275413E+00 4.30164111E-02
 6.41610043E-03 1.84406024E+00 4.28934058E-02
 6.43342327E-03 1.84536785E+00 4.27698710E-02
 6.45115301E-03 1.84667923E+00 4.26483324E-02
 6.46853881E-03 1.84798792E+00 4.25273896E-02
 6.48558232E-03 1.84929391E+00 4.24070522E-02
 6.50228527E-03 1.85059720E+00 4.22873297E-02
 6.51864943E-03 1.85189778E+00 4.21682317E-02
 6.53496361E-03 1.85319460E+00 4.20517438E-02
 6.55187034E-03 1.85447876E+00 4.19406279E-02
 6.56857846E-03 1.85575942E+00 4.18258458E-02
 6.58533169E-03 1.85706076E+00 4.17020642E-02
 6.60177681E-03 1.85836063E+00 4.15722836E-02
 6.61791744E-03 1.85965897E+00 4.14365669E-02
 6.63375617E-03 1.86095617E+00 4.12948413E-02
 6.65013413E-03 1.86225441E+00 4.11812641E-02
 6.66658620E-03 1.86354660E+00 4.10849977E-02
 6.68275013E-03 1.86483063E+00 4.09926637E-02
 6.69862876E-03 1.86610655E+00 4.09042535E-02
 6.71422438E-03 1.86737469E+00 4.08196853E-02
 6.72961128E-03 1.86863969E+00 4.07406013E-02
 6.74508058E-03 1.86991951E+00 4.06696087E-02
 6.76103906E-03 1.87119178E+00 4.05927974E-02
 6.77718993E-03 1.87246092E+00 4.05124327E-02
 6.79307227E-03 1.87372665E+00 4.04305211E-02
 6.80868782E-03 1.87498889E+00 4.03470993E-02
 6.82403808E-03 1.87624774E+00 4.02621636E-02
 6.83912474E-03 1.87750318E+00 4.01757303E-02
 6.85394912E-03 1.87875539E+00 4.00877737E-02
 6.86852555E-03 1.88000423E+00 3.99985566E-02
 6.88406826E-03 1.88124341E+00 3.99311930E-02
 6.89978345E-03 1.88250020E+00 3.98651914E-02
 6.91525760E-03 1.88374834E+00 3.97995474E-02
 6.93049442E-03 1.88498818E+00 3.97342159E-02
 6.94549799E-03 1.88621975E+00 3.96692299E-02
 6.96027194E-03 1.88744330E+00 3.96045624E-02
 6.97482009E-03 1.88865894E+00 3.95402253E-02
 6.98914587E-03 1.88986694E+00 3.94761894E-02
 7.00402106E-03 1.89106415E+00 3.94169601E-02
 7.01908605E-03 1.89225610E+00 3.93595408E-02
 7.03395624E-03 1.89344658E+00 3.93010602E-02
 7.04905859E-03 1.89466471E+00 3.92339040E-02
 7.06394138E-03 1.89587940E+00 3.91668236E-02
 7.07860621E-03 1.89709090E+00 3.90997693E-02
 7.09305532E-03 1.89829903E+00 3.90327968E-02
 7.10729022E-03 1.89950406E+00 3.89658556E-02
 7.12131302E-03 1.90070589E+00 3.88989803E-02
 7.13565567E-03 1.90189782E+00 3.88445151E-02
 7.15044991E-03 1.90307654E+00 3.88079459E-02
 7.16505210E-03 1.90424989E+00 3.87750958E-02
 7.17946451E-03 1.90541789E+00 3.87459367E-02
 7.19413684E-03 1.90660619E+00 3.87045185E-02
 7.20862699E-03 1.90778675E+00 3.86582585E-02
 7.22292457E-03 1.90895906E+00 3.86075114E-02
 7.23703193E-03 1.91012316E+00 3.85523422E-02
 7.25095109E-03 1.91127930E+00 3.84927736E-02
 7.26468435E-03 1.91242750E+00 3.84288656E-02
 7.27852307E-03 1.91357240E+00 3.83629274E-02
 7.29305498E-03 1.91472869E+00 3.83043252E-02
 7.30741306E-03 1.91588620E+00 3.82490804E-02
 7.32159845E-03 1.91704500E+00 3.81971606E-02
 7.33603855E-03 1.91825928E+00 3.81318127E-02
 7.35034075E-03 1.91947075E+00 3.80728613E-02
 7.36446366E-03 1.92067353E+00 3.80221694E-02
 7.37840872E-03 1.92186779E+00 3.79796648E-02
 7.39217749E-03 1.92305356E+00 3.79452897E-02
 7.40577135E-03 1.92423098E+00 3.79189640E-02
 7.41919165E-03 1.92540021E+00 3.79006048E-02
 7.43252874E-03 1.92655792E+00 3.78890537E-02
 7.44681966E-03 1.92766775E+00 3.78677933E-02
 7.46096733E-03 1.92877403E+00 3.78469846E-02
 7.47537061E-03 1.92989761E+00 3.78233601E-02
 7.48969945E-03 1.93102401E+00 3.77984904E-02
 7.50388134E-03 1.93214957E+00 3.77729065E-02
 7.51791681E-03 1.93327439E+00 3.77465954E-02
 7.53180659E-03 1.93439837E+00 3.77195860E-02
 7.54555117E-03 1.93552162E+00 3.76918649E-02
 7.55915101E-03 1.93664423E+00 3.76634183E-02
 7.57260686E-03 1.93776611E+00 3.76342749E-02
 7.58591938E-03 1.93888726E+00 3.76044422E-02
 7.59908900E-03 1.94000779E+00 3.75739059E-02
 7.61243182E-03 1.94115636E+00 3.75405114E-02
 7.62678323E-03 1.94229572E+00 3.75156966E-02
 7.64115274E-03 1.94342692E+00 3.74933666E-02
 7.65538903E-03 1.94455276E+00 3.74720513E-02
 7.66949513E-03 1.94567334E+00 3.74517445E-02
 7.68347389E-03 1.94678894E+00 3.74323967E-02
 7.69732816E-03 1.94789966E+00 3.74140006E-02
 7.71106064E-03 1.94900569E+00 3.73965271E-02
 7.72467405E-03 1.95010713E+00 3.73799680E-02
 7.73817092E-03 1.95120416E+00 3.73642931E-02
 7.75185746E-03 1.95231832E+00 3.73440286E-02
 7.76554126E-03 1.95343866E+00 3.73213027E-02
 7.77910282E-03 1.95455712E+00 3.72980831E-02
 7.79254381E-03 1.95567368E+00 3.72743901E-02
 7.80586555E-03 1.95678849E+00 3.72502100E-02
 7.81906956E-03 1.95790160E+00 3.72255509E-02
 7.83318366E-03 1.95899672E+00 3.72028749E-02
 7.84729450E-03 1.96009021E+00 3.71824857E-02
 7.86129912E-03 1.96118380E+00 3.71642361E-02
 7.87519934E-03 1.96227744E+00 3.71481101E-02
 7.88928865E-03 1.96338956E+00 3.71289839E-02
 7.90342726E-03 1.96450667E+00 3.71095011E-02
 7.91746283E-03 1.96561816E+00 3.70923631E-02
 7.93139841E-03 1.96672423E+00 3.70775089E-02
 7.94523679E-03 1.96782519E+00 3.70648550E-02
 7.95898088E-03 1.96892112E+00 3.70543638E-02
 7.97263333E-03 1.97001229E+00 3.70459636E-02
 7.98619677E-03 1.97109885E+00 3.70396056E-02
 7.99967369E-03 1.97218099E+00 3.70352300E-02
 8.01306656E-03 1.97325887E+00 3.70327883E-02
 8.02656630E-03 1.97436621E+00 3.70177519E-02
 8.04009995E-03 1.97549603E+00 3.69922949E-02
 8.05353310E-03 1.97662582E+00 3.69659253E-02
 8.06686684E-03 1.97775557E+00 3.69386598E-02
 8.08114132E-03 1.97888009E+00 3.69016227E-02
 8.09547941E-03 1.98000590E+00 3.68639454E-02
 8.10972212E-03 1.98113394E+00 3.68271031E-02
 8.12387087E-03 1.98226434E+00 3.67910599E-02
 8.13792704E-03 1.98339699E+00 3.67558338E-02
 8.15189197E-03 1.98453201E+00 3.67213887E-02
 8.16595173E-03 1.98569380E+00 3.66902563E-02
 8.18007637E-03 1.98687733E+00 3.66643286E-02
 8.19409789E-03 1.98805972E+00 3.66419476E-02
 8.20801878E-03 1.98924113E+00 3.66230170E-02
 8.22184157E-03 1.99042156E+00 3.66074804E-02
 8.23556858E-03 1.99160117E+00 3.65952428E-02
 8.24920214E-03 1.99278000E+00 3.65862354E-02
 8.26274443E-03 1.99395818E+00 3.65803776E-02
 8.27619756E-03 1.99513580E+00 3.65775892E-02
 8.28956387E-03 1.99631282E+00 3.65778278E-02
 8.30303042E-03 1.99748522E+00 3.65788341E-02
 8.31662597E-03 1.99865117E+00 3.65795327E-02
 8.33013524E-03 1.99981507E+00 3.65821926E-02
 8.34355913E-03 2.00097706E+00 3.65867724E-02
 8.35771874E-03 2.00209328E+00 3.65953439E-02
 8.37217912E-03 2.00319235E+00 3.66029897E-02
 8.38656964E-03 2.00429502E+00 3.66081244E-02
 8.40089133E-03 2.00540138E+00 3.66107572E-02
 8.41514513E-03 2.00651141E+00 3.66109344E-02
 8.42933197E-03 2.00762510E+00 3.66086877E-02
 8.44358948E-03 2.00875970E+00 3.65854293E-02
 8.45798180E-03 2.00992381E+00 3.65344663E-02
 8.47230051E-03 2.01109123E+00 3.64851571E-02
 8.48654651E-03 2.01226190E+00 3.64374943E-02
 8.50072064E-03 2.01343587E+00 3.63914566E-02
 8.51482373E-03 2.01461316E+00 3.63470229E-02
 8.52885663E-03 2.01579374E+00 3.63041855E-02
 8.54282021E-03 2.01697759E+00 3.62629367E-02
 8.55671518E-03 2.01816480E+00 3.62232415E-02
 8.57054236E-03 2.01935533E+00 3.61850922E-02
 8.58439316E-03 2.02056583E+00 3.61466566E-02
 8.59835326E-03 2.02181127E+00 3.61058913E-02
 8.61224118E-03 2.02305765E+00 3.60663343E-02
 8.62605773E-03 2.02430500E+00 3.60279744E-02
 8.63980377E-03 2.02555335E+00 3.59908006E-02
 8.65348010E-03 2.02680272E+00 3.59548016E-02
 8.66708738E-03 2.02805320E+00 3.59199533E-02
 8.68062662E-03 2.02930472E+00 3.58862641E-02
 8.69409836E-03 2.03055740E+00 3.58537032E-02
 8.70765237E-03 2.03180472E+00 3.58236812E-02
 8.72227276E-03 2.03301674E+00 3.58022573E-02
 8.73702684E-03 2.03425389E+00 3.57762018E-02
 8.75172317E-03 2.03549360E+00 3.57500893E-02
 8.76636253E-03 2.03673590E+00 3.57239203E-02
 8.78094564E-03 2.03798081E+00 3.56976953E-02
 8.79547325E-03 2.03922833E+00 3.56714149E-02
 8.80994607E-03 2.04047842E+00 3.56450922E-02
 8.82436482E-03 2.04173119E+00 3.56187080E-02
 8.83873021E-03 2.04298663E+00 3.55922689E-02
 8.85304290E-03 2.04424474E+00 3.55657748E-02
 8.86734835E-03 2.04551312E+00 3.55378310E-02
 8.88177024E-03 2.04681354E+00 3.55043295E-02
 8.89613506E-03 2.04811684E+00 3.54706071E-02
 8.91044348E-03 2.04942305E+00 3.54366648E-02
 8.92469620E-03 2.05073218E+00 3.54025039E-02
 8.93889384E-03 2.05204428E+00 3.53681182E-02
 8.95303714E-03 2.05335932E+00 3.53335222E-02
 8.96712674E-03 2.05467731E+00 3.52987167E-02
 8.98116319E-03 2.05599833E+00 3.52636880E-02
 8.99514721E-03 2.05732234E+00 3.52284504E-02
 9.00909832E-03 2.05865419E+00 3.51935273E-02
 9.02310766E-03 2.06001811E+00 3.51615288E-02
 9.03705965E-03 2.06138516E+00 3.51293438E-02
 9.05095496E-03 2.06275537E+00 3.50969667E-02
 9.06479421E-03 2.06412880E+00 3.50643913E-02
 9.07857834E-03 2.06550538E+00 3.50316404E-02
 9.09230797E-03 2.06688515E+00 3.49987079E-02
 9.10598369E-03 2.06826816E+00 3.49655869E-02
 9.11960626E-03 2.06965440E+00 3.49322856E-02
 9.13317634E-03 2.07104389E+00 3.48988044E-02
 9.14670188E-03 2.07243825E+00 3.48652315E-02
 9.16025770E-03 2.07385463E+00 3.48325284E-02
 9.17461143E-03 2.07523244E+00 3.48119484E-02
 9.18939085E-03 2.07659056E+00 3.47981327E-02
 9.20412867E-03 2.07795199E+00 3.47843905E-02
 9.21882551E-03 2.07931678E+00 3.47707193E-02
 9.23348186E-03 2.08068487E+00 3.47571296E-02
 9.24809838E-03 2.08205632E+00 3.47436122E-02
 9.26267564E-03 2.08343116E+00 3.47301643E-02
 9.27721420E-03 2.08480941E+00 3.47167828E-02
 9.29171640E-03 2.08619133E+00 3.47038396E-02
 9.30629824E-03 2.08759800E+00 3.47141968E-02
 9.32083763E-03 2.08900797E+00 3.47248585E-02
 9.33533525E-03 2.09042130E+00 3.47358120E-02
 9.34979168E-03 2.09183800E+00 3.47470515E-02
 9.36420754E-03 2.09325807E+00 3.47585780E-02
 9.37858341E-03 2.09468156E+00 3.47703787E-02
 9.39291987E-03 2.09610845E+00 3.47824613E-02
 9.40721749E-03 2.09753878E+00 3.47948131E-02
 9.42147681E-03 2.09897258E+00 3.48074281E-02
 9.43569841E-03 2.10040985E+00 3.48203073E-02
 9.45001949E-03 2.10181523E+00 3.48688799E-02
 9.46430752E-03 2.10322142E+00 3.49197475E-02
 9.47855599E-03 2.10463027E+00 3.49710849E-02
 9.49276556E-03 2.10604175E+00 3.50228945E-02
 9.50693677E-03 2.10745592E+00 3.50751581E-02
 9.52107023E-03 2.10887278E+00 3.51278716E-02
 9.53516652E-03 2.11029237E+00 3.51810238E-02
 9.54922616E-03 2.11171473E+00 3.52346039E-02
 9.56324976E-03 2.11313984E+00 3.52886077E-02
 9.57723776E-03 2.11456778E+00 3.53430178E-02
 9.59133513E-03 2.11596657E+00 3.54402184E-02
 9.60541392E-03 2.11736341E+00 3.55433268E-02
 9.61945639E-03 2.11876230E+00 3.56469674E-02
 9.63346306E-03 2.12016328E+00 3.57511191E-02
 9.64743453E-03 2.12156639E+00 3.58557677E-02
 9.66137127E-03 2.12297167E+00 3.59608928E-02
 9.67527396E-03 2.12437913E+00 3.60664870E-02
 9.68914313E-03 2.12578879E+00 3.61725335E-02
 9.70297926E-03 2.12720070E+00 3.62790160E-02
 9.71678284E-03 2.12861490E+00 3.63859186E-02
 9.73082711E-03 2.12993140E+00 3.65917171E-02
 9.74489916E-03 2.13122724E+00 3.68185904E-02
 9.75894105E-03 2.13252377E+00 3.70453739E-02
 9.77295321E-03 2.13382105E+00 3.72720463E-02
 9.78693632E-03 2.13511909E+00 3.74985979E-02
 9.80089079E-03 2.13641795E+00 3.77250087E-02
 9.81481707E-03 2.13771769E+00 3.79512624E-02
 9.82986903E-03 2.13895031E+00 3.81906596E-02
 9.84500631E-03 2.14017844E+00 3.84305823E-02
 9.86013008E-03 2.14140803E+00 3.86698589E-02
 9.87570471E-03 2.14247290E+00 3.89702589E-02
 9.89141629E-03 2.14348517E+00 3.92887808E-02
 9.90711868E-03 2.14449719E+00 3.96058022E-02
 9.92281222E-03 2.14550901E+00 3.99213431E-02
 9.93849735E-03 2.14652071E+00 4.02354206E-02
 9.95417425E-03 2.14753228E+00 4.05480569E-02
 9.96984335E-03 2.14854379E+00 4.08592684E-02
 9.98550496E-03 2.14955529E+00 4.11690733E-02
 1.00011593E-02 2.15056680E+00 4.14774907E-02
 1.00168067E-02 2.15157835E+00 4.17845371E-02
 1.00330179E-02 2.15247214E+00 4.22208506E-02
 1.00494767E-02 2.15331363E+00 4.27101645E-02
 1.00659348E-02 2.15415423E+00 4.31950113E-02
 1.00823926E-02 2.15499399E+00 4.36755232E-02
 1.00988502E-02 2.15583294E+00 4.41518260E-02
 1.01153079E-02 2.15667116E+00 4.46240386E-02
 1.01317661E-02 2.15750864E+00 4.50922746E-02
 1.01482249E-02 2.15834547E+00 4.55566420E-02
 1.01646846E-02 2.15918166E+00 4.60172437E-02
 1.01811454E-02 2.16001726E+00 4.64741776E-02
 1.01987050E-02 2.16056085E+00 4.70683537E-02
 1.02169143E-02 2.16093283E+00 4.77368850E-02
 1.02351365E-02 2.16130267E+00 4.83971338E-02
 1.02533720E-02 2.16167039E+00 4.90494182E-02
 1.02716207E-02 2.16203606E+00 4.96940376E-02
 1.02898830E-02 2.16239969E+00 5.03312700E-02
 1.03081590E-02 2.16276133E+00 5.09613794E-02
 1.03264488E-02 2.16312102E+00 5.15846121E-02
 1.03447526E-02 2.16347880E+00 5.22012013E-02
 1.03630706E-02 2.16383470E+00 5.28113672E-02
 1.03826030E-02 2.16405073E+00 5.35291665E-02
 1.04030715E-02 2.16416003E+00 5.43234833E-02
 1.04235665E-02 2.16426756E+00 5.51070817E-02
 1.04440880E-02 2.16437334E+00 5.58803964E-02
 1.04646362E-02 2.16447740E+00 5.66438341E-02
 1.04852112E-02 2.16457976E+00 5.73977811E-02
 1.05058131E-02 2.16468045E+00 5.81425890E-02
 1.05264419E-02 2.16477949E+00 5.88785959E-02
 1.05470979E-02 2.16487691E+00 5.96061151E-02
 1.05677810E-02 2.16497272E+00 6.03254414E-02
 1.05904232E-02 2.16482606E+00 6.12335728E-02
 1.06150054E-02 2.16444088E+00 6.23186857E-02
 1.06396325E-02 2.16405403E+00 6.33853244E-02
 1.06643047E-02 2.16366549E+00 6.44344024E-02
 1.06890221E-02 2.16327528E+00 6.54667571E-02
 1.07137848E-02 2.16288340E+00 6.64831575E-02
 1.07385928E-02 2.16248984E+00 6.74843245E-02
 1.07634462E-02 2.16209461E+00 6.84709165E-02
 1.07883452E-02 2.16169771E+00 6.94435522E-02
 1.08132897E-02 2.16129915E+00 7.04028000E-02
 1.08405753E-02 2.16075327E+00 7.14644038E-02
 1.08708370E-02 2.16002117E+00 7.26540841E-02
 1.09011632E-02 2.15928808E+00 7.38239991E-02
 1.09315541E-02 2.15855399E+00 7.49750733E-02
 1.09620099E-02 2.15781886E+00 7.61081691E-02
 1.09925307E-02 2.15708269E+00 7.72240722E-02
 1.10231167E-02 2.15634544E+00 7.83235244E-02
 1.10537681E-02 2.15560709E+00 7.94072070E-02
 1.10844851E-02 2.15486762E+00 8.04757591E-02
 1.11152679E-02 2.15412700E+00 8.15297774E-02
 1.11487150E-02 2.15331314E+00 8.27079289E-02
 1.11865437E-02 2.15237883E+00 8.40934215E-02
 1.12244571E-02 2.15144342E+00 8.54550209E-02
 1.12624556E-02 2.15050688E+00 8.67938632E-02
 1.13005397E-02 2.14956917E+00 8.81110015E-02
 1.13387098E-02 2.14863026E+00 8.94073998E-02
 1.13769663E-02 2.14769012E+00 9.06839615E-02
 1.14153097E-02 2.14674872E+00 9.19415158E-02
 1.14537405E-02 2.14580602E+00 9.31808472E-02
 1.14922590E-02 2.14486199E+00 9.44026773E-02
 1.15341569E-02 2.14384598E+00 9.57205058E-02
 1.15833956E-02 2.14267358E+00 9.72615578E-02
 1.16327493E-02 2.14150007E+00 9.87745080E-02
 1.16822191E-02 2.14032540E+00 1.00260694E-01
 1.17318060E-02 2.13914954E+00 1.01721332E-01
 1.17815109E-02 2.13797242E+00 1.03157557E-01
 1.18313352E-02 2.13679399E+00 1.04570434E-01
 1.18812796E-02 2.13561421E+00 1.05960936E-01
 1.19313452E-02 2.13443303E+00 1.07329973E-01
 1.19815331E-02 2.13325041E+00 1.08678402E-01
 1.20347556E-02 2.13208365E+00 1.10126268E-01
 1.20969106E-02 2.13096842E+00 1.11905401E-01
 1.21592187E-02 2.12985254E+00 1.13651299E-01
 1.22216819E-02 2.12873593E+00 1.15365559E-01
 1.22843021E-02 2.12761857E+00 1.17049635E-01
 1.23470814E-02 2.12650037E+00 1.18704895E-01
 1.24100214E-02 2.12538129E+00 1.20332589E-01
 1.24731244E-02 2.12426127E+00 1.21933891E-01
 1.25366758E-02 2.12314276E+00 1.23506951E-01
 1.26028748E-02 2.12204766E+00 1.25029536E-01
 1.26726754E-02 2.12090730E+00 1.26672926E-01
 1.27578855E-02 2.11955404E+00 1.28917172E-01
 1.28431452E-02 2.11819832E+00 1.31117721E-01
 1.29284610E-02 2.11684008E+00 1.33276805E-01
 1.30138390E-02 2.11547927E+00 1.35396475E-01
 1.30992851E-02 2.11411584E+00 1.37478607E-01
 1.31848051E-02 2.11274973E+00 1.39524948E-01
 1.32704046E-02 2.11138088E+00 1.41537098E-01
 1.33560894E-02 2.11000925E+00 1.43516542E-01
 1.34418648E-02 2.10863480E+00 1.45464647E-01
 1.35303237E-02 2.10726373E+00 1.47439491E-01
 1.36376636E-02 2.10593189E+00 1.49791748E-01
 1.37450952E-02 2.10459128E+00 1.52105929E-01
 1.38526269E-02 2.10324196E+00 1.54383690E-01
 1.39602670E-02 2.10188402E+00 1.56626569E-01
 1.40680237E-02 2.10051750E+00 1.58836011E-01
 1.41759048E-02 2.09914251E+00 1.61013319E-01
 1.42839181E-02 2.09775908E+00 1.63159746E-01
 1.43920713E-02 2.09636727E+00 1.65276437E-01
 1.45003716E-02 2.09496715E+00 1.67364461E-01
 1.46104883E-02 2.09355635E+00 1.69464324E-01
 1.47482727E-02 2.09209317E+00 1.72179706E-01
 1.48919196E-02 2.09065422E+00 1.74821351E-01
 1.50376202E-02 2.08921140E+00 1.77415652E-01
 1.51835239E-02 2.08775110E+00 1.79975046E-01
 1.53296355E-02 2.08627350E+00 1.82500800E-01
 1.54759594E-02 2.08477875E+00 1.84994116E-01
 1.56225004E-02 2.08326701E+00 1.87456094E-01
 1.57692630E-02 2.08173841E+00 1.89887769E-01
 1.59162517E-02 2.08019310E+00 1.92290111E-01
 1.60634710E-02 2.07863122E+00 1.94664021E-01
 1.62466211E-02 2.07724907E+00 1.97475431E-01
 1.64306128E-02 2.07584950E+00 2.00241447E-01
 1.66152126E-02 2.07443135E+00 2.02960851E-01
 1.68004262E-02 2.07299479E+00 2.05635477E-01
 1.69862594E-02 2.07154000E+00 2.08267036E-01
 1.71727177E-02 2.07006713E+00 2.10857117E-01
 1.73667583E-02 2.06860711E+00 2.13390077E-01
 1.75626686E-02 2.06713448E+00 2.15881252E-01
 1.77590496E-02 2.06564316E+00 2.18335384E-01
 1.79559053E-02 2.06413331E+00 2.20753672E-01
 1.81918406E-02 2.06273824E+00 2.23796635E-01
 1.84317649E-02 2.06133426E+00 2.26833805E-01
 1.86727781E-02 2.05991147E+00 2.29816569E-01
 1.89148893E-02 2.05847004E+00 2.32747073E-01
 1.91581079E-02 2.05701016E+00 2.35627288E-01
 1.94024431E-02 2.05553202E+00 2.38459052E-01
 1.96479042E-02 2.05403580E+00 2.41244080E-01
 1.98945009E-02 2.05252166E+00 2.43983978E-01
 2.01497491E-02 2.05101076E+00 2.46666857E-01
 2.04076810E-02 2.04948651E+00 2.49304256E-01
 2.07101892E-02 2.04815320E+00 2.52512784E-01
 2.10212577E-02 2.04683327E+00 2.55758335E-01
 2.13341892E-02 2.04549443E+00 2.58946731E-01
 2.16489989E-02 2.04413689E+00 2.62080079E-01
 2.19657024E-02 2.04276087E+00 2.65160325E-01
 2.22843152E-02 2.04136656E+00 2.68189302E-01
 2.26048530E-02 2.03995417E+00 2.71168695E-01
 2.29273319E-02 2.03852388E+00 2.74100102E-01
 2.32603711E-02 2.03709169E+00 2.76974125E-01
 2.35972405E-02 2.03564542E+00 2.79800438E-01
 2.39796059E-02 2.03430431E+00 2.83314215E-01
 2.43755937E-02 2.03297376E+00 2.86943661E-01
 2.47745326E-02 2.03162339E+00 2.90507837E-01
 2.51764490E-02 2.03025345E+00 2.94009078E-01
 2.55813694E-02 2.02886418E+00 2.97449546E-01
 2.59893209E-02 2.02745582E+00 3.00831264E-01
 2.64016171E-02 2.02603012E+00 3.04155007E-01
 2.68277690E-02 2.02459870E+00 3.07414369E-01
 2.72568302E-02 2.02314860E+00 3.10620257E-01
 2.76888226E-02 2.02168004E+00 3.13774202E-01
 2.81701034E-02 2.02035554E+00 3.17479307E-01
 2.86721026E-02 2.01906775E+00 3.21329817E-01
 2.91786026E-02 2.01775889E+00 3.25111421E-01
 2.96896579E-02 2.01642931E+00 3.28826386E-01
 3.02103767E-02 2.01508310E+00 3.32474134E-01
 3.07448029E-02 2.01372358E+00 3.36054392E-01
 3.12837120E-02 2.01234409E+00 3.39573949E-01
 3.18271538E-02 2.01094493E+00 3.43034541E-01
 3.23751786E-02 2.00952637E+00 3.46437772E-01
 3.29278373E-02 2.00808869E+00 3.49785145E-01
 3.35286642E-02 2.00674117E+00 3.53778219E-01
 3.41575864E-02 2.00542764E+00 3.58032901E-01
 3.48082745E-02 2.00410177E+00 3.62204227E-01
 3.54656361E-02 2.00275712E+00 3.66298975E-01
 3.61297268E-02 2.00139388E+00 3.70319442E-01
 3.68006028E-02 2.00001227E+00 3.74267756E-01
 3.74783213E-02 1.99861246E+00 3.78145916E-01
 3.81629403E-02 1.99719464E+00 3.81955771E-01
 3.88570840E-02 1.99575951E+00 3.85698765E-01
 3.95706571E-02 1.99430935E+00 3.89375422E-01
 4.03392169E-02 1.99294335E+00 3.93586932E-01
 4.11475868E-02 1.99162182E+00 3.98100107E-01
 4.19656811E-02 1.99027939E+00 4.02530373E-01
 4.27936279E-02 1.98891637E+00 4.06880005E-01
 4.36315570E-02 1.98753306E+00 4.11151097E-01
 4.44943315E-02 1.98613018E+00 4.15346183E-01
 4.53696706E-02 1.98470773E+00 4.19466570E-01
 4.62551856E-02 1.98326593E+00 4.23513852E-01
 4.71510027E-02 1.98180503E+00 4.27489595E-01
 4.80572495E-02 1.98032529E+00 4.31395269E-01
 4.90129302E-02 1.97895357E+00 4.35716456E-01
 5.00258182E-02 1.97766301E+00 4.40361544E-01
 5.10601213E-02 1.97634803E+00 4.44925764E-01
 5.21077027E-02 1.97500997E+00 4.49409649E-01
 5.31687881E-02 1.97364931E+00 4.53814773E-01
 5.42436051E-02 1.97226650E+00 4.58142595E-01
 5.53324524E-02 1.97086196E+00 4.62394501E-01
 5.64546212E-02 1.96943225E+00 4.66576203E-01
 5.75909673E-02 1.96798182E+00 4.70684390E-01
 5.87417207E-02 1.96651104E+00 4.74720136E-01
 5.99496707E-02 1.96510884E+00 4.79083756E-01
 6.12211925E-02 1.96378140E+00 4.83791929E-01
 6.25156262E-02 1.96243272E+00 4.88413942E-01
 6.38466699E-02 1.96105933E+00 4.92954676E-01
 6.51974508E-02 1.95966664E+00 4.97410816E-01
 6.65682789E-02 1.95825491E+00 5.01783658E-01
 6.79594690E-02 1.95682442E+00 5.06074393E-01
 6.93713404E-02 1.95537543E+00 5.10284121E-01
 7.08105204E-02 1.95390610E+00 5.14415891E-01
 7.22843288E-02 1.95241450E+00 5.18472780E-01
 7.38101129E-02 1.95101422E+00 5.22652097E-01
 7.54026240E-02 1.94974636E+00 5.27029329E-01
 7.70210387E-02 1.94845934E+00 5.31324951E-01
 7.86658218E-02 1.94715350E+00 5.35539772E-01
 8.03499017E-02 1.94582473E+00 5.39678392E-01
 8.20704913E-02 1.94447466E+00 5.43740304E-01
 8.38187217E-02 1.94310690E+00 5.47723235E-01
 8.55950769E-02 1.94172174E+00 5.51627789E-01
 8.74000482E-02 1.94031941E+00 5.55454530E-01
 8.92341344E-02 1.93890018E+00 5.59203971E-01
 9.11323226E-02 1.93756013E+00 5.62972464E-01
 9.31148498E-02 1.93638213E+00 5.66834612E-01
 9.51318868E-02 1.93518774E+00 5.70619338E-01
 9.71840850E-02 1.93397724E+00 5.74327104E-01
 9.92721064E-02 1.93275088E+00 5.77958342E-01
 1.01396624E-01 1.93150891E+00 5.81513451E-01
 1.03572583E-01 1.93024627E+00 5.84996134E-01
