# EOS Table generated on 20120309 from
# LS220_234r_136t_50y_analmu_20091212_SVNr26.h5
# Original table has nrho ntemp nye:    234   136    50
# T =    0.100000E-01
EoSType = ColdTable
Nrho =  2000
RhoMin =   0.161865E-14      RhoMax =   0.161865E-01
HeatCapacity =   0.160000E-02
GammaTh =   0.166667E+01
Kappa =   0.100000E+03
RhoSpacing = Log
-9.84422982E-03 1.49203741E+00 2.88057639E-03
-9.84425312E-03 1.49229576E+00 2.87930510E-03
-9.84427634E-03 1.49255434E+00 2.87803288E-03
-9.84429954E-03 1.49281314E+00 2.87676047E-03
-9.84432267E-03 1.49307217E+00 2.87548711E-03
-9.84434575E-03 1.49333144E+00 2.87421319E-03
-9.84436881E-03 1.49359092E+00 2.87293908E-03
-9.84439180E-03 1.49385065E+00 2.87166402E-03
-9.84441474E-03 1.49411060E+00 2.87038839E-03
-9.84443673E-03 1.49436883E+00 2.86919821E-03
-9.84445735E-03 1.49462463E+00 2.86812514E-03
-9.84447796E-03 1.49488065E+00 2.86705206E-03
-9.84449851E-03 1.49513690E+00 2.86597819E-03
-9.84451902E-03 1.49539338E+00 2.86490392E-03
-9.84453952E-03 1.49565008E+00 2.86382962E-03
-9.84455995E-03 1.49590701E+00 2.86275453E-03
-9.84458038E-03 1.49616416E+00 2.86167942E-03
-9.84460074E-03 1.49642155E+00 2.86060352E-03
-9.84461938E-03 1.49667560E+00 2.85967789E-03
-9.84463770E-03 1.49692921E+00 2.85878080E-03
-9.84465596E-03 1.49718304E+00 2.85788304E-03
-9.84467419E-03 1.49743710E+00 2.85698499E-03
-9.84469242E-03 1.49769137E+00 2.85608705E-03
-9.84471059E-03 1.49794588E+00 2.85518843E-03
-9.84472873E-03 1.49820062E+00 2.85428953E-03
-9.84474687E-03 1.49845558E+00 2.85339073E-03
-9.84476447E-03 1.49870975E+00 2.85253265E-03
-9.84478073E-03 1.49896127E+00 2.85179106E-03
-9.84479699E-03 1.49921300E+00 2.85104966E-03
-9.84481320E-03 1.49946497E+00 2.85030767E-03
-9.84482938E-03 1.49971716E+00 2.84956550E-03
-9.84484557E-03 1.49996957E+00 2.84882351E-03
-9.84486171E-03 1.50022221E+00 2.84808094E-03
-9.84487782E-03 1.50047508E+00 2.84733817E-03
-9.84489394E-03 1.50072816E+00 2.84659560E-03
-9.84490889E-03 1.50097902E+00 2.84594830E-03
-9.84492332E-03 1.50122896E+00 2.84534548E-03
-9.84493776E-03 1.50147911E+00 2.84474292E-03
-9.84495215E-03 1.50172950E+00 2.84413984E-03
-9.84496652E-03 1.50198011E+00 2.84353663E-03
-9.84498090E-03 1.50223093E+00 2.84293367E-03
-9.84499523E-03 1.50248199E+00 2.84233020E-03
-9.84500954E-03 1.50273327E+00 2.84172659E-03
-9.84502371E-03 1.50298443E+00 2.84113622E-03
-9.84503653E-03 1.50323280E+00 2.84065836E-03
-9.84504933E-03 1.50348140E+00 2.84018041E-03
-9.84506214E-03 1.50373022E+00 2.83970277E-03
-9.84507491E-03 1.50397926E+00 2.83922465E-03
-9.84508766E-03 1.50422853E+00 2.83874645E-03
-9.84510040E-03 1.50447803E+00 2.83826817E-03
-9.84511316E-03 1.50472774E+00 2.83779019E-03
-9.84512586E-03 1.50497768E+00 2.83731174E-03
-9.84513786E-03 1.50522620E+00 2.83689316E-03
-9.84514922E-03 1.50547344E+00 2.83652905E-03
-9.84516060E-03 1.50572090E+00 2.83616529E-03
-9.84517193E-03 1.50596858E+00 2.83580109E-03
-9.84518325E-03 1.50621649E+00 2.83543684E-03
-9.84519456E-03 1.50646463E+00 2.83507253E-03
-9.84520589E-03 1.50671298E+00 2.83470858E-03
-9.84521717E-03 1.50696156E+00 2.83434417E-03
-9.84522844E-03 1.50721037E+00 2.83397972E-03
-9.84523857E-03 1.50745658E+00 2.83371515E-03
-9.84524864E-03 1.50770284E+00 2.83345685E-03
-9.84525868E-03 1.50794933E+00 2.83319813E-03
-9.84526871E-03 1.50819604E+00 2.83293938E-03
-9.84527872E-03 1.50844298E+00 2.83268061E-03
-9.84528873E-03 1.50869014E+00 2.83242180E-03
-9.84529876E-03 1.50893751E+00 2.83216337E-03
-9.84530875E-03 1.50918512E+00 2.83190451E-03
-9.84531832E-03 1.50943191E+00 2.83168206E-03
-9.84532718E-03 1.50967710E+00 2.83152302E-03
-9.84533604E-03 1.50992251E+00 2.83136397E-03
-9.84534492E-03 1.51016814E+00 2.83120531E-03
-9.84535376E-03 1.51041399E+00 2.83104623E-03
-9.84536259E-03 1.51066008E+00 2.83088715E-03
-9.84537141E-03 1.51090638E+00 2.83072805E-03
-9.84538023E-03 1.51115291E+00 2.83056893E-03
-9.84538904E-03 1.51139967E+00 2.83040981E-03
-9.84539703E-03 1.51164446E+00 2.83032643E-03
-9.84540483E-03 1.51188886E+00 2.83026415E-03
-9.84541260E-03 1.51213350E+00 2.83020146E-03
-9.84542035E-03 1.51237836E+00 2.83013877E-03
-9.84542810E-03 1.51262344E+00 2.83007607E-03
-9.84543585E-03 1.51286875E+00 2.83001337E-03
-9.84544359E-03 1.51311428E+00 2.82995066E-03
-9.84545132E-03 1.51336003E+00 2.82988795E-03
-9.84545885E-03 1.51360545E+00 2.82984490E-03
-9.84546560E-03 1.51384890E+00 2.82987769E-03
-9.84547239E-03 1.51409256E+00 2.82991088E-03
-9.84547911E-03 1.51433647E+00 2.82994325E-03
-9.84548588E-03 1.51458058E+00 2.82997643E-03
-9.84549262E-03 1.51482492E+00 2.83000920E-03
-9.84549935E-03 1.51506949E+00 2.83004196E-03
-9.84550608E-03 1.51531428E+00 2.83007472E-03
-9.84551281E-03 1.51555930E+00 2.83010747E-03
-9.84551895E-03 1.51580281E+00 2.83020096E-03
-9.84552475E-03 1.51604551E+00 2.83033063E-03
-9.84553055E-03 1.51628844E+00 2.83046029E-03
-9.84553634E-03 1.51653159E+00 2.83058994E-03
-9.84554213E-03 1.51677496E+00 2.83071957E-03
-9.84554791E-03 1.51701856E+00 2.83084920E-03
-9.84555369E-03 1.51726238E+00 2.83097881E-03
-9.84555947E-03 1.51750642E+00 2.83110842E-03
-9.84556520E-03 1.51775056E+00 2.83124276E-03
-9.84557008E-03 1.51799224E+00 2.83147300E-03
-9.84557496E-03 1.51823415E+00 2.83170322E-03
-9.84557984E-03 1.51847628E+00 2.83193341E-03
-9.84558468E-03 1.51871864E+00 2.83216317E-03
-9.84558956E-03 1.51896121E+00 2.83239331E-03
-9.84559443E-03 1.51920401E+00 2.83262342E-03
-9.84559929E-03 1.51944703E+00 2.83285352E-03
-9.84560416E-03 1.51969028E+00 2.83308358E-03
-9.84560861E-03 1.51993240E+00 2.83336353E-03
-9.84561260E-03 1.52017318E+00 2.83370020E-03
-9.84561658E-03 1.52041419E+00 2.83403683E-03
-9.84562056E-03 1.52065543E+00 2.83437341E-03
-9.84562451E-03 1.52089689E+00 2.83470953E-03
-9.84562849E-03 1.52113857E+00 2.83504602E-03
-9.84563246E-03 1.52138048E+00 2.83538246E-03
-9.84563644E-03 1.52162261E+00 2.83571885E-03
-9.84564041E-03 1.52186496E+00 2.83605520E-03
-9.84564357E-03 1.52210484E+00 2.83649322E-03
-9.84564667E-03 1.52234458E+00 2.83694439E-03
-9.84564976E-03 1.52258456E+00 2.83739549E-03
-9.84565285E-03 1.52282475E+00 2.83784651E-03
-9.84565594E-03 1.52306517E+00 2.83829745E-03
-9.84565899E-03 1.52330582E+00 2.83874789E-03
-9.84566208E-03 1.52354669E+00 2.83919867E-03
-9.84566517E-03 1.52378778E+00 2.83964937E-03
-9.84566795E-03 1.52402810E+00 2.84013838E-03
-9.84567013E-03 1.52426640E+00 2.84071446E-03
-9.84567232E-03 1.52450492E+00 2.84129041E-03
-9.84567448E-03 1.52474367E+00 2.84186582E-03
-9.84567667E-03 1.52498263E+00 2.84244152E-03
-9.84567885E-03 1.52522182E+00 2.84301710E-03
-9.84568101E-03 1.52546124E+00 2.84359213E-03
-9.84568319E-03 1.52570088E+00 2.84416745E-03
-9.84568538E-03 1.52594074E+00 2.84474265E-03
-9.84568685E-03 1.52617829E+00 2.84541837E-03
-9.84568811E-03 1.52641512E+00 2.84613179E-03
-9.84568933E-03 1.52665217E+00 2.84684460E-03
-9.84569058E-03 1.52688944E+00 2.84755763E-03
-9.84569180E-03 1.52712694E+00 2.84827006E-03
-9.84569306E-03 1.52736466E+00 2.84898272E-03
-9.84569428E-03 1.52760261E+00 2.84969477E-03
-9.84569553E-03 1.52784077E+00 2.85040705E-03
-9.84569660E-03 1.52807860E+00 2.85114186E-03
-9.84569688E-03 1.52831344E+00 2.85200768E-03
-9.84569711E-03 1.52854851E+00 2.85287281E-03
-9.84569735E-03 1.52878380E+00 2.85373766E-03
-9.84569763E-03 1.52901930E+00 2.85460266E-03
-9.84569787E-03 1.52925504E+00 2.85546697E-03
-9.84569811E-03 1.52949099E+00 2.85633100E-03
-9.84569838E-03 1.52972716E+00 2.85719518E-03
-9.84569862E-03 1.52996357E+00 2.85805866E-03
-9.84569829E-03 1.53019784E+00 2.85902044E-03
-9.84569748E-03 1.53043058E+00 2.86005523E-03
-9.84569668E-03 1.53066353E+00 2.86108962E-03
-9.84569587E-03 1.53089671E+00 2.86212363E-03
-9.84569506E-03 1.53113011E+00 2.86315724E-03
-9.84569428E-03 1.53136372E+00 2.86419090E-03
-9.84569348E-03 1.53159756E+00 2.86522375E-03
-9.84569267E-03 1.53183163E+00 2.86625620E-03
-9.84569189E-03 1.53206590E+00 2.86728870E-03
-9.84568996E-03 1.53229595E+00 2.86851132E-03
-9.84568802E-03 1.53252618E+00 2.86973506E-03
-9.84568608E-03 1.53275663E+00 2.87095825E-03
-9.84568414E-03 1.53298729E+00 2.87218091E-03
-9.84568220E-03 1.53321817E+00 2.87340303E-03
-9.84568026E-03 1.53344928E+00 2.87462462E-03
-9.84567831E-03 1.53368060E+00 2.87584567E-03
-9.84567637E-03 1.53391215E+00 2.87706618E-03
-9.84567392E-03 1.53414188E+00 2.87837522E-03
-9.84567074E-03 1.53436892E+00 2.87981068E-03
-9.84566757E-03 1.53459618E+00 2.88124540E-03
-9.84566435E-03 1.53482367E+00 2.88267896E-03
-9.84566117E-03 1.53505137E+00 2.88411221E-03
-9.84565799E-03 1.53527928E+00 2.88554474E-03
-9.84565481E-03 1.53550741E+00 2.88697654E-03
-9.84565163E-03 1.53573576E+00 2.88840761E-03
-9.84564845E-03 1.53596433E+00 2.88983795E-03
-9.84564410E-03 1.53618860E+00 2.89146913E-03
-9.84563956E-03 1.53641218E+00 2.89314039E-03
-9.84563502E-03 1.53663597E+00 2.89481067E-03
-9.84563044E-03 1.53685998E+00 2.89647952E-03
-9.84562590E-03 1.53708419E+00 2.89814782E-03
-9.84562132E-03 1.53730863E+00 2.89981470E-03
-9.84561677E-03 1.53753328E+00 2.90148105E-03
-9.84561222E-03 1.53775814E+00 2.90314642E-03
-9.84560725E-03 1.53798172E+00 2.90487933E-03
-9.84560120E-03 1.53820105E+00 2.90681489E-03
-9.84559512E-03 1.53842060E+00 2.90874868E-03
-9.84558903E-03 1.53864036E+00 2.91068116E-03
-9.84558297E-03 1.53886033E+00 2.91261279E-03
-9.84557688E-03 1.53908051E+00 2.91454266E-03
-9.84557081E-03 1.53930090E+00 2.91647168E-03
-9.84556471E-03 1.53952151E+00 2.91839895E-03
-9.84555861E-03 1.53974233E+00 2.92032492E-03
-9.84555142E-03 1.53995895E+00 2.92245571E-03
-9.84554365E-03 1.54017365E+00 2.92468394E-03
-9.84553588E-03 1.54038856E+00 2.92691045E-03
-9.84552811E-03 1.54060368E+00 2.92913523E-03
-9.84552032E-03 1.54081900E+00 2.93135830E-03
-9.84551254E-03 1.54103453E+00 2.93357965E-03
-9.84550475E-03 1.54125028E+00 2.93579929E-03
-9.84549695E-03 1.54146623E+00 2.93801722E-03
-9.84548898E-03 1.54168171E+00 2.94026572E-03
-9.84547933E-03 1.54189092E+00 2.94282167E-03
-9.84546969E-03 1.54210033E+00 2.94537537E-03
-9.84546000E-03 1.54230996E+00 2.94792636E-03
-9.84545033E-03 1.54251978E+00 2.95047558E-03
-9.84544066E-03 1.54272980E+00 2.95302256E-03
-9.84543098E-03 1.54294003E+00 2.95556731E-03
-9.84542129E-03 1.54315046E+00 2.95810984E-03
-9.84541156E-03 1.54336111E+00 2.96064967E-03
-9.84540081E-03 1.54356793E+00 2.96338424E-03
-9.84538903E-03 1.54377118E+00 2.96630060E-03
-9.84537728E-03 1.54397462E+00 2.96921453E-03
-9.84536547E-03 1.54417827E+00 2.97212509E-03
-9.84535366E-03 1.54438211E+00 2.97503276E-03
-9.84534187E-03 1.54458614E+00 2.97793803E-03
-9.84533003E-03 1.54479039E+00 2.98083994E-03
-9.84531821E-03 1.54499482E+00 2.98373948E-03
-9.84530635E-03 1.54519946E+00 2.98663568E-03
-9.84529237E-03 1.54539638E+00 2.98992640E-03
-9.84527823E-03 1.54559295E+00 2.99324077E-03
-9.84526407E-03 1.54578971E+00 2.99655142E-03
-9.84524989E-03 1.54598667E+00 2.99985838E-03
-9.84523570E-03 1.54618381E+00 3.00316165E-03
-9.84522149E-03 1.54638115E+00 3.00646124E-03
-9.84520726E-03 1.54657869E+00 3.00975717E-03
-9.84519302E-03 1.54677641E+00 3.01304945E-03
-9.84517787E-03 1.54697108E+00 3.01650620E-03
-9.84516111E-03 1.54716006E+00 3.02026242E-03
-9.84514428E-03 1.54734924E+00 3.02401342E-03
-9.84512744E-03 1.54753860E+00 3.02775971E-03
-9.84511060E-03 1.54772814E+00 3.03150182E-03
-9.84509373E-03 1.54791786E+00 3.03523927E-03
-9.84507681E-03 1.54810778E+00 3.03897156E-03
-9.84505990E-03 1.54829788E+00 3.04269973E-03
-9.84504293E-03 1.54848817E+00 3.04642277E-03
-9.84502381E-03 1.54867105E+00 3.05054680E-03
-9.84500405E-03 1.54885193E+00 3.05478157E-03
-9.84498425E-03 1.54903298E+00 3.05901041E-03
-9.84496442E-03 1.54921421E+00 3.06323335E-03
-9.84494456E-03 1.54939562E+00 3.06745041E-03
-9.84492466E-03 1.54957721E+00 3.07166162E-03
-9.84490473E-03 1.54975898E+00 3.07586700E-03
-9.84488476E-03 1.54994093E+00 3.08006658E-03
-9.84486417E-03 1.55012100E+00 3.08437415E-03
-9.84484113E-03 1.55029289E+00 3.08913747E-03
-9.84481801E-03 1.55046496E+00 3.09389286E-03
-9.84479488E-03 1.55063719E+00 3.09864141E-03
-9.84477168E-03 1.55080960E+00 3.10338209E-03
-9.84474846E-03 1.55098217E+00 3.10811600E-03
-9.84472516E-03 1.55115493E+00 3.11284210E-03
-9.84470181E-03 1.55132786E+00 3.11756097E-03
-9.84467845E-03 1.55150094E+00 3.12227316E-03
-9.84465299E-03 1.55166742E+00 3.12736864E-03
-9.84462621E-03 1.55182986E+00 3.13269699E-03
-9.84459935E-03 1.55199247E+00 3.13801566E-03
-9.84457245E-03 1.55215524E+00 3.14332579E-03
-9.84454550E-03 1.55231816E+00 3.14862688E-03
-9.84451848E-03 1.55248125E+00 3.15391898E-03
-9.84449140E-03 1.55264451E+00 3.15920213E-03
-9.84446423E-03 1.55280793E+00 3.16447582E-03
-9.84443689E-03 1.55297107E+00 3.16976796E-03
-9.84440603E-03 1.55312331E+00 3.17571540E-03
-9.84437509E-03 1.55327571E+00 3.18165162E-03
-9.84434407E-03 1.55342827E+00 3.18757669E-03
-9.84431300E-03 1.55358096E+00 3.19349123E-03
-9.84428179E-03 1.55373383E+00 3.19939361E-03
-9.84425056E-03 1.55388683E+00 3.20528616E-03
-9.84421922E-03 1.55404000E+00 3.21116724E-03
-9.84418780E-03 1.55419331E+00 3.21703746E-03
-9.84415450E-03 1.55434133E+00 3.22324243E-03
-9.84411904E-03 1.55448303E+00 3.22984268E-03
-9.84408346E-03 1.55462488E+00 3.23642879E-03
-9.84404777E-03 1.55476688E+00 3.24300140E-03
-9.84401201E-03 1.55490900E+00 3.24956119E-03
-9.84397612E-03 1.55505129E+00 3.25610707E-03
-9.84394012E-03 1.55519371E+00 3.26263970E-03
-9.84390402E-03 1.55533628E+00 3.26915917E-03
-9.84386781E-03 1.55547900E+00 3.27566555E-03
-9.84382785E-03 1.55561110E+00 3.28287682E-03
-9.84378723E-03 1.55574187E+00 3.29016939E-03
-9.84374652E-03 1.55587277E+00 3.29744630E-03
-9.84370564E-03 1.55600381E+00 3.30470646E-03
-9.84366466E-03 1.55613497E+00 3.31195117E-03
-9.84362351E-03 1.55626628E+00 3.31917934E-03
-9.84358223E-03 1.55639772E+00 3.32639167E-03
-9.84354085E-03 1.55652928E+00 3.33358889E-03
-9.84349798E-03 1.55665726E+00 3.34103447E-03
-9.84345184E-03 1.55677670E+00 3.34907746E-03
-9.84340553E-03 1.55689627E+00 3.35710104E-03
-9.84335908E-03 1.55701594E+00 3.36510596E-03
-9.84331243E-03 1.55713575E+00 3.37309111E-03
-9.84326562E-03 1.55725569E+00 3.38105724E-03
-9.84321868E-03 1.55737573E+00 3.38900514E-03
-9.84317153E-03 1.55749590E+00 3.39693366E-03
-9.84312424E-03 1.55761619E+00 3.40484420E-03
-9.84307335E-03 1.55772766E+00 3.41341538E-03
-9.84302094E-03 1.55783577E+00 3.42222747E-03
-9.84296836E-03 1.55794398E+00 3.43101741E-03
-9.84291554E-03 1.55805232E+00 3.43978406E-03
-9.84286251E-03 1.55816076E+00 3.44852826E-03
-9.84280931E-03 1.55826931E+00 3.45725082E-03
-9.84275586E-03 1.55837797E+00 3.46595060E-03
-9.84270220E-03 1.55848675E+00 3.47462843E-03
-9.84264764E-03 1.55859390E+00 3.48342724E-03
-9.84258858E-03 1.55869060E+00 3.49306594E-03
-9.84252927E-03 1.55878740E+00 3.50267792E-03
-9.84246970E-03 1.55888430E+00 3.51226340E-03
-9.84240991E-03 1.55898128E+00 3.52182328E-03
-9.84234983E-03 1.55907838E+00 3.53135640E-03
-9.84228949E-03 1.55917558E+00 3.54086366E-03
-9.84222889E-03 1.55927288E+00 3.55034526E-03
-9.84216802E-03 1.55937028E+00 3.55980141E-03
-9.84210398E-03 1.55946102E+00 3.56983205E-03
-9.84203738E-03 1.55954659E+00 3.58030051E-03
-9.84197044E-03 1.55963227E+00 3.59073752E-03
-9.84190322E-03 1.55971801E+00 3.60114475E-03
-9.84183568E-03 1.55980385E+00 3.61152177E-03
-9.84176782E-03 1.55988978E+00 3.62186884E-03
-9.84169962E-03 1.55997580E+00 3.63218549E-03
-9.84163113E-03 1.56006191E+00 3.64247341E-03
-9.84156232E-03 1.56014810E+00 3.65273213E-03
-9.84148789E-03 1.56022301E+00 3.66406612E-03
-9.84141298E-03 1.56029779E+00 3.67538414E-03
-9.84133773E-03 1.56037264E+00 3.68666789E-03
-9.84126207E-03 1.56044757E+00 3.69791622E-03
-9.84118603E-03 1.56052259E+00 3.70913018E-03
-9.84110960E-03 1.56059769E+00 3.72031008E-03
-9.84103282E-03 1.56067285E+00 3.73145696E-03
-9.84095562E-03 1.56074810E+00 3.74256966E-03
-9.84087583E-03 1.56081898E+00 3.75412602E-03
-9.84079230E-03 1.56088338E+00 3.76634798E-03
-9.84070834E-03 1.56094784E+00 3.77853086E-03
-9.84062390E-03 1.56101238E+00 3.79067353E-03
-9.84053903E-03 1.56107697E+00 3.80277789E-03
-9.84045370E-03 1.56114163E+00 3.81484356E-03
-9.84036788E-03 1.56120637E+00 3.82687012E-03
-9.84028163E-03 1.56127117E+00 3.83885949E-03
-9.84019491E-03 1.56133603E+00 3.85081124E-03
-9.84010309E-03 1.56139248E+00 3.86373866E-03
-9.84000975E-03 1.56144717E+00 3.87683852E-03
-9.83991588E-03 1.56150192E+00 3.88989393E-03
-9.83982144E-03 1.56155675E+00 3.90290454E-03
-9.83972648E-03 1.56161161E+00 3.91587238E-03
-9.83963098E-03 1.56166654E+00 3.92879708E-03
-9.83953493E-03 1.56172152E+00 3.94167908E-03
-9.83943833E-03 1.56177656E+00 3.95451878E-03
-9.83933981E-03 1.56182933E+00 3.96762966E-03
-9.83923641E-03 1.56187500E+00 3.98165870E-03
-9.83913238E-03 1.56192072E+00 3.99563811E-03
-9.83902771E-03 1.56196648E+00 4.00956840E-03
-9.83892241E-03 1.56201229E+00 4.02345008E-03
-9.83881647E-03 1.56205816E+00 4.03728365E-03
-9.83870989E-03 1.56210407E+00 4.05106961E-03
-9.83860265E-03 1.56215003E+00 4.06480844E-03
-9.83849477E-03 1.56219603E+00 4.07850062E-03
-9.83838245E-03 1.56223639E+00 4.09302233E-03
-9.83826755E-03 1.56227389E+00 4.10793219E-03
-9.83815191E-03 1.56231144E+00 4.12278770E-03
-9.83803552E-03 1.56234903E+00 4.13758945E-03
-9.83791840E-03 1.56238666E+00 4.15233801E-03
-9.83780052E-03 1.56242432E+00 4.16703395E-03
-9.83768189E-03 1.56246203E+00 4.18167783E-03
-9.83756247E-03 1.56249980E+00 4.19626930E-03
-9.83744185E-03 1.56253693E+00 4.21092720E-03
-9.83731533E-03 1.56256712E+00 4.22676864E-03
-9.83718793E-03 1.56259735E+00 4.24254956E-03
-9.83705971E-03 1.56262760E+00 4.25827241E-03
-9.83693063E-03 1.56265789E+00 4.27393693E-03
-9.83680068E-03 1.56268820E+00 4.28954379E-03
-9.83666984E-03 1.56271857E+00 4.30509269E-03
-9.83653816E-03 1.56274895E+00 4.32058606E-03
-9.83640556E-03 1.56277938E+00 4.33602269E-03
-9.83626934E-03 1.56280646E+00 4.35210610E-03
-9.83612944E-03 1.56283029E+00 4.36880950E-03
-9.83598857E-03 1.56285415E+00 4.38544873E-03
-9.83584675E-03 1.56287802E+00 4.40202546E-03
-9.83570391E-03 1.56290193E+00 4.41853854E-03
-9.83556008E-03 1.56292586E+00 4.43498960E-03
-9.83541525E-03 1.56294983E+00 4.45137933E-03
-9.83526943E-03 1.56297380E+00 4.46770934E-03
-9.83512258E-03 1.56299781E+00 4.48397842E-03
-9.83496977E-03 1.56301659E+00 4.50149292E-03
-9.83481545E-03 1.56303500E+00 4.51904041E-03
-9.83466004E-03 1.56305340E+00 4.53652038E-03
-9.83450351E-03 1.56307183E+00 4.55393265E-03
-9.83434583E-03 1.56309029E+00 4.57127705E-03
-9.83418704E-03 1.56310876E+00 4.58855625E-03
-9.83402707E-03 1.56312726E+00 4.60576907E-03
-9.83386598E-03 1.56314577E+00 4.62291817E-03
-9.83370196E-03 1.56316266E+00 4.64050063E-03
-9.83353335E-03 1.56317654E+00 4.65894456E-03
-9.83336351E-03 1.56319041E+00 4.67731606E-03
-9.83319242E-03 1.56320430E+00 4.69561503E-03
-9.83302005E-03 1.56321820E+00 4.71384229E-03
-9.83284640E-03 1.56323212E+00 4.73199869E-03
-9.83267144E-03 1.56324607E+00 4.75008402E-03
-9.83249520E-03 1.56326001E+00 4.76810109E-03
-9.83231765E-03 1.56327398E+00 4.78604969E-03
-9.83213504E-03 1.56328507E+00 4.80504047E-03
-9.83194988E-03 1.56329532E+00 4.82428780E-03
-9.83176333E-03 1.56330557E+00 4.84345892E-03
-9.83157536E-03 1.56331584E+00 4.86255371E-03
-9.83138596E-03 1.56332611E+00 4.88157308E-03
-9.83119510E-03 1.56333639E+00 4.90051790E-03
-9.83100277E-03 1.56334670E+00 4.91938799E-03
-9.83080900E-03 1.56335701E+00 4.93818628E-03
-9.83061288E-03 1.56336679E+00 4.95718779E-03
-9.83041153E-03 1.56337425E+00 4.97729589E-03
-9.83020858E-03 1.56338174E+00 4.99732121E-03
-9.83000407E-03 1.56338922E+00 5.01726684E-03
-9.82979797E-03 1.56339670E+00 5.03713268E-03
-9.82959024E-03 1.56340421E+00 5.05691860E-03
-9.82938091E-03 1.56341172E+00 5.07662766E-03
-9.82916992E-03 1.56341924E+00 5.09625861E-03
-9.82895732E-03 1.56342676E+00 5.11581451E-03
-9.82874042E-03 1.56343307E+00 5.13618733E-03
-9.82852014E-03 1.56343858E+00 5.15704920E-03
-9.82829811E-03 1.56344410E+00 5.17782610E-03
-9.82807434E-03 1.56344960E+00 5.19852017E-03
-9.82784876E-03 1.56345513E+00 5.21913018E-03
-9.82762139E-03 1.56346067E+00 5.23965823E-03
-9.82739221E-03 1.56346621E+00 5.26010527E-03
-9.82716121E-03 1.56347176E+00 5.28047224E-03
-9.82692826E-03 1.56347727E+00 5.30080448E-03
-9.82668962E-03 1.56348157E+00 5.32248178E-03
-9.82644907E-03 1.56348586E+00 5.34407128E-03
-9.82620655E-03 1.56349017E+00 5.36557178E-03
-9.82596210E-03 1.56349446E+00 5.38698661E-03
-9.82571565E-03 1.56349878E+00 5.40831451E-03
-9.82546721E-03 1.56350310E+00 5.42955765E-03
-9.82521678E-03 1.56350741E+00 5.45071816E-03
-9.82496431E-03 1.56351175E+00 5.47179470E-03
-9.82470822E-03 1.56351582E+00 5.49345450E-03
-9.82444805E-03 1.56351959E+00 5.51583362E-03
-9.82418576E-03 1.56352336E+00 5.53812237E-03
-9.82392132E-03 1.56352714E+00 5.56031951E-03
-9.82365472E-03 1.56353092E+00 5.58242848E-03
-9.82338593E-03 1.56353471E+00 5.60444796E-03
-9.82311495E-03 1.56353849E+00 5.62638137E-03
-9.82284174E-03 1.56354229E+00 5.64822733E-03
-9.82256631E-03 1.56354608E+00 5.66998925E-03
-9.82228583E-03 1.56354995E+00 5.69294702E-03
-9.82200264E-03 1.56355382E+00 5.71600187E-03
-9.82171709E-03 1.56355770E+00 5.73896169E-03
-9.82142917E-03 1.56356159E+00 5.76182882E-03
-9.82113890E-03 1.56356546E+00 5.78460559E-03
-9.82084620E-03 1.56356936E+00 5.80729061E-03
-9.82055109E-03 1.56357326E+00 5.82988618E-03
-9.82025355E-03 1.56357715E+00 5.85239456E-03
-9.81995273E-03 1.56358124E+00 5.87524427E-03
-9.81964745E-03 1.56358578E+00 5.89904266E-03
-9.81933960E-03 1.56359035E+00 5.92274285E-03
-9.81902919E-03 1.56359490E+00 5.94634851E-03
-9.81871620E-03 1.56359946E+00 5.96985953E-03
-9.81840060E-03 1.56360402E+00 5.99327702E-03
-9.81808237E-03 1.56360859E+00 6.01660207E-03
-9.81776148E-03 1.56361316E+00 6.03983575E-03
-9.81743792E-03 1.56361774E+00 6.06297911E-03
-9.81710998E-03 1.56362315E+00 6.08707614E-03
-9.81677862E-03 1.56362889E+00 6.11149676E-03
-9.81644449E-03 1.56363462E+00 6.13582005E-03
-9.81610753E-03 1.56364037E+00 6.16004458E-03
-9.81576775E-03 1.56364613E+00 6.18417280E-03
-9.81542512E-03 1.56365190E+00 6.20820582E-03
-9.81507961E-03 1.56365767E+00 6.23214474E-03
-9.81473121E-03 1.56366344E+00 6.25599065E-03
-9.81437964E-03 1.56366943E+00 6.27994001E-03
-9.81402346E-03 1.56367682E+00 6.30505868E-03
-9.81366427E-03 1.56368422E+00 6.33007610E-03
-9.81330206E-03 1.56369163E+00 6.35499348E-03
-9.81293679E-03 1.56369904E+00 6.37981198E-03
-9.81256845E-03 1.56370645E+00 6.40453411E-03
-9.81219700E-03 1.56371388E+00 6.42915829E-03
-9.81182241E-03 1.56372132E+00 6.45368698E-03
-9.81144467E-03 1.56372876E+00 6.47812126E-03
-9.81106295E-03 1.56373733E+00 6.50326596E-03
-9.81067740E-03 1.56374678E+00 6.52895955E-03
-9.81028855E-03 1.56375626E+00 6.55454799E-03
-9.80989643E-03 1.56376575E+00 6.58003659E-03
-9.80950099E-03 1.56377524E+00 6.60542515E-03
-9.80910221E-03 1.56378474E+00 6.63071483E-03
-9.80870005E-03 1.56379425E+00 6.65590674E-03
-9.80829450E-03 1.56380377E+00 6.68100200E-03
-9.80788552E-03 1.56381331E+00 6.70600169E-03
-9.80747217E-03 1.56382516E+00 6.73230961E-03
-9.80705530E-03 1.56383706E+00 6.75855185E-03
-9.80663490E-03 1.56384899E+00 6.78468933E-03
-9.80621094E-03 1.56386092E+00 6.81072610E-03
-9.80578339E-03 1.56387288E+00 6.83666047E-03
-9.80535221E-03 1.56388485E+00 6.86249500E-03
-9.80491740E-03 1.56389682E+00 6.88823226E-03
-9.80447889E-03 1.56390881E+00 6.91387047E-03
-9.80403651E-03 1.56392187E+00 6.93997880E-03
-9.80359015E-03 1.56393654E+00 6.96685257E-03
-9.80313999E-03 1.56395125E+00 6.99361963E-03
-9.80268602E-03 1.56396598E+00 7.02028263E-03
-9.80222821E-03 1.56398070E+00 7.04684423E-03
-9.80176652E-03 1.56399546E+00 7.07330265E-03
-9.80130093E-03 1.56401021E+00 7.09966196E-03
-9.80083139E-03 1.56402500E+00 7.12592034E-03
-9.80035788E-03 1.56403978E+00 7.15208184E-03
-9.79988046E-03 1.56405700E+00 7.17930339E-03
-9.79939904E-03 1.56407475E+00 7.20668292E-03
-9.79891354E-03 1.56409254E+00 7.23395518E-03
-9.79842393E-03 1.56411036E+00 7.26112286E-03
-9.79793018E-03 1.56412817E+00 7.28818863E-03
-9.79743225E-03 1.56414602E+00 7.31515063E-03
-9.79693011E-03 1.56416388E+00 7.34201148E-03
-9.79642373E-03 1.56418175E+00 7.36877383E-03
-9.79591322E-03 1.56420041E+00 7.39576856E-03
-9.79539894E-03 1.56422151E+00 7.42373987E-03
-9.79488033E-03 1.56424262E+00 7.45160386E-03
-9.79435733E-03 1.56426376E+00 7.47936173E-03
-9.79382991E-03 1.56428492E+00 7.50701465E-03
-9.79329805E-03 1.56430610E+00 7.53456379E-03
-9.79276169E-03 1.56432732E+00 7.56200870E-03
-9.79222081E-03 1.56434854E+00 7.58935363E-03
-9.79167536E-03 1.56436979E+00 7.61659811E-03
-9.79112617E-03 1.56439329E+00 7.64466155E-03
-9.79057279E-03 1.56441796E+00 7.67309923E-03
-9.79001476E-03 1.56444266E+00 7.70142939E-03
-9.78945204E-03 1.56446739E+00 7.72965323E-03
-9.78888458E-03 1.56449214E+00 7.75777189E-03
-9.78831234E-03 1.56451692E+00 7.78578653E-03
-9.78773529E-03 1.56454173E+00 7.81369825E-03
-9.78715339E-03 1.56456656E+00 7.84150815E-03
-9.78656674E-03 1.56459169E+00 7.86932573E-03
-9.78597693E-03 1.56462012E+00 7.89832178E-03
-9.78538218E-03 1.56464858E+00 7.92720907E-03
-9.78478245E-03 1.56467708E+00 7.95598714E-03
-9.78417769E-03 1.56470560E+00 7.98466044E-03
-9.78356786E-03 1.56473415E+00 8.01322846E-03
-9.78295292E-03 1.56476274E+00 8.04169233E-03
-9.78233283E-03 1.56479135E+00 8.07005315E-03
-9.78170754E-03 1.56481999E+00 8.09831201E-03
-9.78107830E-03 1.56485050E+00 8.12715614E-03
-9.78044509E-03 1.56488290E+00 8.15658507E-03
-9.77980660E-03 1.56491534E+00 8.18590530E-03
-9.77916279E-03 1.56494779E+00 8.21511966E-03
-9.77851361E-03 1.56498030E+00 8.24422594E-03
-9.77785901E-03 1.56501282E+00 8.27322864E-03
-9.77719896E-03 1.56504540E+00 8.30212548E-03
-9.77653340E-03 1.56507801E+00 8.33091922E-03
-9.77586230E-03 1.56511064E+00 8.35961264E-03
-9.77518859E-03 1.56514681E+00 8.38945957E-03
-9.77450956E-03 1.56518333E+00 8.41930806E-03
-9.77382490E-03 1.56521987E+00 8.44904970E-03
-9.77313456E-03 1.56525648E+00 8.47868221E-03
-9.77243850E-03 1.56529310E+00 8.50821013E-03
-9.77173666E-03 1.56532978E+00 8.53763113E-03
-9.77102900E-03 1.56536649E+00 8.56694975E-03
-9.77031548E-03 1.56540325E+00 8.59616358E-03
-9.76959738E-03 1.56544136E+00 8.62573836E-03
-9.76887598E-03 1.56548208E+00 8.65610451E-03
-9.76814863E-03 1.56552286E+00 8.68636116E-03
-9.76741528E-03 1.56556366E+00 8.71651120E-03
-9.76667589E-03 1.56560452E+00 8.74655225E-03
-9.76593040E-03 1.56564542E+00 8.77648715E-03
-9.76517877E-03 1.56568636E+00 8.80631877E-03
-9.76442095E-03 1.56572736E+00 8.83604461E-03
-9.76365689E-03 1.56576840E+00 8.86566750E-03
-9.76289010E-03 1.56581248E+00 8.89621630E-03
-9.76211817E-03 1.56585756E+00 8.92698090E-03
-9.76133992E-03 1.56590270E+00 8.95763446E-03
-9.76055530E-03 1.56594788E+00 8.98818171E-03
-9.75976426E-03 1.56599311E+00 9.01862195E-03
-9.75896674E-03 1.56603840E+00 9.04895442E-03
-9.75816270E-03 1.56608373E+00 9.07918385E-03
-9.75735207E-03 1.56612911E+00 9.10930944E-03
-9.75653580E-03 1.56617527E+00 9.13957457E-03
-9.75571736E-03 1.56622474E+00 9.17083834E-03
-9.75489227E-03 1.56627429E+00 9.20199022E-03
-9.75406048E-03 1.56632388E+00 9.23303500E-03
-9.75322192E-03 1.56637352E+00 9.26397195E-03
-9.75237656E-03 1.56642324E+00 9.29480026E-03
-9.75152432E-03 1.56647299E+00 9.32552473E-03
-9.75066516E-03 1.56652281E+00 9.35614452E-03
-9.74979903E-03 1.56657267E+00 9.38666068E-03
-9.74892962E-03 1.56662502E+00 9.41787972E-03
-9.74805571E-03 1.56667903E+00 9.44952485E-03
-9.74717476E-03 1.56673310E+00 9.48106025E-03
-9.74628669E-03 1.56678722E+00 9.51248891E-03
-9.74539148E-03 1.56684141E+00 9.54380811E-03
-9.74448905E-03 1.56689566E+00 9.57502079E-03
-9.74357933E-03 1.56694997E+00 9.60612992E-03
-9.74266230E-03 1.56700434E+00 9.63713267E-03
-9.74173802E-03 1.56705887E+00 9.66806117E-03
-9.74081326E-03 1.56711738E+00 9.70019643E-03
-9.73988109E-03 1.56717596E+00 9.73222121E-03
-9.73894149E-03 1.56723463E+00 9.76413464E-03
-9.73799437E-03 1.56729334E+00 9.79594166E-03
-9.73703969E-03 1.56735214E+00 9.82763945E-03
-9.73607736E-03 1.56741099E+00 9.85923293E-03
-9.73510734E-03 1.56746990E+00 9.89072118E-03
-9.73412959E-03 1.56752890E+00 9.92210322E-03
-9.73314752E-03 1.56758973E+00 9.95397475E-03
-9.73216208E-03 1.56765286E+00 9.98648577E-03
-9.73116885E-03 1.56771608E+00 1.00188846E-02
-9.73016773E-03 1.56777936E+00 1.00511764E-02
-9.72915870E-03 1.56784272E+00 1.00833581E-02
-9.72814167E-03 1.56790616E+00 1.01154327E-02
-9.72711656E-03 1.56796965E+00 1.01474033E-02
-9.72608335E-03 1.56803324E+00 1.01792669E-02
-9.72504194E-03 1.56809688E+00 1.02110285E-02
-9.72399992E-03 1.56816405E+00 1.02438392E-02
-9.72295092E-03 1.56823183E+00 1.02767242E-02
-9.72189370E-03 1.56829971E+00 1.03094973E-02
-9.72082816E-03 1.56836766E+00 1.03421635E-02
-9.71975425E-03 1.56843568E+00 1.03747220E-02
-9.71867191E-03 1.56850378E+00 1.04071736E-02
-9.71758107E-03 1.56857196E+00 1.04395194E-02
-9.71648167E-03 1.56864021E+00 1.04717604E-02
-9.71537641E-03 1.56870968E+00 1.05042762E-02
-9.71426947E-03 1.56878205E+00 1.05376479E-02
-9.71315393E-03 1.56885450E+00 1.05709089E-02
-9.71202970E-03 1.56892704E+00 1.06040603E-02
-9.71089673E-03 1.56899966E+00 1.06371030E-02
-9.70975497E-03 1.56907238E+00 1.06700360E-02
-9.70860431E-03 1.56914517E+00 1.07028645E-02
-9.70744469E-03 1.56921804E+00 1.07355873E-02
-9.70627606E-03 1.56929100E+00 1.07682054E-02
-9.70510587E-03 1.56936680E+00 1.08016653E-02
-9.70392978E-03 1.56944383E+00 1.08354166E-02
-9.70274465E-03 1.56952096E+00 1.08690553E-02
-9.70155039E-03 1.56959818E+00 1.09025845E-02
-9.70034693E-03 1.56967549E+00 1.09360052E-02
-9.69913418E-03 1.56975287E+00 1.09693206E-02
-9.69791211E-03 1.56983036E+00 1.10025273E-02
-9.69668063E-03 1.56990795E+00 1.10356285E-02
-9.69544108E-03 1.56998609E+00 1.10687948E-02
-9.69420218E-03 1.57006768E+00 1.11030404E-02
-9.69295386E-03 1.57014938E+00 1.11371724E-02
-9.69169601E-03 1.57023117E+00 1.11711941E-02
-9.69042854E-03 1.57031305E+00 1.12051085E-02
-9.68915143E-03 1.57039504E+00 1.12389124E-02
-9.68786459E-03 1.57047713E+00 1.12726089E-02
-9.68656789E-03 1.57055929E+00 1.13062012E-02
-9.68526135E-03 1.57064157E+00 1.13396857E-02
-9.68394485E-03 1.57072602E+00 1.13738087E-02
-9.68258350E-03 1.57081239E+00 1.14084431E-02
-9.68121202E-03 1.57089887E+00 1.14429639E-02
-9.67983049E-03 1.57098546E+00 1.14773744E-02
-9.67843900E-03 1.57107213E+00 1.15116778E-02
-9.67703718E-03 1.57115892E+00 1.15458706E-02
-9.67562527E-03 1.57124580E+00 1.15799582E-02
-9.67420289E-03 1.57133280E+00 1.16139371E-02
-9.67277013E-03 1.57141990E+00 1.16478105E-02
-9.67133753E-03 1.57151067E+00 1.16829051E-02
-9.66989486E-03 1.57160167E+00 1.17179333E-02
-9.66844189E-03 1.57169277E+00 1.17528525E-02
-9.66697828E-03 1.57178400E+00 1.17876590E-02
-9.66550410E-03 1.57187533E+00 1.18223561E-02
-9.66401943E-03 1.57196676E+00 1.18569471E-02
-9.66252390E-03 1.57205831E+00 1.18914284E-02
-9.66101759E-03 1.57214997E+00 1.19258031E-02
-9.65950508E-03 1.57224311E+00 1.19606106E-02
-9.65798860E-03 1.57233861E+00 1.19961547E-02
-9.65646145E-03 1.57243421E+00 1.20315886E-02
-9.65492339E-03 1.57252992E+00 1.20669111E-02
-9.65337423E-03 1.57262576E+00 1.21021208E-02
-9.65181416E-03 1.57272170E+00 1.21372234E-02
-9.65024299E-03 1.57281776E+00 1.21722174E-02
-9.64866064E-03 1.57291393E+00 1.22071037E-02
-9.64706703E-03 1.57301021E+00 1.22418833E-02
-9.64547193E-03 1.57310946E+00 1.22776849E-02
-9.64386792E-03 1.57320952E+00 1.23136432E-02
-9.64225275E-03 1.57330968E+00 1.23494914E-02
-9.64062606E-03 1.57340998E+00 1.23852255E-02
-9.63898807E-03 1.57351038E+00 1.24208514E-02
-9.63733857E-03 1.57361090E+00 1.24563675E-02
-9.63567746E-03 1.57371155E+00 1.24917748E-02
-9.63400456E-03 1.57381233E+00 1.25270719E-02
-9.63232305E-03 1.57391399E+00 1.25625879E-02
-9.63063961E-03 1.57401845E+00 1.25990839E-02
-9.62894460E-03 1.57412301E+00 1.26354685E-02
-9.62723780E-03 1.57422771E+00 1.26717402E-02
-9.62551914E-03 1.57433253E+00 1.27079000E-02
-9.62378855E-03 1.57443747E+00 1.27439489E-02
-9.62204595E-03 1.57454255E+00 1.27798877E-02
-9.62029126E-03 1.57464775E+00 1.28157174E-02
-9.61852442E-03 1.57475309E+00 1.28514389E-02
-9.61675420E-03 1.57486070E+00 1.28879823E-02
-9.61497669E-03 1.57496961E+00 1.29249177E-02
-9.61318685E-03 1.57507867E+00 1.29617364E-02
-9.61138486E-03 1.57518785E+00 1.29984443E-02
-9.60957051E-03 1.57529716E+00 1.30350399E-02
-9.60774360E-03 1.57540662E+00 1.30715217E-02
-9.60590430E-03 1.57551620E+00 1.31078955E-02
-9.60405242E-03 1.57562592E+00 1.31441598E-02
-9.60218887E-03 1.57573598E+00 1.31804157E-02
-9.60032590E-03 1.57584921E+00 1.32179123E-02
-9.59845042E-03 1.57596256E+00 1.32552958E-02
-9.59656223E-03 1.57607604E+00 1.32925645E-02
-9.59466125E-03 1.57618967E+00 1.33297195E-02
-9.59274741E-03 1.57630344E+00 1.33667617E-02
-9.59082062E-03 1.57641734E+00 1.34036921E-02
-9.58888069E-03 1.57653140E+00 1.34405090E-02
-9.58692778E-03 1.57664559E+00 1.34772184E-02
-9.58496908E-03 1.57676145E+00 1.35145406E-02
-9.58300491E-03 1.57687905E+00 1.35525000E-02
-9.58102772E-03 1.57699678E+00 1.35903457E-02
-9.57903718E-03 1.57711467E+00 1.36280735E-02
-9.57703334E-03 1.57723270E+00 1.36656871E-02
-9.57501623E-03 1.57735087E+00 1.37031898E-02
-9.57298554E-03 1.57746920E+00 1.37405775E-02
-9.57094131E-03 1.57758768E+00 1.37778536E-02
-9.56888356E-03 1.57770629E+00 1.38150217E-02
-9.56682647E-03 1.57782780E+00 1.38534400E-02
-9.56475716E-03 1.57794973E+00 1.38918744E-02
-9.56267418E-03 1.57807182E+00 1.39301919E-02
-9.56057745E-03 1.57819406E+00 1.39683934E-02
-9.55846689E-03 1.57831646E+00 1.40064799E-02
-9.55634241E-03 1.57843901E+00 1.40444523E-02
-9.55420404E-03 1.57856169E+00 1.40823142E-02
-9.55205149E-03 1.57868454E+00 1.41200612E-02
-9.54989031E-03 1.57880850E+00 1.41582023E-02
-9.54772594E-03 1.57893458E+00 1.41972430E-02
-9.54554744E-03 1.57906081E+00 1.42361650E-02
-9.54335475E-03 1.57918721E+00 1.42749693E-02
-9.54114786E-03 1.57931375E+00 1.43136595E-02
-9.53892650E-03 1.57944046E+00 1.43522313E-02
-9.53669078E-03 1.57956732E+00 1.43906908E-02
-9.53444042E-03 1.57969435E+00 1.44290337E-02
-9.53217553E-03 1.57982152E+00 1.44672663E-02
-9.52990874E-03 1.57995099E+00 1.45065441E-02
-9.52763170E-03 1.58008130E+00 1.45460888E-02
-9.52533998E-03 1.58021179E+00 1.45855140E-02
-9.52303351E-03 1.58034243E+00 1.46248205E-02
-9.52071219E-03 1.58047325E+00 1.46640094E-02
-9.51837595E-03 1.58060422E+00 1.47030816E-02
-9.51602470E-03 1.58073537E+00 1.47420380E-02
-9.51365834E-03 1.58086668E+00 1.47808795E-02
-9.51127979E-03 1.58099863E+00 1.48198753E-02
-9.50890097E-03 1.58113298E+00 1.48600587E-02
-9.50650691E-03 1.58126751E+00 1.49001178E-02
-9.50409771E-03 1.58140221E+00 1.49400591E-02
-9.50167319E-03 1.58153707E+00 1.49798808E-02
-9.49923318E-03 1.58167212E+00 1.50195810E-02
-9.49677777E-03 1.58180732E+00 1.50591663E-02
-9.49430677E-03 1.58194270E+00 1.50986348E-02
-9.49182011E-03 1.58207825E+00 1.51379874E-02
-9.48932867E-03 1.58221553E+00 1.51781716E-02
-9.48682906E-03 1.58235405E+00 1.52188836E-02
-9.48431382E-03 1.58249274E+00 1.52594758E-02
-9.48178269E-03 1.58263162E+00 1.52999434E-02
-9.47923576E-03 1.58277067E+00 1.53402932E-02
-9.47667285E-03 1.58290989E+00 1.53805232E-02
-9.47409378E-03 1.58304930E+00 1.54206314E-02
-9.47149864E-03 1.58318888E+00 1.54606246E-02
-9.46888750E-03 1.58332867E+00 1.55005225E-02
-9.46627896E-03 1.58347114E+00 1.55419040E-02
-9.46365429E-03 1.58361378E+00 1.55831635E-02
-9.46101333E-03 1.58375660E+00 1.56242991E-02
-9.45835597E-03 1.58389961E+00 1.56653118E-02
-9.45568214E-03 1.58404280E+00 1.57062025E-02
-9.45299174E-03 1.58418618E+00 1.57469721E-02
-9.45028467E-03 1.58432974E+00 1.57876217E-02
-9.44756085E-03 1.58447349E+00 1.58281521E-02
-9.44482781E-03 1.58452222E+00 1.58664568E-02
-9.44208804E-03 1.58444647E+00 1.59019070E-02
-9.43933154E-03 1.58437058E+00 1.59372630E-02
-9.43655822E-03 1.58429455E+00 1.59725254E-02
-9.43376799E-03 1.58421838E+00 1.60076948E-02
-9.43096074E-03 1.58414207E+00 1.60427718E-02
-9.42813640E-03 1.58406562E+00 1.60777571E-02
-9.42529493E-03 1.58398901E+00 1.61126541E-02
-9.42243611E-03 1.58391228E+00 1.61474575E-02
-9.41957950E-03 1.58402881E+00 1.61893525E-02
-9.41670885E-03 1.58417857E+00 1.62323440E-02
-9.41382076E-03 1.58432852E+00 1.62752052E-02
-9.41091518E-03 1.58447865E+00 1.63179404E-02
-9.40799192E-03 1.58462900E+00 1.63605443E-02
-9.40505098E-03 1.58477953E+00 1.64030242E-02
-9.40209216E-03 1.58493027E+00 1.64453748E-02
-9.39911547E-03 1.58508119E+00 1.64876032E-02
-9.39612657E-03 1.58523292E+00 1.65301739E-02
-9.39313517E-03 1.58538640E+00 1.65738543E-02
-9.39012575E-03 1.58554011E+00 1.66173990E-02
-9.38709831E-03 1.58569400E+00 1.66608154E-02
-9.38405270E-03 1.58584809E+00 1.67041012E-02
-9.38098878E-03 1.58600240E+00 1.67472544E-02
-9.37790654E-03 1.58615690E+00 1.67902823E-02
-9.37480585E-03 1.58631160E+00 1.68331827E-02
-9.37168658E-03 1.58646651E+00 1.68759566E-02
-9.36856394E-03 1.58662308E+00 1.69198110E-02
-9.36542946E-03 1.58678049E+00 1.69640620E-02
-9.36227637E-03 1.58693811E+00 1.70081791E-02
-9.35910454E-03 1.58709595E+00 1.70521599E-02
-9.35591393E-03 1.58725398E+00 1.70960120E-02
-9.35270442E-03 1.58741223E+00 1.71397331E-02
-9.34947592E-03 1.58757067E+00 1.71833276E-02
-9.34622828E-03 1.58772933E+00 1.72267898E-02
-9.34296404E-03 1.58788845E+00 1.72703291E-02
-9.33970060E-03 1.58804955E+00 1.73153027E-02
-9.33641800E-03 1.58821087E+00 1.73601396E-02
-9.33311617E-03 1.58837239E+00 1.74048442E-02
-9.32979494E-03 1.58853413E+00 1.74494109E-02
-9.32645425E-03 1.58869610E+00 1.74938441E-02
-9.32309401E-03 1.58885827E+00 1.75381480E-02
-9.31971407E-03 1.58902067E+00 1.75823171E-02
-9.31631437E-03 1.58918326E+00 1.76263590E-02
-9.31290730E-03 1.58934713E+00 1.76712388E-02
-9.30949124E-03 1.58951213E+00 1.77168145E-02
-9.30605536E-03 1.58967733E+00 1.77622551E-02
-9.30259954E-03 1.58984277E+00 1.78075551E-02
-9.29912370E-03 1.59000842E+00 1.78527221E-02
-9.29562771E-03 1.59017429E+00 1.78977538E-02
-9.29211147E-03 1.59034039E+00 1.79426513E-02
-9.28857489E-03 1.59050671E+00 1.79874155E-02
-9.28501784E-03 1.59067325E+00 1.80320474E-02
-9.28146325E-03 1.59084182E+00 1.80783043E-02
-9.27788928E-03 1.59101069E+00 1.81244995E-02
-9.27429481E-03 1.59117979E+00 1.81705543E-02
-9.27067972E-03 1.59134913E+00 1.82164700E-02
-9.26704390E-03 1.59151869E+00 1.82622474E-02
-9.26338725E-03 1.59168846E+00 1.83078912E-02
-9.25970966E-03 1.59185848E+00 1.83533954E-02
-9.25601102E-03 1.59202871E+00 1.83987680E-02
-9.25230055E-03 1.59219987E+00 1.84447127E-02
-9.24858435E-03 1.59237240E+00 1.84916804E-02
-9.24484705E-03 1.59254517E+00 1.85385047E-02
-9.24108854E-03 1.59271815E+00 1.85851903E-02
-9.23730871E-03 1.59289139E+00 1.86317311E-02
-9.23350745E-03 1.59306485E+00 1.86781352E-02
-9.22968467E-03 1.59323856E+00 1.87243967E-02
-9.22584022E-03 1.59341249E+00 1.87705237E-02
-9.22197402E-03 1.59358665E+00 1.88165136E-02
-9.21810625E-03 1.59376248E+00 1.88638863E-02
-9.21422187E-03 1.59393888E+00 1.89115013E-02
-9.21031568E-03 1.59411553E+00 1.89589707E-02
-9.20638758E-03 1.59429243E+00 1.90062921E-02
-9.20243743E-03 1.59446956E+00 1.90534737E-02
-9.19846514E-03 1.59464693E+00 1.91005131E-02
-9.19447059E-03 1.59482455E+00 1.91474112E-02
-9.19045366E-03 1.59500241E+00 1.91941691E-02
-9.18641994E-03 1.59518088E+00 1.92412158E-02
-9.18238418E-03 1.59536095E+00 1.92896314E-02
-9.17832596E-03 1.59554126E+00 1.93379017E-02
-9.17424521E-03 1.59572181E+00 1.93860243E-02
-9.17010101E-03 1.59590275E+00 1.94339962E-02
-9.16583541E-03 1.59608429E+00 1.94818141E-02
-9.16154704E-03 1.59626607E+00 1.95294911E-02
-9.15723566E-03 1.59644809E+00 1.95770245E-02
-9.15290100E-03 1.59663038E+00 1.96244116E-02
-9.14855624E-03 1.59681400E+00 1.96729235E-02
-9.14419577E-03 1.59699847E+00 1.97219998E-02
-9.13981210E-03 1.59718319E+00 1.97709247E-02
-9.13540512E-03 1.59736817E+00 1.98196993E-02
-9.13097459E-03 1.59755342E+00 1.98683209E-02
-9.12652086E-03 1.59773890E+00 1.99168021E-02
-9.12204338E-03 1.59792465E+00 1.99651324E-02
-9.11754220E-03 1.59811066E+00 2.00133167E-02
-9.11301846E-03 1.59829702E+00 2.00614773E-02
-9.10849024E-03 1.59848519E+00 2.01113842E-02
-9.10393822E-03 1.59867362E+00 2.01611359E-02
-9.09936232E-03 1.59886231E+00 2.02107337E-02
-9.09476243E-03 1.59905126E+00 2.02601786E-02
-9.09013858E-03 1.59924046E+00 2.03094756E-02
-9.08549041E-03 1.59942995E+00 2.03586181E-02
-9.08081809E-03 1.59961968E+00 2.04076150E-02
-9.07612125E-03 1.59980969E+00 2.04564595E-02
-9.07140995E-03 1.60000073E+00 2.05061446E-02
-9.06668496E-03 1.60019288E+00 2.05567387E-02
-9.06193549E-03 1.60038529E+00 2.06071749E-02
-9.05716143E-03 1.60057798E+00 2.06574545E-02
-9.05236280E-03 1.60077091E+00 2.07075824E-02
-9.04753927E-03 1.60096414E+00 2.07575521E-02
-9.04269097E-03 1.60115762E+00 2.08073723E-02
-9.03781757E-03 1.60135139E+00 2.08570364E-02
-9.03291920E-03 1.60154542E+00 2.09065533E-02
-9.02801441E-03 1.60174115E+00 2.09577962E-02
-9.02308665E-03 1.60193730E+00 2.10090859E-02
-9.01813370E-03 1.60213373E+00 2.10602148E-02
-9.01315545E-03 1.60233043E+00 2.11111843E-02
-9.00815181E-03 1.60252742E+00 2.11619954E-02
-9.00312268E-03 1.60272468E+00 2.12126492E-02
-8.99806796E-03 1.60292223E+00 2.12631469E-02
-8.99298762E-03 1.60312004E+00 2.13134937E-02
-8.98788817E-03 1.60331864E+00 2.13643664E-02
-8.98277724E-03 1.60351856E+00 2.14165198E-02
-8.97764051E-03 1.60371877E+00 2.14685082E-02
-8.97247787E-03 1.60391927E+00 2.15203330E-02
-8.96728931E-03 1.60412003E+00 2.15719994E-02
-8.96207454E-03 1.60432110E+00 2.16235004E-02
-8.95683365E-03 1.60452244E+00 2.16748452E-02
-8.95156644E-03 1.60472406E+00 2.17260311E-02
-8.94627280E-03 1.60492597E+00 2.17770589E-02
-8.94096835E-03 1.60512932E+00 2.18295279E-02
-8.93564301E-03 1.60533334E+00 2.18823894E-02
-8.93029112E-03 1.60553765E+00 2.19350829E-02
-8.92491261E-03 1.60574225E+00 2.19876096E-02
-8.91950742E-03 1.60594712E+00 2.20399748E-02
-8.91407533E-03 1.60615231E+00 2.20921714E-02
-8.90861635E-03 1.60635778E+00 2.21442089E-02
-8.90313032E-03 1.60656354E+00 2.21960842E-02
-8.89762061E-03 1.60676985E+00 2.22481555E-02
-8.89210170E-03 1.60697772E+00 2.23018988E-02
-8.88655567E-03 1.60718587E+00 2.23554738E-02
-8.88098232E-03 1.60739433E+00 2.24088732E-02
-8.87538160E-03 1.60760310E+00 2.24621024E-02
-8.86975345E-03 1.60781215E+00 2.25151671E-02
-8.86409772E-03 1.60802151E+00 2.25680640E-02
-8.85841435E-03 1.60823115E+00 2.26207987E-02
-8.85270314E-03 1.60844111E+00 2.26733638E-02
-8.84697675E-03 1.60865224E+00 2.27270704E-02
-8.84123154E-03 1.60886429E+00 2.27815304E-02
-8.83545842E-03 1.60907666E+00 2.28358143E-02
-8.82965729E-03 1.60928934E+00 2.28899234E-02
-8.82382806E-03 1.60950230E+00 2.29438633E-02
-8.81797062E-03 1.60971558E+00 2.29976309E-02
-8.81208484E-03 1.60992917E+00 2.30512275E-02
-8.80617062E-03 1.61014307E+00 2.31046540E-02
-8.80022796E-03 1.61035729E+00 2.31579224E-02
-8.79427865E-03 1.61057327E+00 2.32132829E-02
-8.78830076E-03 1.61078960E+00 2.32684581E-02
-8.78229421E-03 1.61100623E+00 2.33234535E-02
-8.77625890E-03 1.61122317E+00 2.33782751E-02
-8.77019472E-03 1.61144043E+00 2.34329195E-02
-8.76410155E-03 1.61165800E+00 2.34873880E-02
-8.75797930E-03 1.61187588E+00 2.35416863E-02
-8.75182785E-03 1.61209408E+00 2.35958112E-02
-8.74565661E-03 1.61231323E+00 2.36507414E-02
-8.73946896E-03 1.61253355E+00 2.37068180E-02
-8.73325199E-03 1.61275419E+00 2.37627099E-02
-8.72700560E-03 1.61297516E+00 2.38184184E-02
-8.72072967E-03 1.61319646E+00 2.38739447E-02
-8.71442410E-03 1.61341806E+00 2.39292947E-02
-8.70808877E-03 1.61363999E+00 2.39844650E-02
-8.70172357E-03 1.61386223E+00 2.40394616E-02
-8.69532843E-03 1.61408482E+00 2.40942764E-02
-8.68892251E-03 1.61430898E+00 2.41508950E-02
-8.68249013E-03 1.61453369E+00 2.42076880E-02
-8.67602765E-03 1.61475874E+00 2.42642924E-02
-8.66953498E-03 1.61498412E+00 2.43207093E-02
-8.66301197E-03 1.61520982E+00 2.43769448E-02
-8.65645858E-03 1.61543587E+00 2.44329908E-02
-8.64985970E-03 1.61566230E+00 2.44888567E-02
-8.64302050E-03 1.61588991E+00 2.45445080E-02
-8.63615403E-03 1.61611829E+00 2.46006083E-02
-8.62926662E-03 1.61634811E+00 2.46582648E-02
-8.62234840E-03 1.61657828E+00 2.47157269E-02
-8.61539944E-03 1.61680878E+00 2.47730007E-02
-8.60841951E-03 1.61703961E+00 2.48300827E-02
-8.60140853E-03 1.61727080E+00 2.48869743E-02
-8.59436654E-03 1.61750231E+00 2.49436815E-02
-8.58729333E-03 1.61773417E+00 2.50002010E-02
-8.58018882E-03 1.61796637E+00 2.50565339E-02
-8.57306194E-03 1.61819998E+00 2.51143377E-02
-8.56590772E-03 1.61843443E+00 2.51726968E-02
-8.55872218E-03 1.61866921E+00 2.52308620E-02
-8.55150521E-03 1.61890432E+00 2.52888347E-02
-8.54425650E-03 1.61913981E+00 2.53466064E-02
-8.53697621E-03 1.61937563E+00 2.54041883E-02
-8.52966424E-03 1.61961179E+00 2.54615818E-02
-8.52232028E-03 1.61984832E+00 2.55187782E-02
-8.51494596E-03 1.62008534E+00 2.55760561E-02
-8.50755106E-03 1.62032413E+00 2.56353181E-02
-8.50012414E-03 1.62056327E+00 2.56943754E-02
-8.49266522E-03 1.62080276E+00 2.57532343E-02
-8.48517410E-03 1.62104261E+00 2.58118913E-02
-8.47765072E-03 1.62128282E+00 2.58703477E-02
-8.47009508E-03 1.62152338E+00 2.59286100E-02
-8.46250710E-03 1.62176429E+00 2.59866795E-02
-8.45488651E-03 1.62200558E+00 2.60445473E-02
-8.44724018E-03 1.62224805E+00 2.61035362E-02
-8.43956729E-03 1.62249162E+00 2.61634899E-02
-8.43186173E-03 1.62273557E+00 2.62232341E-02
-8.42412343E-03 1.62297989E+00 2.62827702E-02
-8.41635237E-03 1.62322457E+00 2.63421048E-02
-8.40854846E-03 1.62346959E+00 2.64012393E-02
-8.40071157E-03 1.62371500E+00 2.64601700E-02
-8.39284160E-03 1.62396077E+00 2.65188982E-02
-8.38493854E-03 1.62420691E+00 2.65774304E-02
-8.37701437E-03 1.62445495E+00 2.66381432E-02
-8.36905763E-03 1.62470344E+00 2.66987702E-02
-8.36106764E-03 1.62495230E+00 2.67591881E-02
-8.35304432E-03 1.62520153E+00 2.68193982E-02
-8.34498753E-03 1.62545113E+00 2.68793968E-02
-8.33689720E-03 1.62570112E+00 2.69391852E-02
-8.32877330E-03 1.62595148E+00 2.69987702E-02
-8.32061569E-03 1.62620222E+00 2.70581478E-02
-8.31242907E-03 1.62645393E+00 2.71182659E-02
-8.30421678E-03 1.62670706E+00 2.71797772E-02
-8.29597064E-03 1.62696057E+00 2.72410675E-02
-8.28769057E-03 1.62721448E+00 2.73021381E-02
-8.27937654E-03 1.62746874E+00 2.73630014E-02
-8.27102840E-03 1.62772341E+00 2.74236426E-02
-8.26264613E-03 1.62797846E+00 2.74840739E-02
-8.25422962E-03 1.62823388E+00 2.75442969E-02
-8.24577879E-03 1.62848971E+00 2.76043075E-02
-8.23730390E-03 1.62874722E+00 2.76661501E-02
-8.22879738E-03 1.62900548E+00 2.77283069E-02
-8.22025639E-03 1.62926413E+00 2.77902427E-02
-8.21168086E-03 1.62952319E+00 2.78519535E-02
-8.20307070E-03 1.62978262E+00 2.79134464E-02
-8.19442586E-03 1.63004247E+00 2.79747172E-02
-8.18574623E-03 1.63030270E+00 2.80357729E-02
-8.17703175E-03 1.63056333E+00 2.80966096E-02
-8.16828515E-03 1.63082471E+00 2.81577855E-02
-8.15951419E-03 1.63108783E+00 2.82208014E-02
-8.15070822E-03 1.63135135E+00 2.82835891E-02
-8.14184108E-03 1.63161542E+00 2.83461352E-02
-8.13264973E-03 1.63188126E+00 2.84083804E-02
-8.12342333E-03 1.63214749E+00 2.84704016E-02
-8.11416168E-03 1.63241415E+00 2.85321948E-02
-8.10486489E-03 1.63268120E+00 2.85937671E-02
-8.09553277E-03 1.63294868E+00 2.86551142E-02
-8.08616531E-03 1.63321769E+00 2.87179097E-02
-8.07676241E-03 1.63348779E+00 2.87814437E-02
-8.06732417E-03 1.63375830E+00 2.88447432E-02
-8.05785042E-03 1.63402923E+00 2.89078043E-02
-8.04834125E-03 1.63430057E+00 2.89706340E-02
-8.03879660E-03 1.63457232E+00 2.90332341E-02
-8.02921644E-03 1.63484448E+00 2.90956060E-02
-8.01960061E-03 1.63511707E+00 2.91577456E-02
-8.00994915E-03 1.63539017E+00 2.92197970E-02
-8.00026150E-03 1.63566546E+00 2.92841495E-02
-7.99053806E-03 1.63594119E+00 2.93482540E-02
-7.98077898E-03 1.63621731E+00 2.94121239E-02
-7.97098403E-03 1.63649387E+00 2.94757491E-02
-7.96115327E-03 1.63677085E+00 2.95391370E-02
-7.95128657E-03 1.63704828E+00 2.96022834E-02
-7.94138398E-03 1.63732612E+00 2.96651957E-02
-7.93144547E-03 1.63760439E+00 2.97278755E-02
-7.92147070E-03 1.63788398E+00 2.97916022E-02
-7.91145939E-03 1.63816504E+00 2.98564968E-02
-7.90141210E-03 1.63844652E+00 2.99211488E-02
-7.89132870E-03 1.63872842E+00 2.99855541E-02
-7.88120911E-03 1.63901078E+00 3.00497082E-02
-7.87105337E-03 1.63929357E+00 3.01136188E-02
-7.86086143E-03 1.63957679E+00 3.01772875E-02
-7.85063325E-03 1.63986045E+00 3.02407159E-02
-7.84036877E-03 1.64014456E+00 3.03038995E-02
-7.83006740E-03 1.64043086E+00 3.03692820E-02
-7.81972955E-03 1.64071783E+00 3.04346925E-02
-7.80935535E-03 1.64100523E+00 3.04998541E-02
-7.79894470E-03 1.64129309E+00 3.05647561E-02
-7.78849762E-03 1.64158140E+00 3.06294063E-02
-7.77801406E-03 1.64187015E+00 3.06938065E-02
-7.76749399E-03 1.64215934E+00 3.07579583E-02
-7.75693739E-03 1.64244898E+00 3.08218634E-02
-7.74634408E-03 1.64273973E+00 3.08863815E-02
-7.73571382E-03 1.64303232E+00 3.09525365E-02
-7.72504693E-03 1.64332538E+00 3.10184213E-02
-7.71434337E-03 1.64361887E+00 3.10840503E-02
-7.70360313E-03 1.64391285E+00 3.11494127E-02
-7.69282615E-03 1.64420726E+00 3.12145229E-02
-7.68201245E-03 1.64450215E+00 3.12793698E-02
-7.67116198E-03 1.64479750E+00 3.13439615E-02
-7.66027469E-03 1.64509328E+00 3.14083060E-02
-7.64931504E-03 1.64539130E+00 3.14744137E-02
-7.63794976E-03 1.64569235E+00 3.15408577E-02
-7.62654784E-03 1.64599387E+00 3.16070296E-02
-7.61510945E-03 1.64629584E+00 3.16729377E-02
-7.60363432E-03 1.64659831E+00 3.17385709E-02
-7.59212275E-03 1.64690123E+00 3.18039439E-02
-7.58057451E-03 1.64720464E+00 3.18690455E-02
-7.56898986E-03 1.64750851E+00 3.19338903E-02
-7.55736593E-03 1.64781323E+00 3.19989010E-02
-7.54569071E-03 1.64812034E+00 3.20660035E-02
-7.53397902E-03 1.64842792E+00 3.21328310E-02
-7.52223077E-03 1.64873599E+00 3.21993788E-02
-7.51044590E-03 1.64904456E+00 3.22656422E-02
-7.49862463E-03 1.64935360E+00 3.23316362E-02
-7.48676698E-03 1.64966310E+00 3.23973625E-02
-7.47487281E-03 1.64997312E+00 3.24628097E-02
-7.46294223E-03 1.65028363E+00 3.25279861E-02
-7.45096523E-03 1.65059596E+00 3.25945185E-02
-7.43894419E-03 1.65090981E+00 3.26619510E-02
-7.42688685E-03 1.65122412E+00 3.27291073E-02
-7.41479305E-03 1.65153895E+00 3.27959692E-02
-7.40266295E-03 1.65185427E+00 3.28625520E-02
-7.39049647E-03 1.65217010E+00 3.29288441E-02
-7.37829380E-03 1.65248640E+00 3.29948675E-02
-7.36605483E-03 1.65280322E+00 3.30606038E-02
-7.35377967E-03 1.65312055E+00 3.31260614E-02
-7.34145087E-03 1.65344079E+00 3.31940627E-02
-7.32908575E-03 1.65376155E+00 3.32617791E-02
-7.31668442E-03 1.65408282E+00 3.33291975E-02
-7.30424692E-03 1.65440461E+00 3.33963198E-02
-7.29177331E-03 1.65472689E+00 3.34631548E-02
-7.27926362E-03 1.65504971E+00 3.35296906E-02
-7.26671791E-03 1.65537301E+00 3.35959497E-02
-7.25413622E-03 1.65569685E+00 3.36619132E-02
-7.24151146E-03 1.65602224E+00 3.37287826E-02
-7.22884072E-03 1.65634963E+00 3.37970131E-02
-7.21613401E-03 1.65667753E+00 3.38649418E-02
-7.20339138E-03 1.65700595E+00 3.39325636E-02
-7.19061290E-03 1.65733491E+00 3.39998805E-02
-7.17779858E-03 1.65766438E+00 3.40669016E-02
-7.16455368E-03 1.65799679E+00 3.41334468E-02
-7.15119296E-03 1.65833022E+00 3.41996588E-02
-7.13779706E-03 1.65866419E+00 3.42655721E-02
-7.12433494E-03 1.65900100E+00 3.43335758E-02
-7.11083179E-03 1.65933875E+00 3.44017376E-02
-7.09729344E-03 1.65967708E+00 3.44695727E-02
-7.08372025E-03 1.66001594E+00 3.45370974E-02
-7.07011233E-03 1.66035533E+00 3.46043137E-02
-7.05646979E-03 1.66069525E+00 3.46712237E-02
-7.04279263E-03 1.66103572E+00 3.47378221E-02
-7.02908107E-03 1.66137673E+00 3.48041180E-02
-7.01532563E-03 1.66171900E+00 3.48708528E-02
-7.00150799E-03 1.66206397E+00 3.49393860E-02
-6.98765608E-03 1.66240949E+00 3.50075951E-02
-6.97377003E-03 1.66275555E+00 3.50754821E-02
-6.95984993E-03 1.66310215E+00 3.51430491E-02
-6.94589592E-03 1.66344930E+00 3.52102982E-02
-6.93190807E-03 1.66379703E+00 3.52772240E-02
-6.91788660E-03 1.66414527E+00 3.53438433E-02
-6.90383153E-03 1.66449410E+00 3.54101432E-02
-6.88971784E-03 1.66484551E+00 3.54780673E-02
-6.87555876E-03 1.66519842E+00 3.55465883E-02
-6.86136630E-03 1.66555190E+00 3.56147751E-02
-6.84714058E-03 1.66590595E+00 3.56826220E-02
-6.83288176E-03 1.66626057E+00 3.57501388E-02
-6.81858997E-03 1.66661573E+00 3.58173352E-02
-6.80426532E-03 1.66697148E+00 3.58841981E-02
-6.78990798E-03 1.66732780E+00 3.59507370E-02
-6.77551448E-03 1.66768499E+00 3.60172384E-02
-6.76105566E-03 1.66804554E+00 3.60859961E-02
-6.74656435E-03 1.66840666E+00 3.61544065E-02
-6.73204071E-03 1.66876839E+00 3.62224641E-02
-6.71746152E-03 1.66913084E+00 3.62901735E-02
-6.70231533E-03 1.66949745E+00 3.63572721E-02
-6.68713778E-03 1.66986468E+00 3.64240224E-02
-6.67192936E-03 1.67023247E+00 3.64904421E-02
-6.65669014E-03 1.67060086E+00 3.65565254E-02
-6.64138925E-03 1.67097161E+00 3.66237520E-02
-6.62602923E-03 1.67134455E+00 3.66920057E-02
-6.61063876E-03 1.67171809E+00 3.67598988E-02
-6.59521807E-03 1.67209224E+00 3.68274335E-02
-6.57976739E-03 1.67246699E+00 3.68946120E-02
-6.56428701E-03 1.67284233E+00 3.69614444E-02
-6.54877715E-03 1.67321825E+00 3.70279330E-02
-6.53323794E-03 1.67359478E+00 3.70940720E-02
-6.51766961E-03 1.67397192E+00 3.71598635E-02
-6.50201666E-03 1.67435297E+00 3.72279831E-02
-6.48633123E-03 1.67473485E+00 3.72958999E-02
-6.47061715E-03 1.67511733E+00 3.73634521E-02
-6.45487466E-03 1.67550041E+00 3.74306420E-02
-6.43910393E-03 1.67588411E+00 3.74974638E-02
-6.42330523E-03 1.67626842E+00 3.75639278E-02
-6.40747880E-03 1.67665333E+00 3.76300364E-02
-6.39162483E-03 1.67703888E+00 3.76957835E-02
-6.37572258E-03 1.67742637E+00 3.77621968E-02
-6.35975585E-03 1.67781684E+00 3.78300469E-02
-6.34376207E-03 1.67820789E+00 3.78975257E-02
-6.32774148E-03 1.67859960E+00 3.79646192E-02
-6.31169433E-03 1.67899192E+00 3.80313379E-02
-6.29562085E-03 1.67938487E+00 3.80976842E-02
-6.27952127E-03 1.67977844E+00 3.81636605E-02
-6.26283736E-03 1.68017676E+00 3.82289497E-02
-6.24605933E-03 1.68057623E+00 3.82938299E-02
-6.22919133E-03 1.68097946E+00 3.83605354E-02
-6.21228063E-03 1.68138422E+00 3.84274542E-02
-6.19534614E-03 1.68178961E+00 3.84939861E-02
-6.17838808E-03 1.68219564E+00 3.85601252E-02
-6.16140677E-03 1.68260232E+00 3.86258737E-02
-6.14440254E-03 1.68300965E+00 3.86912342E-02
-6.12737581E-03 1.68341761E+00 3.87562175E-02
-6.11032674E-03 1.68382625E+00 3.88208089E-02
-6.09323904E-03 1.68423636E+00 3.88855890E-02
-6.07606320E-03 1.68465047E+00 3.89521954E-02
-6.05886584E-03 1.68506524E+00 3.90183897E-02
-6.04164737E-03 1.68548065E+00 3.90841833E-02
-6.02440806E-03 1.68589674E+00 3.91495700E-02
-6.00714831E-03 1.68631347E+00 3.92145609E-02
-5.98986842E-03 1.68673088E+00 3.92791497E-02
-5.97256874E-03 1.68714896E+00 3.93433388E-02
-5.95524963E-03 1.68756769E+00 3.94071396E-02
-5.93786064E-03 1.68798980E+00 3.94722625E-02
-5.92042189E-03 1.68841421E+00 3.95380093E-02
-5.90296452E-03 1.68883931E+00 3.96033290E-02
-5.88548887E-03 1.68926508E+00 3.96682332E-02
-5.86799532E-03 1.68969154E+00 3.97327156E-02
-5.85031130E-03 1.69012002E+00 3.97966947E-02
-5.83207761E-03 1.69055340E+00 3.98599574E-02
-5.81382838E-03 1.69098745E+00 3.99228119E-02
-5.79555923E-03 1.69142242E+00 3.99853695E-02
-5.77717013E-03 1.69186262E+00 4.00501013E-02
-5.75876657E-03 1.69230351E+00 4.01143934E-02
-5.74034910E-03 1.69274508E+00 4.01782578E-02
-5.72191796E-03 1.69318737E+00 4.02416788E-02
-5.70347380E-03 1.69363033E+00 4.03046774E-02
-5.68501697E-03 1.69407400E+00 4.03672470E-02
-5.66654799E-03 1.69451834E+00 4.04293994E-02
-5.64806719E-03 1.69496342E+00 4.04911187E-02
-5.62952508E-03 1.69541147E+00 4.05536616E-02
-5.61091398E-03 1.69586292E+00 4.06171732E-02
-5.59229237E-03 1.69631503E+00 4.06802471E-02
-5.57366063E-03 1.69676787E+00 4.07428674E-02
-5.55501926E-03 1.69722144E+00 4.08050367E-02
-5.53636872E-03 1.69767571E+00 4.08667672E-02
-5.51770947E-03 1.69813070E+00 4.09280521E-02
-5.49904198E-03 1.69858640E+00 4.09889035E-02
-5.48036669E-03 1.69904281E+00 4.10493241E-02
-5.46159100E-03 1.69950450E+00 4.11116089E-02
-5.44258149E-03 1.69996931E+00 4.11736108E-02
-5.42298790E-03 1.70043970E+00 4.12348320E-02
-5.40338992E-03 1.70091079E+00 4.12955975E-02
-5.38378797E-03 1.70138261E+00 4.13559007E-02
-5.36418261E-03 1.70185517E+00 4.14157442E-02
-5.34457452E-03 1.70232843E+00 4.14751405E-02
-5.32496407E-03 1.70280247E+00 4.15340730E-02
-5.30531058E-03 1.70327895E+00 4.15933326E-02
-5.28556150E-03 1.70376009E+00 4.16538820E-02
-5.26581176E-03 1.70424198E+00 4.17139415E-02
-5.24606201E-03 1.70472461E+00 4.17735239E-02
-5.22631277E-03 1.70520799E+00 4.18326223E-02
-5.20656469E-03 1.70569208E+00 4.18912593E-02
-5.18681824E-03 1.70617697E+00 4.19494081E-02
-5.16707408E-03 1.70666256E+00 4.20071013E-02
-5.14733274E-03 1.70714895E+00 4.20643117E-02
-5.12749885E-03 1.70764032E+00 4.21228504E-02
-5.10763259E-03 1.70813407E+00 4.21815636E-02
-5.08777090E-03 1.70862861E+00 4.22397668E-02
-5.06791430E-03 1.70912387E+00 4.22974831E-02
-5.04767548E-03 1.70962328E+00 4.23545326E-02
-5.02697923E-03 1.71012753E+00 4.24108768E-02
-5.00629166E-03 1.71063252E+00 4.24667398E-02
-4.98561332E-03 1.71113828E+00 4.25221143E-02
-4.96492087E-03 1.71164576E+00 4.25773498E-02
-4.94409858E-03 1.71215950E+00 4.26341102E-02
-4.92328766E-03 1.71267403E+00 4.26903427E-02
-4.90248896E-03 1.71318929E+00 4.27460711E-02
-4.88170302E-03 1.71370536E+00 4.28012780E-02
-4.86093059E-03 1.71422220E+00 4.28559766E-02
-4.84017235E-03 1.71473981E+00 4.29101702E-02
-4.81942899E-03 1.71525819E+00 4.29638618E-02
-4.79870117E-03 1.71577739E+00 4.30170437E-02
-4.77789903E-03 1.71630117E+00 4.30710098E-02
-4.75704467E-03 1.71682861E+00 4.31254397E-02
-4.73620811E-03 1.71735685E+00 4.31793295E-02
-4.71539004E-03 1.71788585E+00 4.32326930E-02
-4.69459115E-03 1.71841566E+00 4.32855228E-02
-4.67351750E-03 1.71894892E+00 4.33377307E-02
-4.65184326E-03 1.71948858E+00 4.33892190E-02
-4.63019207E-03 1.72002903E+00 4.34401907E-02
-4.60856470E-03 1.72057026E+00 4.34906489E-02
-4.58677089E-03 1.72111949E+00 4.35427170E-02
-4.56500032E-03 1.72166963E+00 4.35942520E-02
-4.54325630E-03 1.72222058E+00 4.36452304E-02
-4.52153962E-03 1.72277233E+00 4.36956556E-02
-4.49985109E-03 1.72332491E+00 4.37455310E-02
-4.47819155E-03 1.72387826E+00 4.37948707E-02
-4.45656173E-03 1.72443243E+00 4.38436670E-02
-4.43496242E-03 1.72498742E+00 4.38919231E-02
-4.41331805E-03 1.72554634E+00 4.39404737E-02
-4.39159516E-03 1.72611052E+00 4.39896878E-02
-4.36990564E-03 1.72667554E+00 4.40383163E-02
-4.34825029E-03 1.72724141E+00 4.40863625E-02
-4.32662986E-03 1.72780806E+00 4.41338523E-02
-4.30448674E-03 1.72838067E+00 4.41807005E-02
-4.28195508E-03 1.72895796E+00 4.42269485E-02
-4.25946229E-03 1.72953612E+00 4.42726257E-02
-4.23700948E-03 1.73011507E+00 4.43177580E-02
-4.21441361E-03 1.73070168E+00 4.43639250E-02
-4.19182195E-03 1.73129055E+00 4.44098191E-02
-4.16927364E-03 1.73188024E+00 4.44551208E-02
-4.14676951E-03 1.73247079E+00 4.44998222E-02
-4.12431056E-03 1.73306213E+00 4.45439498E-02
-4.10189755E-03 1.73365437E+00 4.45874725E-02
-4.07953147E-03 1.73424741E+00 4.46304285E-02
-4.05721315E-03 1.73484128E+00 4.46728096E-02
-4.03489024E-03 1.73543816E+00 4.47150450E-02
-4.01245675E-03 1.73604229E+00 4.47580306E-02
-3.99007453E-03 1.73664727E+00 4.48003910E-02
-3.96774443E-03 1.73725308E+00 4.48421416E-02
-3.94448839E-03 1.73786874E+00 4.48833986E-02
-3.92120921E-03 1.73848597E+00 4.49240624E-02
-3.89798637E-03 1.73910403E+00 4.49641271E-02
-3.87482075E-03 1.73972297E+00 4.50035843E-02
-3.85171341E-03 1.74034275E+00 4.50424495E-02
-3.82849854E-03 1.74096962E+00 4.50818108E-02
-3.80526268E-03 1.74160036E+00 4.51210922E-02
-3.78208915E-03 1.74223200E+00 4.51597169E-02
-3.75897902E-03 1.74286449E+00 4.51977127E-02
-3.73593325E-03 1.74349781E+00 4.52350835E-02
-3.71295277E-03 1.74413201E+00 4.52718208E-02
-3.69003856E-03 1.74476709E+00 4.53079283E-02
-3.66719156E-03 1.74540302E+00 4.53434218E-02
-3.64439124E-03 1.74604072E+00 4.53784225E-02
-3.62125314E-03 1.74668974E+00 4.54142114E-02
-3.59724196E-03 1.74734830E+00 4.54497127E-02
-3.57330427E-03 1.74800774E+00 4.54845504E-02
-3.54944123E-03 1.74866802E+00 4.55187407E-02
-3.52565388E-03 1.74932916E+00 4.55522876E-02
-3.50194318E-03 1.74999119E+00 4.55851825E-02
-3.47831023E-03 1.75065407E+00 4.56174416E-02
-3.45475597E-03 1.75131788E+00 4.56490435E-02
-3.43114179E-03 1.75198783E+00 4.56806948E-02
-3.40747584E-03 1.75266378E+00 4.57122951E-02
-3.38389356E-03 1.75334055E+00 4.57432306E-02
-3.36039592E-03 1.75401823E+00 4.57734669E-02
-3.33698395E-03 1.75469678E+00 4.58030337E-02
-3.31365871E-03 1.75537625E+00 4.58319092E-02
-3.29019766E-03 1.75605862E+00 4.58602827E-02
-3.26588122E-03 1.75675052E+00 4.58886388E-02
-3.24165502E-03 1.75744328E+00 4.59163458E-02
-3.21723165E-03 1.75814741E+00 4.59444407E-02
-3.19288178E-03 1.75885311E+00 4.59719302E-02
-3.16862761E-03 1.75955975E+00 4.59986965E-02
-3.14447038E-03 1.76026725E+00 4.60247699E-02
-3.12041111E-03 1.76097565E+00 4.60501415E-02
-3.09645092E-03 1.76168492E+00 4.60748284E-02
-3.07259084E-03 1.76239514E+00 4.60988081E-02
-3.04883196E-03 1.76310623E+00 4.61221112E-02
-3.02507153E-03 1.76382227E+00 4.61450696E-02
-3.00122497E-03 1.76454675E+00 4.61678974E-02
-2.97748519E-03 1.76527209E+00 4.61899973E-02
-2.95284953E-03 1.76600750E+00 4.62123525E-02
-2.92807374E-03 1.76674616E+00 4.62342080E-02
-2.90340828E-03 1.76748564E+00 4.62553702E-02
-2.87885397E-03 1.76822607E+00 4.62758025E-02
-2.85441212E-03 1.76896738E+00 4.62955363E-02
-2.83008378E-03 1.76970961E+00 4.63145619E-02
-2.80561523E-03 1.77046235E+00 4.63334687E-02
-2.78119009E-03 1.77121879E+00 4.63517981E-02
-2.75688485E-03 1.77197614E+00 4.63693654E-02
-2.73270061E-03 1.77273440E+00 4.63861750E-02
-2.70863847E-03 1.77349359E+00 4.64022311E-02
-2.68469949E-03 1.77425365E+00 4.64175520E-02
-2.66088475E-03 1.77501463E+00 4.64321279E-02
-2.63605171E-03 1.77578715E+00 4.64473934E-02
-2.61112996E-03 1.77656451E+00 4.64622226E-02
-2.58604100E-03 1.77735355E+00 4.64767676E-02
-2.56108380E-03 1.77814347E+00 4.64905405E-02
-2.53625947E-03 1.77893425E+00 4.65035458E-02
-2.51156905E-03 1.77972600E+00 4.65157593E-02
-2.48701378E-03 1.78051864E+00 4.65272141E-02
-2.46259474E-03 1.78131220E+00 4.65379002E-02
-2.43831302E-03 1.78210669E+00 4.65478217E-02
-2.41416972E-03 1.78290207E+00 4.65569977E-02
-2.38995410E-03 1.78370683E+00 4.65656047E-02
-2.36574889E-03 1.78451782E+00 4.65735256E-02
-2.34115642E-03 1.78533390E+00 4.65817488E-02
-2.31588590E-03 1.78615743E+00 4.65908700E-02
-2.29076014E-03 1.78698187E+00 4.65992025E-02
-2.26578023E-03 1.78780729E+00 4.66067359E-02
-2.24094728E-03 1.78863373E+00 4.66134594E-02
-2.21626255E-03 1.78946115E+00 4.66193919E-02
-2.19171414E-03 1.79029006E+00 4.66245378E-02
-2.16695180E-03 1.79113408E+00 4.66290277E-02
-2.14234578E-03 1.79197901E+00 4.66326779E-02
-2.11789720E-03 1.79282493E+00 4.66354776E-02
-2.09360724E-03 1.79367186E+00 4.66374159E-02
-2.06947694E-03 1.79451973E+00 4.66385278E-02
-2.04531035E-03 1.79536891E+00 4.66395994E-02
-2.02016803E-03 1.79622102E+00 4.66444298E-02
-1.99517753E-03 1.79707442E+00 4.66483868E-02
-1.97015384E-03 1.79793588E+00 4.66515605E-02
-1.94506500E-03 1.79880682E+00 4.66538852E-02
-1.92013738E-03 1.79967901E+00 4.66552846E-02
-1.89537242E-03 1.80055236E+00 4.66557938E-02
-1.87077136E-03 1.80142701E+00 4.66553685E-02
-1.84633557E-03 1.80230282E+00 4.66540597E-02
-1.82206632E-03 1.80317990E+00 4.66518386E-02
-1.79796490E-03 1.80405820E+00 4.66487245E-02
-1.77403260E-03 1.80493777E+00 4.66447043E-02
-1.74993634E-03 1.80583224E+00 4.66395852E-02
-1.72453097E-03 1.80692379E+00 4.65813504E-02
-1.69913606E-03 1.80805426E+00 4.65115639E-02
-1.67406193E-03 1.80918304E+00 4.64411174E-02
-1.64930782E-03 1.81031028E+00 4.63699780E-02
-1.62487317E-03 1.81143592E+00 4.62981773E-02
-1.60075726E-03 1.81256001E+00 4.62257143E-02
-1.57695942E-03 1.81368276E+00 4.61525376E-02
-1.55335736E-03 1.81481142E+00 4.60777852E-02
-1.52841227E-03 1.81624260E+00 4.59299203E-02
-1.50389990E-03 1.81767741E+00 4.57793392E-02
-1.47986971E-03 1.81910507E+00 4.56287012E-02
-1.45631677E-03 1.82052580E+00 4.54779842E-02
-1.43323617E-03 1.82193968E+00 4.53271982E-02
-1.41014250E-03 1.82337950E+00 4.51739365E-02
-1.38649326E-03 1.82488196E+00 4.50155902E-02
-1.36333178E-03 1.82637661E+00 4.48572585E-02
-1.34032672E-03 1.82789187E+00 4.46941337E-02
-1.31768572E-03 1.82941030E+00 4.45290421E-02
-1.29553450E-03 1.83092033E+00 4.43639992E-02
-1.27266650E-03 1.83247473E+00 4.42028606E-02
-1.24992707E-03 1.83403636E+00 4.40428561E-02
-1.22766902E-03 1.83559001E+00 4.38827393E-02
-1.20588715E-03 1.83713552E+00 4.37225896E-02
-1.18457600E-03 1.83867336E+00 4.35623138E-02
-1.16359646E-03 1.84021187E+00 4.34014377E-02
-1.14121926E-03 1.84183489E+00 4.32429055E-02
-1.11931795E-03 1.84344933E+00 4.30842316E-02
-1.09788703E-03 1.84505555E+00 4.29253573E-02
-1.07692125E-03 1.84665368E+00 4.27662915E-02
-1.05641540E-03 1.84824395E+00 4.26070070E-02
-1.03609642E-03 1.84983625E+00 4.24494335E-02
-1.01499578E-03 1.85146558E+00 4.23004892E-02
-9.94335993E-04 1.85308724E+00 4.21513100E-02
-9.73846631E-04 1.85472574E+00 4.19981838E-02
-9.53594185E-04 1.85637551E+00 4.18418406E-02
-9.33788670E-04 1.85801733E+00 4.16851702E-02
-9.14422600E-04 1.85965130E+00 4.15282281E-02
-8.93993284E-04 1.86133064E+00 4.13834465E-02
-8.73989323E-04 1.86300206E+00 4.12383811E-02
-8.54406002E-04 1.86466584E+00 4.10929977E-02
-8.35238779E-04 1.86632211E+00 4.09472970E-02
-8.16483128E-04 1.86797115E+00 4.08012418E-02
-7.97696041E-04 1.86965608E+00 4.06483217E-02
-7.78626431E-04 1.87134914E+00 4.05012690E-02
-7.59156780E-04 1.87305241E+00 4.03613631E-02
-7.40091447E-04 1.87474885E+00 4.02210976E-02
-7.21425955E-04 1.87643857E+00 4.00804720E-02
-7.03155811E-04 1.87812205E+00 3.99394102E-02
-6.85276765E-04 1.87979907E+00 3.97979839E-02
-6.67784468E-04 1.88146993E+00 3.96561521E-02
-6.49739410E-04 1.88309131E+00 3.95188565E-02
-6.31069412E-04 1.88467334E+00 3.93846118E-02
-6.12782391E-04 1.88624927E+00 3.92499318E-02
-5.94874021E-04 1.88781937E+00 3.91147757E-02
-5.77340202E-04 1.88938361E+00 3.89791768E-02
-5.60176744E-04 1.89094213E+00 3.88431304E-02
-5.43379502E-04 1.89249505E+00 3.87066308E-02
-5.26766966E-04 1.89404435E+00 3.85715550E-02
-5.09231864E-04 1.89560082E+00 3.84497750E-02
-4.91653369E-04 1.89718568E+00 3.83225153E-02
-4.74346121E-04 1.89877242E+00 3.81936395E-02
-4.57392493E-04 1.90035389E+00 3.80642146E-02
-4.40788620E-04 1.90193006E+00 3.79342721E-02
-4.24530576E-04 1.90350106E+00 3.78038042E-02
-4.08614490E-04 1.90506703E+00 3.76728018E-02
-3.92811615E-04 1.90662971E+00 3.75438364E-02
-3.76106960E-04 1.90819647E+00 3.74284345E-02
-3.59608999E-04 1.90976870E+00 3.73110368E-02
-3.43089411E-04 1.91136791E+00 3.71883302E-02
-3.26899221E-04 1.91296226E+00 3.70650482E-02
-3.11034645E-04 1.91455215E+00 3.69411200E-02
-2.95492140E-04 1.91613738E+00 3.68166154E-02
-2.80268084E-04 1.91771828E+00 3.66914816E-02
-2.65358909E-04 1.91929481E+00 3.65657470E-02
-2.50027129E-04 1.92087036E+00 3.64482674E-02
-2.34270302E-04 1.92244510E+00 3.63389440E-02
-2.18513794E-04 1.92404409E+00 3.62248276E-02
-2.02911352E-04 1.92565357E+00 3.61078581E-02
-1.87611170E-04 1.92725915E+00 3.59902000E-02
-1.72609915E-04 1.92886080E+00 3.58718812E-02
-1.57904207E-04 1.93045878E+00 3.57528661E-02
-1.43490789E-04 1.93205322E+00 3.56331384E-02
-1.29366376E-04 1.93364403E+00 3.55127460E-02
-1.15473914E-04 1.93523156E+00 3.53923240E-02
-1.00425986E-04 1.93682129E+00 3.52884899E-02
-8.52574794E-05 1.93844802E+00 3.51779263E-02
-7.03683133E-05 1.94007176E+00 3.50665754E-02
-5.57554958E-05 1.94169248E+00 3.49544631E-02
-4.14159277E-05 1.94331035E+00 3.48415719E-02
-2.73466079E-05 1.94492542E+00 3.47279049E-02
-1.35445612E-05 1.94653787E+00 3.46134423E-02
-6.85797160E-09 1.94814767E+00 3.44982084E-02
 1.32694362E-05 1.94975488E+00 3.43822047E-02
 2.64590588E-05 1.95138244E+00 3.42614767E-02
 4.04867826E-05 1.95302798E+00 3.41485605E-02
 5.48372380E-05 1.95467042E+00 3.40425233E-02
 6.89362981E-05 1.95631093E+00 3.39356314E-02
 8.27868534E-05 1.95794980E+00 3.38278407E-02
 9.63914540E-05 1.95958689E+00 3.37191966E-02
 1.09752840E-04 1.96122237E+00 3.36096763E-02
 1.22873632E-04 1.96285622E+00 3.34993020E-02
 1.35756470E-04 1.96448871E+00 3.33880253E-02
 1.48706050E-04 1.96616347E+00 3.32682902E-02
 1.61429885E-04 1.96784064E+00 3.31468210E-02
 1.73904764E-04 1.96951646E+00 3.30242843E-02
 1.86229325E-04 1.97119047E+00 3.29020332E-02
 1.99728773E-04 1.97285504E+00 3.27989154E-02
 2.13005983E-04 1.97451923E+00 3.26948243E-02
 2.26063340E-04 1.97618311E+00 3.25897566E-02
 2.38903128E-04 1.97784664E+00 3.24837327E-02
 2.51639053E-04 1.97952721E+00 3.23737598E-02
 2.64362276E-04 1.98124063E+00 3.22569825E-02
 2.76856173E-04 1.98295402E+00 3.21390195E-02
 2.89123257E-04 1.98466769E+00 3.20198148E-02
 3.01165955E-04 1.98638136E+00 3.18994381E-02
 3.12986685E-04 1.98809534E+00 3.17778314E-02
 3.24587844E-04 1.98980958E+00 3.16550122E-02
 3.35971788E-04 1.99152417E+00 3.15309718E-02
 3.47140830E-04 1.99323918E+00 3.14057004E-02
 3.59835219E-04 1.99497947E+00 3.12952860E-02
 3.72399777E-04 1.99673396E+00 3.11814602E-02
 3.84757542E-04 1.99849028E+00 3.10663045E-02
 3.96910629E-04 2.00024839E+00 3.09498361E-02
 4.08861278E-04 2.00200841E+00 3.08320317E-02
 4.20611576E-04 2.00377031E+00 3.07129072E-02
 4.32163698E-04 2.00553429E+00 3.05924235E-02
 4.43519664E-04 2.00730016E+00 3.04706226E-02
 4.54723883E-04 2.00907887E+00 3.03454219E-02
 4.65911474E-04 2.01090733E+00 3.02096593E-02
 4.76889696E-04 2.01273843E+00 3.00722239E-02
 4.87660815E-04 2.01457204E+00 2.99331413E-02
 4.98226962E-04 2.01640838E+00 2.97923640E-02
 5.08590290E-04 2.01824745E+00 2.96498865E-02
 5.19152808E-04 2.02008264E+00 2.95126373E-02
 5.30693102E-04 2.02190238E+00 2.93939540E-02
 5.42059157E-04 2.02372619E+00 2.92738417E-02
 5.53386485E-04 2.02559224E+00 2.91451423E-02
 5.64615115E-04 2.02748791E+00 2.90100902E-02
 5.75656053E-04 2.02938851E+00 2.88732719E-02
 5.86511251E-04 2.03129406E+00 2.87346797E-02
 5.97182670E-04 2.03320463E+00 2.85942896E-02
 6.07672202E-04 2.03512023E+00 2.84520918E-02
 6.17981720E-04 2.03704080E+00 2.83080912E-02
 6.28113105E-04 2.03896641E+00 2.81622600E-02
 6.38071462E-04 2.04089893E+00 2.80142162E-02
 6.47968671E-04 2.04290557E+00 2.78504124E-02
 6.57673031E-04 2.04491825E+00 2.76843403E-02
 6.67186582E-04 2.04693689E+00 2.75159946E-02
 6.76511279E-04 2.04896158E+00 2.73453346E-02
 6.85649084E-04 2.05099231E+00 2.71723344E-02
 6.94973129E-04 2.05302025E+00 2.70046276E-02
 7.05396113E-04 2.05502533E+00 2.68609639E-02
 7.15663635E-04 2.05703823E+00 2.67154635E-02
 7.25831699E-04 2.05909352E+00 2.65616457E-02
 7.35901026E-04 2.06120051E+00 2.63977046E-02
 7.45800612E-04 2.06331666E+00 2.62315508E-02
 7.55532370E-04 2.06544215E+00 2.60631210E-02
 7.65098042E-04 2.06757698E+00 2.58923851E-02
 7.74499291E-04 2.06972095E+00 2.57193489E-02
 7.83737907E-04 2.07187425E+00 2.55439416E-02
 7.92815553E-04 2.07403679E+00 2.53661463E-02
 8.01733909E-04 2.07620857E+00 2.51859254E-02
 8.10503624E-04 2.07846592E+00 2.49890427E-02
 8.19099797E-04 2.08074558E+00 2.47871401E-02
 8.27521530E-04 2.08303605E+00 2.45822945E-02
 8.35770724E-04 2.08533712E+00 2.43744881E-02
 8.43849128E-04 2.08764898E+00 2.41636168E-02
 8.51758633E-04 2.08997142E+00 2.39496563E-02
 8.59500898E-04 2.09230465E+00 2.37324929E-02
 8.67077800E-04 2.09464847E+00 2.35120950E-02
 8.74557194E-04 2.09692272E+00 2.33066601E-02
 8.82647614E-04 2.09841554E+00 2.32717880E-02
 8.90744134E-04 2.09991242E+00 2.32368641E-02
 8.98846758E-04 2.10141336E+00 2.32018881E-02
 9.06955492E-04 2.10291840E+00 2.31668598E-02
 9.15070339E-04 2.10442753E+00 2.31317789E-02
 9.23191304E-04 2.10594079E+00 2.30966453E-02
 9.31318392E-04 2.10745819E+00 2.30614586E-02
 9.39451608E-04 2.10897974E+00 2.30262187E-02
 9.47540897E-04 2.11052927E+00 2.29900362E-02
 9.55615601E-04 2.11209289E+00 2.29534303E-02
 9.63696341E-04 2.11366081E+00 2.29167665E-02
 9.71783121E-04 2.11523304E+00 2.28800444E-02
 9.79875945E-04 2.11680961E+00 2.28432637E-02
 9.87974817E-04 2.11839053E+00 2.28064243E-02
 9.96079743E-04 2.11997582E+00 2.27695257E-02
 1.00419073E-03 2.12156550E+00 2.27325678E-02
 1.01229572E-03 2.12316338E+00 2.26959677E-02
 1.02032512E-03 2.12479135E+00 2.26621379E-02
 1.02836046E-03 2.12642386E+00 2.26282581E-02
 1.03640173E-03 2.12806090E+00 2.25943278E-02
 1.04444895E-03 2.12970251E+00 2.25603470E-02
 1.05250211E-03 2.13134871E+00 2.25263154E-02
 1.06056122E-03 2.13299951E+00 2.24922328E-02
 1.06862628E-03 2.13465493E+00 2.24580989E-02
 1.07669730E-03 2.13631499E+00 2.24239134E-02
 1.08471329E-03 2.13799088E+00 2.23954201E-02
 1.09268507E-03 2.13968066E+00 2.23716074E-02
 1.10066267E-03 2.14137519E+00 2.23477697E-02
 1.10864608E-03 2.14307451E+00 2.23239068E-02
 1.11663531E-03 2.14477862E+00 2.23000186E-02
 1.12463036E-03 2.14648755E+00 2.22761051E-02
 1.13263123E-03 2.14820132E+00 2.22521662E-02
 1.14063793E-03 2.14991995E+00 2.22282018E-02
 1.14865047E-03 2.15164346E+00 2.22042118E-02
 1.15655386E-03 2.15337521E+00 2.22008004E-02
 1.16445936E-03 2.15511200E+00 2.21980265E-02
 1.17237053E-03 2.15685374E+00 2.21952522E-02
 1.18028738E-03 2.15860045E+00 2.21924775E-02
 1.18820992E-03 2.16035216E+00 2.21897025E-02
 1.19613814E-03 2.16210889E+00 2.21869270E-02
 1.20407206E-03 2.16387065E+00 2.21841512E-02
 1.21201167E-03 2.16563748E+00 2.21813750E-02
 1.21991402E-03 2.16739966E+00 2.21927578E-02
 1.22775495E-03 2.16915173E+00 2.22261996E-02
 1.23560143E-03 2.17090886E+00 2.22595906E-02
 1.24345346E-03 2.17267106E+00 2.22929311E-02
 1.25131105E-03 2.17443836E+00 2.23262212E-02
 1.25917420E-03 2.17621078E+00 2.23594612E-02
 1.26704292E-03 2.17798834E+00 2.23926513E-02
 1.27491721E-03 2.17977106E+00 2.24257917E-02
 1.28279707E-03 2.18155897E+00 2.24588827E-02
 1.29061986E-03 2.18329641E+00 2.25370155E-02
 1.29843355E-03 2.18502594E+00 2.26253255E-02
 1.30625271E-03 2.18676052E+00 2.27132907E-02
 1.31407735E-03 2.18850017E+00 2.28009151E-02
 1.32190748E-03 2.19024493E+00 2.28882026E-02
 1.32974310E-03 2.19199480E+00 2.29751571E-02
 1.33758421E-03 2.19374982E+00 2.30617823E-02
 1.34543082E-03 2.19551001E+00 2.31480820E-02
 1.35328072E-03 2.19724514E+00 2.32523237E-02
 1.36112877E-03 2.19888497E+00 2.34162697E-02
 1.36898233E-03 2.20052965E+00 2.35790730E-02
 1.37684138E-03 2.20217921E+00 2.37407570E-02
 1.38470593E-03 2.20383365E+00 2.39013445E-02
 1.39257599E-03 2.20549301E+00 2.40608575E-02
 1.40045156E-03 2.20715731E+00 2.42193171E-02
 1.40833265E-03 2.20882656E+00 2.43767439E-02
 1.41621925E-03 2.21050079E+00 2.45331578E-02
 1.42418077E-03 2.21204303E+00 2.47562481E-02
 1.43218492E-03 2.21351678E+00 2.50130088E-02
 1.44019476E-03 2.21499494E+00 2.52671552E-02
 1.44821027E-03 2.21647753E+00 2.55187657E-02
 1.45623147E-03 2.21796459E+00 2.57679144E-02
 1.46425837E-03 2.21945612E+00 2.60146721E-02
 1.47229096E-03 2.22095214E+00 2.62591062E-02
 1.48032925E-03 2.22245269E+00 2.65012809E-02
 1.48839415E-03 2.22393597E+00 2.67507296E-02
 1.49673069E-03 2.22514630E+00 2.71168319E-02
 1.50507336E-03 2.22636031E+00 2.74780479E-02
 1.51342216E-03 2.22757801E+00 2.78345680E-02
 1.52177709E-03 2.22879940E+00 2.81865704E-02
 1.53013817E-03 2.23002453E+00 2.85342221E-02
 1.53850538E-03 2.23125339E+00 2.88776802E-02
 1.54687875E-03 2.23248600E+00 2.92170927E-02
 1.55525827E-03 2.23372239E+00 2.95525989E-02
 1.56391574E-03 2.23477438E+00 2.99599119E-02
 1.57285889E-03 2.23563620E+00 3.04380823E-02
 1.58180903E-03 2.23650068E+00 3.09088414E-02
 1.59076619E-03 2.23736782E+00 3.13725226E-02
 1.59973036E-03 2.23823763E+00 3.18294352E-02
 1.60870156E-03 2.23911013E+00 3.22798664E-02
 1.61767977E-03 2.23998533E+00 3.27240839E-02
 1.62666502E-03 2.24086324E+00 3.31623373E-02
 1.63565731E-03 2.24174387E+00 3.35948598E-02
 1.64549861E-03 2.24222922E+00 3.41809371E-02
 1.65542746E-03 2.24267864E+00 3.47717603E-02
 1.66536488E-03 2.24312947E+00 3.53526866E-02
 1.67531089E-03 2.24358171E+00 3.59241957E-02
 1.68526548E-03 2.24403535E+00 3.64867300E-02
 1.69522866E-03 2.24449042E+00 3.70406980E-02
 1.70520044E-03 2.24494692E+00 3.75864783E-02
 1.71518084E-03 2.24540485E+00 3.81244222E-02
 1.72564604E-03 2.24571572E+00 3.87206495E-02
 1.73706792E-03 2.24573200E+00 3.94362697E-02
 1.74850107E-03 2.24574832E+00 4.01390939E-02
 1.75994549E-03 2.24576470E+00 4.08297824E-02
 1.77140119E-03 2.24578113E+00 4.15089402E-02
 1.78286820E-03 2.24579761E+00 4.21771238E-02
 1.79434651E-03 2.24581414E+00 4.28348462E-02
 1.80583614E-03 2.24583073E+00 4.34825813E-02
 1.81733711E-03 2.24584737E+00 4.41207684E-02
 1.83042645E-03 2.24555706E+00 4.49146491E-02
 1.84404183E-03 2.24516625E+00 4.57470254E-02
 1.85767307E-03 2.24477418E+00 4.65644615E-02
 1.87132020E-03 2.24438086E+00 4.73677298E-02
 1.88498322E-03 2.24398627E+00 4.81575378E-02
 1.89866216E-03 2.24359042E+00 4.89345360E-02
 1.91235704E-03 2.24319328E+00 4.96993239E-02
 1.92606788E-03 2.24279487E+00 5.04524554E-02
 1.94031421E-03 2.24233518E+00 5.12392284E-02
 1.95701391E-03 2.24159264E+00 5.22201177E-02
 1.97373725E-03 2.24084769E+00 5.31828191E-02
 1.99048427E-03 2.24010031E+00 5.41283007E-02
 2.00725499E-03 2.23935051E+00 5.50574471E-02
 2.02404946E-03 2.23859826E+00 5.59710695E-02
 2.04086770E-03 2.23784355E+00 5.68699134E-02
 2.05770975E-03 2.23708638E+00 5.77546665E-02
 2.07457564E-03 2.23632672E+00 5.86259639E-02
 2.09390315E-03 2.23539688E+00 5.96746931E-02
 2.11491345E-03 2.23435040E+00 6.08313321E-02
 2.13596070E-03 2.23330047E+00 6.19662245E-02
 2.15704496E-03 2.23224708E+00 6.30805397E-02
 2.17816628E-03 2.23119020E+00 6.41753451E-02
 2.19932474E-03 2.23012983E+00 6.52516182E-02
 2.22052040E-03 2.22906595E+00 6.63102567E-02
 2.24175333E-03 2.22799853E+00 6.73520874E-02
 2.26311991E-03 2.22692302E+00 6.83857122E-02
 2.29005006E-03 2.22558337E+00 6.98444653E-02
 2.31704006E-03 2.22423925E+00 7.12730981E-02
 2.34409003E-03 2.22289064E+00 7.26733787E-02
 2.37120010E-03 2.22153752E+00 7.40469072E-02
 2.39837042E-03 2.22017986E+00 7.53951374E-02
 2.42560112E-03 2.21881763E+00 7.67193942E-02
 2.45289232E-03 2.21745083E+00 7.80208896E-02
 2.48024417E-03 2.21607941E+00 7.93007353E-02
 2.51131966E-03 2.21480579E+00 8.10995762E-02
 2.54719116E-03 2.21365963E+00 8.35322465E-02
 2.58316670E-03 2.21250959E+00 8.58955251E-02
 2.61924658E-03 2.21135564E+00 8.81949759E-02
 2.65543112E-03 2.21019778E+00 9.04354533E-02
 2.69172061E-03 2.20903597E+00 9.26212221E-02
 2.72811535E-03 2.20787019E+00 9.47560536E-02
 2.76461566E-03 2.20670044E+00 9.68433013E-02
 2.80122184E-03 2.20552668E+00 9.88859631E-02
 2.84627197E-03 2.20321376E+00 1.00842784E-01
 2.89286359E-03 2.20070527E+00 1.02754442E-01
 2.93962612E-03 2.19818816E+00 1.04630353E-01
 2.98656016E-03 2.19566237E+00 1.06472372E-01
 3.03366636E-03 2.19312787E+00 1.08282193E-01
 3.08094535E-03 2.19058460E+00 1.10061366E-01
 3.12839775E-03 2.18803252E+00 1.11811317E-01
 3.17602421E-03 2.18547158E+00 1.13533357E-01
 3.22839388E-03 2.18298009E+00 1.15356189E-01
 3.29283677E-03 2.18068279E+00 1.17473402E-01
 3.35759705E-03 2.17837747E+00 1.19551934E-01
 3.42267628E-03 2.17606409E+00 1.21593723E-01
 3.48807604E-03 2.17374262E+00 1.23600540E-01
 3.55379791E-03 2.17141300E+00 1.25574014E-01
 3.61984347E-03 2.16907520E+00 1.27515641E-01
 3.68621431E-03 2.16672918E+00 1.29426803E-01
 3.75291204E-03 2.16437489E+00 1.31308775E-01
 3.83412720E-03 2.16217620E+00 1.33502579E-01
 3.92196135E-03 2.16004026E+00 1.35802610E-01
 4.01035903E-03 2.15789675E+00 1.38062592E-01
 4.09932386E-03 2.15574563E+00 1.40284397E-01
 4.18885948E-03 2.15358686E+00 1.42469744E-01
 4.27896955E-03 2.15142039E+00 1.44620219E-01
 4.36965775E-03 2.14924620E+00 1.46737284E-01
 4.46092780E-03 2.14706423E+00 1.48822295E-01
 4.55571109E-03 2.14489830E+00 1.50939692E-01
 4.67271677E-03 2.14289952E+00 1.53481076E-01
 4.79067239E-03 2.14089355E+00 1.55978605E-01
 4.90958567E-03 2.13888037E+00 1.58434265E-01
 5.02946438E-03 2.13685992E+00 1.60849887E-01
 5.15031636E-03 2.13483216E+00 1.63227157E-01
 5.27214951E-03 2.13279707E+00 1.65567634E-01
 5.39497180E-03 2.13075459E+00 1.67872762E-01
 5.51879126E-03 2.12870469E+00 1.70143881E-01
 5.65915280E-03 2.12673970E+00 1.72685708E-01
 5.81412249E-03 2.12484612E+00 1.75440964E-01
 5.97064007E-03 2.12294563E+00 1.78150113E-01
 6.12872098E-03 2.12103817E+00 1.80815108E-01
 6.28838086E-03 2.11912372E+00 1.83437753E-01
 6.44963546E-03 2.11720224E+00 1.86019714E-01
 6.61250072E-03 2.11527369E+00 1.88562538E-01
 6.77699272E-03 2.11333802E+00 1.91067657E-01
 6.94312772E-03 2.11139520E+00 1.93536403E-01
 7.14270496E-03 2.10958825E+00 1.96546708E-01
 7.34594664E-03 2.10778035E+00 1.99529546E-01
 7.55161835E-03 2.10596574E+00 2.02463501E-01
 7.75974912E-03 2.10414437E+00 2.05350504E-01
 7.97036838E-03 2.10231621E+00 2.08192345E-01
 8.18350586E-03 2.10048122E+00 2.10990680E-01
 8.39919168E-03 2.09863937E+00 2.13747047E-01
 8.61745631E-03 2.09679060E+00 2.16462874E-01
 8.85232002E-03 2.09498484E+00 2.19388178E-01
 9.11311453E-03 2.09325324E+00 2.22665189E-01
 9.37754452E-03 2.09151511E+00 2.25887869E-01
 9.64566068E-03 2.08977041E+00 2.29058297E-01
 9.91751438E-03 2.08801911E+00 2.32178394E-01
 1.01931577E-02 2.08626117E+00 2.35249938E-01
 1.04726436E-02 2.08449655E+00 2.38274581E-01
 1.07567032E-02 2.08275760E+00 2.41231259E-01
 1.10479448E-02 2.08119261E+00 2.44015876E-01
 1.13747295E-02 2.07973674E+00 2.47297901E-01
 1.17134614E-02 2.07829732E+00 2.50655511E-01
 1.20562649E-02 2.07684426E+00 2.53956418E-01
 1.24031900E-02 2.07537761E+00 2.57202644E-01
 1.27542871E-02 2.07389748E+00 2.60396047E-01
 1.31096073E-02 2.07240395E+00 2.63538366E-01
 1.34692024E-02 2.07089708E+00 2.66631213E-01
 1.38331246E-02 2.06937694E+00 2.69676093E-01
 1.42109009E-02 2.06787528E+00 2.72837367E-01
 1.46269122E-02 2.06647052E+00 2.76508205E-01
 1.50487798E-02 2.06505237E+00 2.80115540E-01
 1.54765868E-02 2.06362092E+00 2.83661552E-01
 1.59104176E-02 2.06217624E+00 2.87148268E-01
 1.63528862E-02 2.06072119E+00 2.90574676E-01
 1.68093735E-02 2.05926176E+00 2.93936323E-01
 1.72719448E-02 2.05778924E+00 2.97243909E-01
 1.77406800E-02 2.05630369E+00 3.00498951E-01
 1.82451270E-02 2.05489158E+00 3.04205580E-01
 1.87735143E-02 2.05351401E+00 3.08122997E-01
 1.93099357E-02 2.05212315E+00 3.11971463E-01
 1.98545125E-02 2.05071909E+00 3.15753180E-01
 2.04073677E-02 2.04930193E+00 3.19470187E-01
 2.09686263E-02 2.04787173E+00 3.23124384E-01
 2.15384150E-02 2.04642857E+00 3.26717527E-01
 2.21168624E-02 2.04497253E+00 3.30251255E-01
 2.27070434E-02 2.04351181E+00 3.33781721E-01
 2.33593491E-02 2.04216134E+00 3.38029989E-01
 2.40260678E-02 2.04079975E+00 3.42197667E-01
 2.47036373E-02 2.03942504E+00 3.46290008E-01
 2.53922316E-02 2.03803732E+00 3.50309232E-01
 2.60920274E-02 2.03663667E+00 3.54257393E-01
 2.68032043E-02 2.03522315E+00 3.58136410E-01
 2.75259446E-02 2.03379686E+00 3.61948049E-01
 2.82604335E-02 2.03235787E+00 3.65693962E-01
 2.90300294E-02 2.03096429E+00 3.69815669E-01
 2.98378485E-02 2.02961934E+00 3.74323478E-01
 3.06616381E-02 2.02826169E+00 3.78745320E-01
 3.15127338E-02 2.02689422E+00 3.83077804E-01
 3.23785039E-02 2.02551392E+00 3.87329725E-01
 3.32591971E-02 2.02412088E+00 3.91503159E-01
 3.41550669E-02 2.02271518E+00 3.95600027E-01
 3.50663706E-02 2.02129690E+00 3.99622115E-01
 3.59933699E-02 2.01986610E+00 4.03571079E-01
 3.69809799E-02 2.01852564E+00 4.08326444E-01
 3.79915740E-02 2.01718289E+00 4.13078198E-01
 3.90209401E-02 2.01582717E+00 4.17736130E-01
 4.00782135E-02 2.01445911E+00 4.22299651E-01
 4.11616651E-02 2.01307879E+00 4.26771609E-01
 4.22647234E-02 2.01168591E+00 4.31156434E-01
 4.33877388E-02 2.01028055E+00 4.35456061E-01
 4.45310680E-02 2.00886279E+00 4.39672284E-01
 4.57111116E-02 2.00746791E+00 4.44149145E-01
 4.69468725E-02 2.00613300E+00 4.49233971E-01
 4.82064358E-02 2.00478517E+00 4.54212310E-01
 4.94902602E-02 2.00342452E+00 4.59086792E-01
 5.08128141E-02 2.00205037E+00 4.63856765E-01
 5.21635058E-02 2.00066355E+00 4.68526824E-01
 5.35396544E-02 1.99926435E+00 4.73099766E-01
 5.49417363E-02 1.99785285E+00 4.77577538E-01
 5.63702364E-02 1.99642911E+00 4.81961962E-01
 5.78627014E-02 1.99506955E+00 4.87090537E-01
 5.93973003E-02 1.99372310E+00 4.92385634E-01
 6.09623713E-02 1.99236388E+00 4.97562720E-01
 6.25713741E-02 1.99099031E+00 5.02622723E-01
 6.42178844E-02 1.98960354E+00 5.07568967E-01
 6.58964991E-02 1.98820447E+00 5.12404549E-01
 6.76078434E-02 1.98679316E+00 5.17131618E-01
 6.93525550E-02 1.98536969E+00 5.21752157E-01
 7.11393635E-02 1.98395039E+00 5.26470232E-01
 7.30025199E-02 1.98259951E+00 5.32071577E-01
 7.49036352E-02 1.98123587E+00 5.37538949E-01
 7.68641669E-02 1.97985603E+00 5.42873650E-01
 7.88640135E-02 1.97846385E+00 5.48079927E-01
 8.09039692E-02 1.97705941E+00 5.53160322E-01
 8.29848430E-02 1.97564280E+00 5.58117204E-01
 8.51074601E-02 1.97421408E+00 5.62952769E-01
 8.72726613E-02 1.97277333E+00 5.67669062E-01
 8.95092699E-02 1.97137464E+00 5.73022374E-01
 9.18267007E-02 1.96999832E+00 5.78759572E-01
 9.41998976E-02 1.96860798E+00 5.84347793E-01
 9.66218077E-02 1.96720534E+00 5.89790389E-01
 9.90934439E-02 1.96579048E+00 5.95090196E-01
 1.01615839E-01 1.96436348E+00 6.00249855E-01
 1.04190047E-01 1.96292440E+00 6.05271826E-01
 1.06817142E-01 1.96147332E+00 6.10158404E-01
 1.09511969E-01 1.96000821E+00 6.14923340E-01
 1.12319380E-01 1.95861502E+00 6.20903389E-01
 1.15185524E-01 1.95720946E+00 6.26715508E-01
 1.18111651E-01 1.95579163E+00 6.32363129E-01
 1.21099039E-01 1.95436159E+00 6.37849451E-01
 1.24148993E-01 1.95291943E+00 6.43177455E-01
 1.27262842E-01 1.95146521E+00 6.48349928E-01
 1.30464257E-01 1.94999416E+00 6.53369337E-01
 1.33733444E-01 1.94851112E+00 6.58238136E-01
 1.37090575E-01 1.94705147E+00 6.63583120E-01
 1.40545632E-01 1.94562622E+00 6.69582342E-01
 1.44074172E-01 1.94418870E+00 6.75396704E-01
 1.47677793E-01 1.94273898E+00 6.81029842E-01
 1.51367897E-01 1.94127499E+00 6.86485147E-01
 1.55152667E-01 1.93979552E+00 6.91765686E-01
 1.59017311E-01 1.93830430E+00 6.96874451E-01
 1.62963543E-01 1.93680139E+00 7.01814295E-01
 1.66993115E-01 1.93528683E+00 7.06587913E-01
 1.71145327E-01 1.93382600E+00 7.12498132E-01
 1.75393608E-01 1.93236448E+00 7.18435247E-01
 1.79758200E-01 1.93088551E+00 7.24169973E-01
 1.84220445E-01 1.92939374E+00 7.29706154E-01
 1.88778194E-01 1.92789013E+00 7.35047520E-01
 1.93433537E-01 1.92637475E+00 7.40197589E-01
 1.98188605E-01 1.92484762E+00 7.45159693E-01
 2.03045576E-01 1.92330881E+00 7.49936985E-01
 2.08028255E-01 1.92177577E+00 7.54972294E-01
 2.13168169E-01 1.92027969E+00 7.60984034E-01
 2.18419284E-01 1.91877160E+00 7.66771541E-01
 2.23784071E-01 1.91725156E+00 7.72339393E-01
 2.29265052E-01 1.91571964E+00 7.77691918E-01
 2.34864803E-01 1.91417587E+00 7.82833225E-01
 2.40591548E-01 1.91261919E+00 7.87767123E-01
 2.46466639E-01 1.91104611E+00 7.92496934E-01
 2.52468383E-01 1.90946154E+00 7.97026576E-01
 2.58626596E-01 1.90791223E+00 8.02531441E-01
 2.64931297E-01 1.90637184E+00 8.08322560E-01
 2.71373797E-01 1.90481942E+00 8.13872784E-01
 2.77957186E-01 1.90325503E+00 8.19187153E-01
 2.84715944E-01 1.90167295E+00 8.24269578E-01
 2.91623482E-01 1.90007891E+00 8.29125324E-01
 2.98681405E-01 1.89847325E+00 8.33758842E-01
 3.05893059E-01 1.89685597E+00 8.38174351E-01
 3.13265399E-01 1.89523426E+00 8.42575440E-01
 3.20827779E-01 1.89365747E+00 8.48323352E-01
 3.28579446E-01 1.89206462E+00 8.53808680E-01
 3.36514974E-01 1.89045753E+00 8.59037461E-01
 3.44624510E-01 1.88883861E+00 8.64015768E-01
 3.52911968E-01 1.88720791E+00 8.68748971E-01
 3.61381342E-01 1.88556543E+00 8.73242218E-01
 3.70036715E-01 1.88391120E+00 8.77500451E-01
 3.78892917E-01 1.88224350E+00 8.81527964E-01
 3.87982544E-01 1.88059200E+00 8.86311185E-01
 3.97286223E-01 1.87895632E+00 8.91690567E-01
 4.06795108E-01 1.87730864E+00 8.96794793E-01
 4.16513843E-01 1.87564897E+00 9.01630339E-01
 4.26447173E-01 1.87397733E+00 9.06203412E-01
 4.36604660E-01 1.87229304E+00 9.10519723E-01
 4.47019176E-01 1.87059200E+00 9.14583491E-01
 4.57663006E-01 1.86887924E+00 9.18401931E-01
 4.68541307E-01 1.86715475E+00 9.21980403E-01
 4.79678208E-01 1.86547173E+00 9.27130838E-01
 4.91062856E-01 1.86377916E+00 9.32079425E-01
 5.02699960E-01 1.86207440E+00 9.36742505E-01
 5.14627434E-01 1.86035305E+00 9.41125257E-01
 5.26827701E-01 1.85861850E+00 9.45235816E-01
 5.39297849E-01 1.85687198E+00 9.49081287E-01
 5.52043978E-01 1.85511349E+00 9.52668023E-01
 5.65072320E-01 1.85334301E+00 9.56002160E-01
 5.78391751E-01 1.85158026E+00 9.59825915E-01
 5.92023903E-01 1.84983675E+00 9.64597173E-01
 6.05991462E-01 1.84807683E+00 9.69065600E-01
 6.20268824E-01 1.84630468E+00 9.73241253E-01
 6.34863017E-01 1.84452029E+00 9.77131857E-01
 6.49781227E-01 1.84272364E+00 9.80744845E-01
 6.65030791E-01 1.84091472E+00 9.84087380E-01
 6.80619210E-01 1.83909351E+00 9.87166381E-01
 6.96585492E-01 1.83725639E+00 9.89986463E-01
 7.12915552E-01 1.83544483E+00 9.94148002E-01
 7.29608220E-01 1.83363089E+00 9.98415873E-01
 7.46672030E-01 1.83180439E+00 1.00237842E+00
 7.64115411E-01 1.82996532E+00 1.00604426E+00
 7.81946973E-01 1.82811365E+00 1.00942165E+00
 8.00185082E-01 1.82624836E+00 1.01251790E+00
 8.18865147E-01 1.82436674E+00 1.01533892E+00
 8.37960275E-01 1.82247260E+00 1.01789460E+00
 8.57475717E-01 1.82057587E+00 1.02063594E+00
 8.77410008E-01 1.81870289E+00 1.02470552E+00
 8.97788088E-01 1.81681697E+00 1.02845889E+00
 9.18620027E-01 1.81491810E+00 1.03190551E+00
 9.39938567E-01 1.81300412E+00 1.03505293E+00
 9.61758908E-01 1.81107465E+00 1.03790959E+00
 9.84064571E-01 1.80913228E+00 1.04048578E+00
 1.00686654E+00 1.80717695E+00 1.04278963E+00
 1.03017602E+00 1.80520861E+00 1.04482901E+00
 1.05397835E+00 1.80325515E+00 1.04793662E+00
 1.07829557E+00 1.80130441E+00 1.05149389E+00
 1.10317993E+00 1.79933811E+00 1.05473414E+00
 1.12864672E+00 1.79735605E+00 1.05766707E+00
 1.15467995E+00 1.79536064E+00 1.06030403E+00
 1.18129243E+00 1.79335184E+00 1.06265416E+00
 1.20849726E+00 1.79132957E+00 1.06472625E+00
 1.23630781E+00 1.78929377E+00 1.06652878E+00
 1.26473404E+00 1.78724670E+00 1.06818908E+00
 1.29374460E+00 1.78522418E+00 1.07156976E+00
 1.32344396E+00 1.78318452E+00 1.07462507E+00
 1.35380337E+00 1.78113104E+00 1.07736833E+00
 1.38483777E+00 1.77906365E+00 1.07980971E+00
 1.41656237E+00 1.77698228E+00 1.08195898E+00
 1.44899274E+00 1.77488687E+00 1.08382552E+00
 1.48214481E+00 1.77277734E+00 1.08541839E+00
 1.51603481E+00 1.77065360E+00 1.08674628E+00
 1.55068302E+00 1.76853109E+00 1.08883368E+00
 1.58606135E+00 1.76641416E+00 1.09173289E+00
 1.62222506E+00 1.76428277E+00 1.09431437E+00
 1.65919185E+00 1.76213684E+00 1.09658892E+00
 1.69697980E+00 1.75997628E+00 1.09856689E+00
 1.73560737E+00 1.75780101E+00 1.10025822E+00
 1.77509346E+00 1.75561094E+00 1.10167246E+00
 1.81547425E+00 1.75340495E+00 1.10281789E+00
 1.85679288E+00 1.75118161E+00 1.10370217E+00
 1.89891668E+00 1.74897661E+00 1.10625126E+00
 1.94196103E+00 1.74676027E+00 1.10870182E+00
 1.98595954E+00 1.74452866E+00 1.11084101E+00
 2.03093362E+00 1.74228168E+00 1.11267972E+00
 2.07690515E+00 1.74001923E+00 1.11422839E+00
 2.12389650E+00 1.73774119E+00 1.11549704E+00
 2.17195470E+00 1.73544619E+00 1.11649411E+00
 2.22111589E+00 1.73313350E+00 1.11722830E+00
 2.27131424E+00 1.73081626E+00 1.11839888E+00
 2.32250910E+00 1.72850726E+00 1.12075063E+00
 2.37483617E+00 1.72618216E+00 1.12278699E+00
 2.42832077E+00 1.72384083E+00 1.12451932E+00
 2.48298877E+00 1.72148316E+00 1.12595852E+00
 2.53886661E+00 1.71910903E+00 1.12711503E+00
 2.59598924E+00 1.71671794E+00 1.12799852E+00
 2.65443345E+00 1.71430753E+00 1.12861652E+00
 2.71417032E+00 1.71188037E+00 1.12898084E+00
 2.77506853E+00 1.70946135E+00 1.13069069E+00
 2.83725300E+00 1.70703415E+00 1.13265646E+00
 2.90080928E+00 1.70458976E+00 1.13431485E+00
 2.96576789E+00 1.70212805E+00 1.13567714E+00
 3.03216006E+00 1.69964887E+00 1.13675418E+00
 3.10001769E+00 1.69715208E+00 1.13755634E+00
 3.16940240E+00 1.69463636E+00 1.13809247E+00
 3.24035816E+00 1.69210119E+00 1.13837179E+00
 3.31283620E+00 1.68955321E+00 1.13875109E+00
 3.38667932E+00 1.68701442E+00 1.14067730E+00
 3.46214639E+00 1.68445735E+00 1.14229277E+00
 3.53927343E+00 1.68188182E+00 1.14360921E+00
 3.61809724E+00 1.67928769E+00 1.14463779E+00
 3.69865544E+00 1.67667479E+00 1.14538922E+00
 3.78098645E+00 1.67404294E+00 1.14587377E+00
 3.86514561E+00 1.67139142E+00 1.14610073E+00
 3.95121303E+00 1.66871870E+00 1.14607831E+00
 4.03897611E+00 1.66604468E+00 1.14706802E+00
 4.12851933E+00 1.66336423E+00 1.14866961E+00
 4.22002550E+00 1.66066407E+00 1.14996911E+00
 4.31353796E+00 1.65794399E+00 1.15097804E+00
 4.40910101E+00 1.65520383E+00 1.15170741E+00
 4.50675990E+00 1.65244337E+00 1.15216776E+00
 4.60656086E+00 1.64966244E+00 1.15236918E+00
 4.70855115E+00 1.64686082E+00 1.15232136E+00
 4.81281022E+00 1.64403739E+00 1.15203274E+00
