# PlotEOS table
# SpectralFit(CoefficientsFile=input/PPoly_GL133_coeff20.input;)
#[1] rho
#[2] eps
#[3] P
#[4] dP/drho
#[5] h
#[6] cs
1e-13  1.34478e-05  3.29788e-19  4.47416e-06  1.00002  0.0021152  
1.055e-13  1.36261e-05  3.54632e-19  4.56041e-06  1.00002  0.00213549  
1.11302e-13  1.38077e-05  3.81348e-19  4.64833e-06  1.00002  0.00215598  
1.17423e-13  1.39929e-05  4.10077e-19  4.73795e-06  1.00002  0.00217666  
1.2388e-13  1.41817e-05  4.4097e-19  4.82929e-06  1.00002  0.00219754  
1.30693e-13  1.43741e-05  4.7419e-19  4.92239e-06  1.00002  0.00221863  
1.37881e-13  1.45702e-05  5.09913e-19  5.01729e-06  1.00002  0.00223991  
1.45464e-13  1.47701e-05  5.48327e-19  5.11401e-06  1.00002  0.0022614  
1.53463e-13  1.49738e-05  5.89635e-19  5.21261e-06  1.00002  0.00228309  
1.61903e-13  1.51815e-05  6.34055e-19  5.3131e-06  1.00002  0.00230499  
1.70807e-13  1.53932e-05  6.81821e-19  5.41553e-06  1.00002  0.00232711  
1.80201e-13  1.5609e-05  7.33186e-19  5.51993e-06  1.00002  0.00234943  
1.90111e-13  1.58289e-05  7.8842e-19  5.62635e-06  1.00002  0.00237197  
2.00566e-13  1.6053e-05  8.47815e-19  5.73482e-06  1.00002  0.00239472  
2.11597e-13  1.62815e-05  9.11685e-19  5.84538e-06  1.00002  0.0024177  
2.23233e-13  1.65144e-05  9.80367e-19  5.95807e-06  1.00002  0.00244089  
2.3551e-13  1.67518e-05  1.05422e-18  6.07294e-06  1.00002  0.00246431  
2.48462e-13  1.69937e-05  1.13364e-18  6.19001e-06  1.00002  0.00248795  
2.62127e-13  1.72403e-05  1.21904e-18  6.30935e-06  1.00002  0.00251181  
2.76542e-13  1.74917e-05  1.31088e-18  6.43099e-06  1.00002  0.00253591  
2.91751e-13  1.77479e-05  1.40963e-18  6.55497e-06  1.00002  0.00256024  
3.07796e-13  1.80091e-05  1.51583e-18  6.68134e-06  1.00002  0.0025848  
3.24723e-13  1.82753e-05  1.63002e-18  6.81015e-06  1.00002  0.0026096  
3.42582e-13  1.85466e-05  1.75282e-18  6.94144e-06  1.00002  0.00263463  
3.61422e-13  1.88231e-05  1.88487e-18  7.07526e-06  1.00002  0.0026599  
3.81299e-13  1.9105e-05  2.02686e-18  7.21166e-06  1.00002  0.00268542  
4.02269e-13  1.93923e-05  2.17956e-18  7.3507e-06  1.00002  0.00271118  
4.24392e-13  1.96852e-05  2.34375e-18  7.49241e-06  1.00003  0.00273719  
4.47731e-13  1.99837e-05  2.52032e-18  7.63685e-06  1.00003  0.00276345  
4.72354e-13  2.0288e-05  2.71018e-18  7.78408e-06  1.00003  0.00278996  
4.98332e-13  2.05981e-05  2.91435e-18  7.93415e-06  1.00003  0.00281672  
5.25738e-13  2.09142e-05  3.13391e-18  8.08711e-06  1.00003  0.00284375  
5.54651e-13  2.12364e-05  3.37e-18  8.24302e-06  1.00003  0.00287103  
5.85154e-13  2.15648e-05  3.62387e-18  8.40193e-06  1.00003  0.00289857  
6.17335e-13  2.18995e-05  3.89688e-18  8.56391e-06  1.00003  0.00292637  
6.51286e-13  2.22407e-05  4.19045e-18  8.72901e-06  1.00003  0.00295445  
6.87104e-13  2.25885e-05  4.50613e-18  8.8973e-06  1.00003  0.00298279  
7.24891e-13  2.2943e-05  4.8456e-18  9.06883e-06  1.00003  0.0030114  
7.64757e-13  2.33043e-05  5.21064e-18  9.24366e-06  1.00003  0.00304029  
8.06815e-13  2.36725e-05  5.60318e-18  9.42187e-06  1.00003  0.00306946  
8.51187e-13  2.40479e-05  6.02529e-18  9.60351e-06  1.00003  0.0030989  
8.97998e-13  2.44305e-05  6.47921e-18  9.78865e-06  1.00003  0.00312863  
9.47384e-13  2.48205e-05  6.96732e-18  9.97737e-06  1.00003  0.00315865  
9.99486e-13  2.5218e-05  7.49219e-18  1.01697e-05  1.00003  0.00318895  
1.05445e-12  2.56232e-05  8.05662e-18  1.03658e-05  1.00003  0.00321954  
1.11244e-12  2.60362e-05  8.66356e-18  1.05656e-05  1.00003  0.00325042  
1.17362e-12  2.64571e-05  9.31622e-18  1.07693e-05  1.00003  0.00328161  
1.23817e-12  2.68862e-05  1.00181e-17  1.09769e-05  1.00003  0.00331309  
1.30626e-12  2.73235e-05  1.07728e-17  1.11885e-05  1.00004  0.00334487  
1.3781e-12  2.77692e-05  1.15843e-17  1.14042e-05  1.00004  0.00337696  
1.45389e-12  2.82236e-05  1.2457e-17  1.16241e-05  1.00004  0.00340935  
1.53385e-12  2.86867e-05  1.33955e-17  1.18482e-05  1.00004  0.00344206  
1.6182e-12  2.91588e-05  1.44046e-17  1.20766e-05  1.00004  0.00347508  
1.70719e-12  2.96399e-05  1.54898e-17  1.23094e-05  1.00004  0.00350841  
1.80108e-12  3.01303e-05  1.66567e-17  1.25468e-05  1.00004  0.00354207  
1.90013e-12  3.06302e-05  1.79115e-17  1.27886e-05  1.00004  0.00357605  
2.00463e-12  3.11397e-05  1.92609e-17  1.30352e-05  1.00004  0.00361036  
2.11488e-12  3.1659e-05  2.07119e-17  1.32865e-05  1.00004  0.00364499  
2.23119e-12  3.21884e-05  2.22722e-17  1.35426e-05  1.00004  0.00367996  
2.35389e-12  3.27279e-05  2.39501e-17  1.38037e-05  1.00004  0.00371526  
2.48335e-12  3.32779e-05  2.57543e-17  1.40698e-05  1.00004  0.0037509  
2.61992e-12  3.38384e-05  2.76945e-17  1.43411e-05  1.00004  0.00378688  
2.764e-12  3.44098e-05  2.97809e-17  1.46176e-05  1.00005  0.00382321  
2.91601e-12  3.49921e-05  3.20244e-17  1.48994e-05  1.00005  0.00385988  
3.07638e-12  3.55858e-05  3.44369e-17  1.51866e-05  1.00005  0.00389691  
3.24557e-12  3.61908e-05  3.70312e-17  1.54794e-05  1.00005  0.00393429  
3.42406e-12  3.68075e-05  3.9821e-17  1.57778e-05  1.00005  0.00397204  
3.61236e-12  3.74361e-05  4.28208e-17  1.6082e-05  1.00005  0.00401014  
3.81103e-12  3.80768e-05  4.60467e-17  1.6392e-05  1.00005  0.00404861  
4.02062e-12  3.87299e-05  4.95156e-17  1.67081e-05  1.00005  0.00408745  
4.24173e-12  3.93956e-05  5.32459e-17  1.70302e-05  1.00005  0.00412666  
4.47501e-12  4.0074e-05  5.72571e-17  1.73585e-05  1.00005  0.00416624  
4.72112e-12  4.07656e-05  6.15706e-17  1.76931e-05  1.00005  0.00420621  
4.98076e-12  4.14705e-05  6.6209e-17  1.80342e-05  1.00005  0.00424656  
5.25468e-12  4.2189e-05  7.11968e-17  1.83819e-05  1.00006  0.0042873  
5.54366e-12  4.29214e-05  7.65604e-17  1.87363e-05  1.00006  0.00432842  
5.84854e-12  4.36678e-05  8.2328e-17  1.90975e-05  1.00006  0.00436994  
6.17018e-12  4.44287e-05  8.85301e-17  1.94657e-05  1.00006  0.00441186  
6.50951e-12  4.52042e-05  9.51995e-17  1.9841e-05  1.00006  0.00445419  
6.86751e-12  4.59947e-05  1.02371e-16  2.02235e-05  1.00006  0.00449692  
7.24519e-12  4.68004e-05  1.10083e-16  2.06134e-05  1.00006  0.00454005  
7.64364e-12  4.76217e-05  1.18377e-16  2.10108e-05  1.00006  0.0045836  
8.06401e-12  4.84588e-05  1.27294e-16  2.14158e-05  1.00006  0.00462757  
8.50749e-12  4.9312e-05  1.36884e-16  2.18287e-05  1.00007  0.00467197  
8.97537e-12  5.01816e-05  1.47196e-16  2.22495e-05  1.00007  0.00471678  
9.46897e-12  5.10681e-05  1.58285e-16  2.26785e-05  1.00007  0.00476203  
9.98972e-12  5.19716e-05  1.70209e-16  2.31157e-05  1.00007  0.00480771  
1.05391e-11  5.28926e-05  1.83032e-16  2.35613e-05  1.00007  0.00485383  
1.11187e-11  5.38313e-05  1.96821e-16  2.40156e-05  1.00007  0.00490039  
1.17302e-11  5.4788e-05  2.11648e-16  2.44785e-05  1.00007  0.0049474  
1.23753e-11  5.57633e-05  2.27592e-16  2.49505e-05  1.00007  0.00499486  
1.30559e-11  5.67573e-05  2.44738e-16  2.54315e-05  1.00008  0.00504277  
1.37739e-11  5.77705e-05  2.63175e-16  2.59218e-05  1.00008  0.00509115  
1.45314e-11  5.88033e-05  2.83001e-16  2.64215e-05  1.00008  0.00513998  
1.53306e-11  5.98559e-05  3.04321e-16  2.69309e-05  1.00008  0.00518929  
1.61737e-11  6.09289e-05  3.27247e-16  2.74501e-05  1.00008  0.00523907  
1.70632e-11  6.20225e-05  3.519e-16  2.79793e-05  1.00008  0.00528932  
1.80016e-11  6.31372e-05  3.7841e-16  2.85187e-05  1.00008  0.00534006  
1.89916e-11  6.42734e-05  4.06918e-16  2.90685e-05  1.00009  0.00539129  
2.0036e-11  6.54315e-05  4.37573e-16  2.96289e-05  1.00009  0.005443  
2.11379e-11  6.6612e-05  4.70537e-16  3.02001e-05  1.00009  0.00549522  
2.23004e-11  6.78152e-05  5.05985e-16  3.07823e-05  1.00009  0.00554793  
2.35268e-11  6.90415e-05  5.44103e-16  3.13758e-05  1.00009  0.00560115  
2.48207e-11  7.02916e-05  5.85092e-16  3.19806e-05  1.00009  0.00565488  
2.61857e-11  7.15657e-05  6.2917e-16  3.25972e-05  1.0001  0.00570912  
2.76258e-11  7.28644e-05  6.76568e-16  3.32256e-05  1.0001  0.00576389  
2.91451e-11  7.41881e-05  7.27537e-16  3.38662e-05  1.0001  0.00581918  
3.0748e-11  7.55374e-05  7.82346e-16  3.45191e-05  1.0001  0.005875  
3.2439e-11  7.69126e-05  8.41284e-16  3.51845e-05  1.0001  0.00593135  
3.4223e-11  7.83144e-05  9.04661e-16  3.58629e-05  1.0001  0.00598825  
3.61051e-11  7.97432e-05  9.72814e-16  3.65543e-05  1.00011  0.00604569  
3.80907e-11  8.11996e-05  1.0461e-15  3.7259e-05  1.00011  0.00610368  
4.01855e-11  8.2684e-05  1.12491e-15  3.79773e-05  1.00011  0.00616223  
4.23955e-11  8.4197e-05  1.20965e-15  3.87094e-05  1.00011  0.00622134  
4.47271e-11  8.57392e-05  1.30078e-15  3.94557e-05  1.00011  0.00628102  
4.71869e-11  8.73112e-05  1.39877e-15  4.02164e-05  1.00012  0.00634127  
4.9782e-11  8.89134e-05  1.50415e-15  4.09917e-05  1.00012  0.00640209  
5.25198e-11  9.05466e-05  1.61746e-15  4.17819e-05  1.00012  0.0064635  
5.54081e-11  9.22112e-05  1.73932e-15  4.25875e-05  1.00012  0.0065255  
5.84553e-11  9.39079e-05  1.87035e-15  4.34085e-05  1.00013  0.0065881  
6.16701e-11  9.56373e-05  2.01125e-15  4.42453e-05  1.00013  0.00665129  
6.50617e-11  9.74001e-05  2.16276e-15  4.50983e-05  1.00013  0.00671509  
6.86398e-11  9.91968e-05  2.3257e-15  4.59678e-05  1.00013  0.0067795  
7.24146e-11  0.000101028  2.5009e-15  4.6854e-05  1.00014  0.00684453  
7.63971e-11  0.000102895  2.6893e-15  4.77573e-05  1.00014  0.00691019  
8.05986e-11  0.000104798  2.8919e-15  4.8678e-05  1.00014  0.00697647  
8.50312e-11  0.000106737  3.10976e-15  4.96164e-05  1.00014  0.00704339  
8.97075e-11  0.000108714  3.34403e-15  5.0573e-05  1.00015  0.00711095  
9.4641e-11  0.000110729  3.59596e-15  5.15479e-05  1.00015  0.00717916  
9.98459e-11  0.000112782  3.86686e-15  5.25417e-05  1.00015  0.00724802  
1.05337e-10  0.000115909  4.55265e-15  -3.76316e-05  1.00016  -nan  
1.1113e-10  0.000118127  4.44211e-15  -2.41223e-06  1.00016  -nan  
1.17242e-10  0.000120221  4.51309e-15  2.40618e-05  1.00016  0.00490489  
1.23689e-10  0.000122271  4.73405e-15  4.32062e-05  1.00016  0.00657261  
1.30492e-10  0.000124334  5.07632e-15  5.64353e-05  1.00016  0.00751173  
1.37668e-10  0.000126446  5.51487e-15  6.503e-05  1.00017  0.00806345  
1.45239e-10  0.000128628  6.02847e-15  7.00908e-05  1.00017  0.00837131  
1.53227e-10  0.000130892  6.59964e-15  7.25355e-05  1.00017  0.00851604  
1.61654e-10  0.00013324  7.21443e-15  7.3116e-05  1.00018  0.00855003  
1.70544e-10  0.000135669  7.86215e-15  7.24412e-05  1.00018  0.00851046  
1.79923e-10  0.000138174  8.5352e-15  7.09987e-05  1.00019  0.00842529  
1.89818e-10  0.000140746  9.22881e-15  6.9175e-05  1.00019  0.00831636  
2.00257e-10  0.000143377  9.94086e-15  6.72705e-05  1.00019  0.00820107  
2.1127e-10  0.000146058  1.06717e-14  6.55133e-05  1.0002  0.00809323  
2.22889e-10  0.000148783  1.14241e-14  6.40693e-05  1.0002  0.00800353  
2.35147e-10  0.000151544  1.22027e-14  6.30516e-05  1.0002  0.00793969  
2.48079e-10  0.000154338  1.30141e-14  6.25285e-05  1.00021  0.00790668  
2.61723e-10  0.00015716  1.38666e-14  6.2531e-05  1.00021  0.00790682  
2.76116e-10  0.000160011  1.47699e-14  6.30594e-05  1.00021  0.00794015  
2.91301e-10  0.000162888  1.57347e-14  6.40897e-05  1.00022  0.00800474  
3.07322e-10  0.000165795  1.67729e-14  6.55797e-05  1.00022  0.00809724  
3.24223e-10  0.000168733  1.78969e-14  6.74739e-05  1.00022  0.00821333  
3.42054e-10  0.000171707  1.91197e-14  6.97084e-05  1.00023  0.00834821  
3.60865e-10  0.00017472  2.04544e-14  7.22151e-05  1.00023  0.00849696  
3.80711e-10  0.000177777  2.19145e-14  7.49246e-05  1.00024  0.00865488  
4.01649e-10  0.000180885  2.3513e-14  7.77695e-05  1.00024  0.00881765  
4.23738e-10  0.000184047  2.52633e-14  8.06862e-05  1.00024  0.00898145  
4.47041e-10  0.00018727  2.71781e-14  8.36164e-05  1.00025  0.00914307  
4.71626e-10  0.000190559  2.92698e-14  8.65085e-05  1.00025  0.00929982  
4.97564e-10  0.000193917  3.15506e-14  8.93182e-05  1.00026  0.00944961  
5.24928e-10  0.000197349  3.40321e-14  9.20086e-05  1.00026  0.00959085  
5.53796e-10  0.00020086  3.67257e-14  9.45508e-05  1.00027  0.00972242  
5.84253e-10  0.000204451  3.96423e-14  9.69233e-05  1.00027  0.00984362  
6.16384e-10  0.000208125  4.27925e-14  9.91123e-05  1.00028  0.00995414  
6.50282e-10  0.000211885  4.6187e-14  0.000101111  1.00028  0.010054  
6.86045e-10  0.000215731  4.98362e-14  0.000102919  1.00029  0.0101434  
7.23774e-10  0.000219663  5.37507e-14  0.000104542  1.00029  0.0102231  
7.63579e-10  0.000223682  5.79415e-14  0.000105991  1.0003  0.0102937  
8.05572e-10  0.000227788  6.24203e-14  0.000107283  1.00031  0.0103561  
8.49875e-10  0.000231979  6.71995e-14  0.000108437  1.00031  0.0104117  
8.96614e-10  0.000236254  7.22927e-14  0.000109477  1.00032  0.0104615  
9.45924e-10  0.000240611  7.7715e-14  0.00011043  1.00032  0.0105069  
9.97946e-10  0.00024505  8.34834e-14  0.000111324  1.00033  0.0105493  
1.05283e-09  0.000249568  8.96172e-14  0.000112189  1.00033  0.0105902  
1.11073e-09  0.000254163  9.61382e-14  0.000113055  1.00034  0.0106309  
1.17181e-09  0.000258835  1.03072e-13  0.000113952  1.00035  0.010673  
1.23626e-09  0.000263581  1.10446e-13  0.00011491  1.00035  0.0107177  
1.30425e-09  0.0002684  1.18294e-13  0.000115956  1.00036  0.0107663  
1.37598e-09  0.000273292  1.26652e-13  0.000117116  1.00037  0.01082  
1.45165e-09  0.000278256  1.35563e-13  0.000118414  1.00037  0.0108798  
1.53148e-09  0.000283291  1.45074e-13  0.00011987  1.00038  0.0109464  
1.61571e-09  0.000288399  1.55238e-13  0.000121502  1.00038  0.0110207  
1.70456e-09  0.000293579  1.66115e-13  0.000123323  1.00039  0.0111029  
1.79831e-09  0.000298834  1.77769e-13  0.000125345  1.0004  0.0111935  
1.89721e-09  0.000304165  1.90275e-13  0.000127573  1.0004  0.0112925  
2.00154e-09  0.000309573  2.03712e-13  0.000130011  1.00041  0.0113999  
2.11162e-09  0.000315063  2.18169e-13  0.000132658  1.00042  0.0115153  
2.22775e-09  0.000320637  2.33739e-13  0.00013551  1.00043  0.0116384  
2.35026e-09  0.000326299  2.50528e-13  0.000138561  1.00043  0.0117687  
2.47952e-09  0.000332052  2.68647e-13  0.000141801  1.00044  0.0119054  
2.61588e-09  0.000337901  2.88216e-13  0.000145216  1.00045  0.0120479  
2.75974e-09  0.000343851  3.09365e-13  0.000148792  1.00046  0.0121953  
2.91152e-09  0.000349906  3.32231e-13  0.000152513  1.00046  0.0123468  
3.07164e-09  0.000356071  3.56961e-13  0.00015636  1.00047  0.0125015  
3.24056e-09  0.00036235  3.83709e-13  0.000160314  1.00048  0.0126585  
3.41878e-09  0.000368751  4.12642e-13  0.000164354  1.00049  0.0128169  
3.6068e-09  0.000375276  4.43932e-13  0.00016846  1.0005  0.012976  
3.80516e-09  0.000381931  4.77762e-13  0.000172611  1.00051  0.0131348  
4.01442e-09  0.000388721  5.14324e-13  0.000176786  1.00052  0.0132926  
4.2352e-09  0.000395651  5.5382e-13  0.000180966  1.00053  0.0134488  
4.46811e-09  0.000402724  5.9646e-13  0.000185131  1.00054  0.0136026  
4.71384e-09  0.000409945  6.42465e-13  0.000189265  1.00055  0.0137536  
4.97308e-09  0.000417319  6.92065e-13  0.00019335  1.00056  0.0139012  
5.24658e-09  0.000424847  7.45502e-13  0.000197372  1.00057  0.0140449  
5.53512e-09  0.000432534  8.03028e-13  0.00020132  1.00058  0.0141846  
5.83952e-09  0.000440382  8.64907e-13  0.000205182  1.00059  0.0143199  
6.16067e-09  0.000448393  9.31413e-13  0.00020895  1.0006  0.0144508  
6.49948e-09  0.000456571  1.00284e-12  0.00021262  1.00061  0.014577  
6.85692e-09  0.000464915  1.07948e-12  0.000216189  1.00062  0.0146988  
7.23402e-09  0.000473427  1.16167e-12  0.000219655  1.00063  0.0148161  
7.63186e-09  0.000482109  1.24974e-12  0.000223023  1.00065  0.0149292  
8.05158e-09  0.000490961  1.34404e-12  0.000226298  1.00066  0.0150383  
8.49438e-09  0.000499983  1.44496e-12  0.000229488  1.00067  0.0151438  
8.96153e-09  0.000509175  1.5529e-12  0.000232603  1.00068  0.0152461  
9.45438e-09  0.000518537  1.6683e-12  0.000235657  1.00069  0.0153458  
9.97433e-09  0.000528069  1.79162e-12  0.000238666  1.00071  0.0154433  
1.05229e-08  0.00053777  1.92337e-12  0.000241647  1.00072  0.0155394  
1.11016e-08  0.000547639  2.06408e-12  0.000244621  1.00073  0.0156346  
1.17121e-08  0.000557677  2.21435e-12  0.000247609  1.00075  0.0157297  
1.23562e-08  0.000567883  2.37482e-12  0.000250634  1.00076  0.0158254  
1.30358e-08  0.000578256  2.54619e-12  0.00025372  1.00077  0.0159224  
1.37527e-08  0.000588797  2.72922e-12  0.000256892  1.00079  0.0160216  
1.4509e-08  0.000599505  2.92476e-12  0.000260175  1.0008  0.0161235  
1.53069e-08  0.000610381  3.13373e-12  0.000263594  1.00082  0.016229  
1.61488e-08  0.000621426  3.35714e-12  0.000267173  1.00083  0.0163387  
1.70369e-08  0.000632641  3.59609e-12  0.000270937  1.00084  0.0164532  
1.79738e-08  0.000644027  3.8518e-12  0.000274909  1.00086  0.0165733  
1.89623e-08  0.000655587  4.12562e-12  0.00027911  1.00087  0.0166993  
2.00051e-08  0.000667324  4.419e-12  0.00028356  1.00089  0.0168318  
2.11053e-08  0.00067924  4.73357e-12  0.000288276  1.0009  0.016971  
2.2266e-08  0.00069134  5.07107e-12  0.000293274  1.00092  0.0171174  
2.34906e-08  0.000703628  5.43343e-12  0.000298567  1.00093  0.017271  
2.47824e-08  0.000716108  5.82276e-12  0.000304166  1.00095  0.0174321  
2.61454e-08  0.000728787  6.24134e-12  0.000310076  1.00097  0.0176005  
2.75832e-08  0.00074167  6.69167e-12  0.000316303  1.00098  0.0177762  
2.91002e-08  0.000754765  7.17646e-12  0.000322849  1.001  0.017959  
3.07006e-08  0.000768078  7.69864e-12  0.00032971  1.00102  0.0181487  
3.2389e-08  0.000781618  8.26138e-12  0.000336883  1.00104  0.0183449  
3.41702e-08  0.000795392  8.86813e-12  0.00034436  1.00105  0.0185472  
3.60494e-08  0.000809409  9.52257e-12  0.00035213  1.00107  0.0187551  
3.8032e-08  0.000823679  1.02287e-11  0.000360179  1.00109  0.018968  
4.01236e-08  0.00083821  1.09908e-11  0.000368491  1.00111  0.0191855  
4.23302e-08  0.000853012  1.18134e-11  0.000377049  1.00113  0.0194068  
4.46582e-08  0.000868095  1.27014e-11  0.000385831  1.00115  0.0196313  
4.71142e-08  0.000883468  1.36601e-11  0.000394814  1.00117  0.0198583  
4.97052e-08  0.000899142  1.4695e-11  0.000403975  1.00119  0.0200871  
5.24388e-08  0.000915127  1.58121e-11  0.000413287  1.00122  0.0203171  
5.53227e-08  0.000931432  1.70177e-11  0.000422724  1.00124  0.0205475  
5.83652e-08  0.000948067  1.83185e-11  0.000432258  1.00126  0.0207777  
6.1575e-08  0.000965041  1.97215e-11  0.00044186  1.00129  0.021007  
6.49614e-08  0.000982363  2.12342e-11  0.000451504  1.00131  0.0212347  
6.8534e-08  0.00100004  2.28647e-11  0.000461161  1.00133  0.0214604  
7.2303e-08  0.00101809  2.46212e-11  0.000470805  1.00136  0.0216833  
7.62794e-08  0.00103651  2.65125e-11  0.000480409  1.00138  0.0219031  
8.04744e-08  0.00105531  2.85481e-11  0.00048995  1.00141  0.0221192  
8.49001e-08  0.00107449  3.07376e-11  0.000499405  1.00144  0.0223313  
8.95693e-08  0.00109407  3.30915e-11  0.000508754  1.00146  0.0225391  
9.44952e-08  0.00111405  3.56205e-11  0.000517979  1.00149  0.0227422  
9.9692e-08  0.00113444  3.83362e-11  0.000527067  1.00152  0.0229405  
1.05175e-07  0.00115523  4.12507e-11  0.000536006  1.00155  0.0231339  
1.10959e-07  0.00117643  4.43768e-11  0.00054479  1.00158  0.0233224  
1.17061e-07  0.00119805  4.77278e-11  0.000553415  1.00161  0.0235059  
1.23499e-07  0.00122009  5.13182e-11  0.000561883  1.00164  0.0236847  
1.30291e-07  0.00124255  5.5163e-11  0.000570198  1.00167  0.023859  
1.37456e-07  0.00126542  5.92784e-11  0.000578372  1.0017  0.024029  
1.45016e-07  0.00128872  6.36813e-11  0.00058642  1.00173  0.0241952  
1.52991e-07  0.00131244  6.83902e-11  0.000594361  1.00176  0.0243581  
1.61405e-07  0.00133659  7.34244e-11  0.000602221  1.00179  0.0245182  
1.70281e-07  0.00136115  7.8805e-11  0.000610028  1.00182  0.0246763  
1.79646e-07  0.00138614  8.45546e-11  0.000617817  1.00186  0.0248329  
1.89526e-07  0.00141155  9.06973e-11  0.000625625  1.00189  0.0249889  
1.99949e-07  0.00143738  9.72595e-11  0.000633496  1.00192  0.0251452  
2.10945e-07  0.00146363  1.0427e-10  0.000641474  1.00196  0.0253026  
2.22546e-07  0.0014903  1.11759e-10  0.00064961  1.00199  0.0254621  
2.34785e-07  0.0015174  1.19761e-10  0.000657954  1.00203  0.0256246  
2.47697e-07  0.00154492  1.28312e-10  0.00066656  1.00206  0.0257912  
2.61319e-07  0.00157287  1.37453e-10  0.000675484  1.0021  0.0259629  
2.75691e-07  0.00160124  1.47228e-10  0.000684782  1.00214  0.0261405  
2.90852e-07  0.00163005  1.57684e-10  0.00069451  1.00217  0.026325  
3.06848e-07  0.00165929  1.68875e-10  0.000704723  1.00221  0.0265173  
3.23723e-07  0.00168898  1.80858e-10  0.000715477  1.00225  0.0267184  
3.41527e-07  0.00171912  1.93697e-10  0.000726822  1.00229  0.0269289  
3.60309e-07  0.00174971  2.07461e-10  0.000738808  1.00233  0.0271495  
3.80124e-07  0.00178077  2.22226e-10  0.000751482  1.00237  0.0273808  
4.0103e-07  0.00181231  2.38076e-10  0.000764884  1.00241  0.0276233  
4.23084e-07  0.00184434  2.55102e-10  0.000779051  1.00245  0.0278774  
4.46352e-07  0.00187687  2.73402e-10  0.000794016  1.00249  0.0281433  
4.709e-07  0.00190993  2.93087e-10  0.000809802  1.00253  0.0284211  
4.96797e-07  0.00194352  3.14274e-10  0.000826428  1.00258  0.0287107  
5.24119e-07  0.00197767  3.37093e-10  0.000843907  1.00262  0.0290121  
5.52943e-07  0.00201239  3.61682e-10  0.000862243  1.00267  0.0293249  
5.83352e-07  0.00204772  3.88195e-10  0.000881432  1.00271  0.0296487  
6.15434e-07  0.00208365  4.16794e-10  0.000901464  1.00276  0.029983  
6.4928e-07  0.00212024  4.47659e-10  0.000922319  1.00281  0.0303271  
6.84987e-07  0.00215749  4.80981e-10  0.000943971  1.00286  0.0306803  
7.22659e-07  0.00219543  5.16965e-10  0.000966386  1.00291  0.0310416  
7.62402e-07  0.00223409  5.55834e-10  0.000989519  1.00296  0.0314101  
8.0433e-07  0.0022735  5.97824e-10  0.00101332  1.00302  0.0317848  
8.48565e-07  0.00231368  6.43191e-10  0.00103774  1.00307  0.0321646  
8.95232e-07  0.00235467  6.92205e-10  0.0010627  1.00313  0.0325482  
9.44466e-07  0.00239648  7.45155e-10  0.00108814  1.00319  0.0329346  
9.96408e-07  0.00243916  8.02351e-10  0.00111398  1.00324  0.0333224  
1.05121e-06  0.00248271  8.64116e-10  0.00114014  1.0033  0.0337103  
1.10902e-06  0.00252718  9.30799e-10  0.00116654  1.00337  0.0340973  
1.17001e-06  0.00257259  1.00276e-09  0.00119308  1.00343  0.0344819  
1.23435e-06  0.00261896  1.0804e-09  0.00121967  1.00349  0.0348629  
1.30224e-06  0.00266631  1.1641e-09  0.00124622  1.00356  0.0352392  
1.37385e-06  0.00271468  1.25431e-09  0.00127264  1.00363  0.0356096  
1.44941e-06  0.00276408  1.35146e-09  0.00129884  1.0037  0.035973  
1.52912e-06  0.00281452  1.45604e-09  0.00132472  1.00377  0.0363283  
1.61322e-06  0.00286604  1.56852e-09  0.0013502  1.00384  0.0366747  
1.70194e-06  0.00291863  1.68944e-09  0.0013752  1.00391  0.0370114  
1.79553e-06  0.00297233  1.81931e-09  0.00139965  1.00399  0.0373375  
1.89428e-06  0.00302713  1.95871e-09  0.00142348  1.00406  0.0376526  
1.99846e-06  0.00308305  2.10823e-09  0.00144663  1.00414  0.0379562  
2.10836e-06  0.00314009  2.26848e-09  0.00146907  1.00422  0.0382479  
2.22432e-06  0.00319825  2.44009e-09  0.00149077  1.0043  0.0385278  
2.34664e-06  0.00325755  2.62375e-09  0.0015117  1.00438  0.0387958  
2.4757e-06  0.00331797  2.82017e-09  0.00153188  1.00446  0.0390523  
2.61185e-06  0.00337952  3.03008e-09  0.00155132  1.00454  0.0392977  
2.75549e-06  0.00344218  3.25428e-09  0.00157006  1.00462  0.0395327  
2.90703e-06  0.00350597  3.49359e-09  0.00158816  1.00471  0.0397582  
3.0669e-06  0.00357086  3.74892e-09  0.00160569  1.00479  0.0399754  
3.23557e-06  0.00363685  4.02121e-09  0.00162277  1.00488  0.0401857  
3.41351e-06  0.00370393  4.31147e-09  0.0016395  1.00497  0.0403905  
3.60124e-06  0.00377209  4.62082e-09  0.00165602  1.00506  0.0405918  
3.79929e-06  0.00384131  4.95044e-09  0.00167251  1.00514  0.0407915  
4.00823e-06  0.0039116  5.30165e-09  0.00168914  1.00523  0.040992  
4.22867e-06  0.00398293  5.67587e-09  0.0017061  1.00533  0.0411955  
4.46123e-06  0.00405531  6.07468e-09  0.00172363  1.00542  0.0414046  
4.70658e-06  0.00412873  6.49982e-09  0.00174193  1.00551  0.041622  
4.96542e-06  0.00420318  6.9532e-09  0.00176127  1.0056  0.0418503  
5.23849e-06  0.00427867  7.43697e-09  0.00178187  1.0057  0.0420925  
5.52659e-06  0.00435519  7.95349e-09  0.00180401  1.00579  0.0423512  
5.83052e-06  0.00443276  8.50542e-09  0.00182795  1.00589  0.0426291  
6.15118e-06  0.00451139  9.0957e-09  0.00185393  1.00599  0.0429289  
6.48946e-06  0.0045911  9.72762e-09  0.00188221  1.00609  0.0432529  
6.84635e-06  0.0046719  1.04048e-08  0.00191304  1.00619  0.0436035  
7.22287e-06  0.00475383  1.11314e-08  0.00194664  1.00629  0.0439825  
7.6201e-06  0.00483693  1.19119e-08  0.00198323  1.0064  0.0443916  
8.03917e-06  0.00492123  1.27513e-08  0.002023  1.00651  0.0448321  
8.48129e-06  0.00500678  1.36552e-08  0.00206612  1.00662  0.0453049  
8.94772e-06  0.00509364  1.46297e-08  0.00211271  1.00673  0.0458104  
9.43981e-06  0.00518187  1.56817e-08  0.0021629  1.00684  0.0463486  
9.95895e-06  0.00527154  1.68185e-08  0.00221673  1.00696  0.0469192  
1.05067e-05  0.00536272  1.80483e-08  0.00227425  1.00708  0.0475211  
1.10845e-05  0.00545549  1.93801e-08  0.00233542  1.0072  0.048153  
1.16941e-05  0.00554995  2.08235e-08  0.00240019  1.00733  0.0488131  
1.23372e-05  0.00564619  2.2389e-08  0.00246844  1.00746  0.0494991  
1.30157e-05  0.0057443  2.40882e-08  0.00254001  1.0076  0.0502082  
1.37315e-05  0.00584439  2.59331e-08  0.00261468  1.00773  0.0509374  
1.44867e-05  0.00594655  2.7937e-08  0.00269219  1.00788  0.0516832  
1.52834e-05  0.00605091  3.01139e-08  0.0027722  1.00802  0.0524417  
1.61239e-05  0.00615756  3.24786e-08  0.00285433  1.00817  0.0532089  
1.70106e-05  0.00626662  3.50471e-08  0.00293814  1.00833  0.0539804  
1.79461e-05  0.0063782  3.78358e-08  0.00302316  1.00849  0.0547514  
1.89331e-05  0.0064924  4.08621e-08  0.00310882  1.00865  0.0555172  
1.99743e-05  0.00660932  4.41442e-08  0.00319454  1.00882  0.0562726  
2.10728e-05  0.00672907  4.77006e-08  0.00327967  1.00899  0.0570127  
2.22317e-05  0.00685172  5.15506e-08  0.00336354  1.00917  0.057732  
2.34544e-05  0.00697737  5.57138e-08  0.00344543  1.00935  0.0584252  
2.47442e-05  0.00710609  6.02099e-08  0.0035246  1.00954  0.0590872  
2.61051e-05  0.00723793  6.50586e-08  0.00360027  1.00973  0.0597125  
2.75407e-05  0.00737295  7.02797e-08  0.00367169  1.00992  0.060296  
2.90554e-05  0.00751117  7.58923e-08  0.00373808  1.01012  0.0608327  
3.06533e-05  0.00765263  8.19151e-08  0.00379871  1.01032  0.061318  
3.23391e-05  0.0077973  8.8366e-08  0.00385287  1.01053  0.0617473  
3.41176e-05  0.00794519  9.52616e-08  0.00389991  1.01074  0.0621167  
3.59939e-05  0.00809625  1.02618e-07  0.00393926  1.01095  0.0624228  
3.79734e-05  0.00825043  1.10448e-07  0.00397046  1.01116  0.0626629  
4.00617e-05  0.00840765  1.18765e-07  0.00399315  1.01137  0.0628351  
4.2265e-05  0.00856782  1.2758e-07  0.00400717  1.01159  0.0629386  
4.45893e-05  0.00873082  1.36902e-07  0.00401249  1.0118  0.0629737  
4.70416e-05  0.00889652  1.46739e-07  0.00400932  1.01202  0.0629422  
4.96286e-05  0.00906477  1.57099e-07  0.0039981  1.01223  0.0628474  
5.2358e-05  0.0092354  1.67987e-07  0.00397952  1.01244  0.0626946  
5.52374e-05  0.00940824  1.79411e-07  0.00395457  1.01266  0.0624912  
5.82753e-05  0.00958311  1.91379e-07  0.00392455  1.01287  0.0622471  
6.14801e-05  0.00975981  2.03904e-07  0.00389109  1.01308  0.0619747  
6.48613e-05  0.00993817  2.17001e-07  0.00385615  1.01328  0.0616895  
6.84283e-05  0.010118  2.30694e-07  0.00382206  1.01349  0.06141  
7.21916e-05  0.0102991  2.45018e-07  0.00379151  1.01369  0.0611579  
7.61618e-05  0.0104813  2.6002e-07  0.00376755  1.0139  0.0609583  
8.03504e-05  0.0106646  2.75767e-07  0.00375358  1.0141  0.0608391  
8.47693e-05  0.0108488  2.92347e-07  0.00375335  1.0143  0.0608312  
8.94312e-05  0.0110339  3.09879e-07  0.00377093  1.0145  0.0609675  
9.43495e-05  0.0112198  3.28514e-07  0.00381072  1.0147  0.0612822  
9.95383e-05  0.0114067  3.48449e-07  0.00387738  1.01491  0.0618096  
0.000105013  0.0115947  3.69931e-07  0.00397584  1.01512  0.062583  
0.000110788  0.011784  3.93268e-07  0.00411128  1.01533  0.0636333  
0.000116881  0.0119749  4.1884e-07  0.0042891  1.01556  0.0649876  
0.000123308  0.0121678  4.47115e-07  0.00451488  1.01579  0.0666684  
0.00013009  0.0123633  4.78657e-07  0.00479443  1.01604  0.068693  
0.000137244  0.012562  5.14145e-07  0.00513376  1.01631  0.0710731  
0.000144792  0.0127647  5.54394e-07  0.00553911  1.01659  0.0738153  
0.000152755  0.0129724  6.0037e-07  0.00601695  1.0169  0.0769216  
0.000161156  0.013186  6.53221e-07  0.0065741  1.01724  0.0803909  
0.000170019  0.0134068  7.14297e-07  0.00721775  1.01761  0.0842191  
0.000179369  0.0136363  7.85189e-07  0.00795557  1.01801  0.0884013  
0.000189233  0.0138761  8.6776e-07  0.00879584  1.01846  0.0929322  
0.00019964  0.0141279  9.64194e-07  0.00974758  1.01896  0.0978071  
0.00021062  0.0143939  1.07704e-06  0.0108207  1.01951  0.103023  
0.000222203  0.0146763  1.20929e-06  0.0120263  1.02012  0.108578  
0.000234423  0.0149775  1.36443e-06  0.0133768  1.0208  0.114474  
0.000247315  0.0153005  1.54652e-06  0.0148861  1.02155  0.120715  
0.000260917  0.0156482  1.76034e-06  0.0165701  1.02239  0.127307  
0.000275266  0.0160241  2.01145e-06  0.0184469  1.02333  0.134262  
0.000290404  0.0164319  2.30638e-06  0.0205371  1.02437  0.141592  
0.000306375  0.0168759  2.6528e-06  0.0228642  1.02553  0.149315  
0.000323224  0.0173606  3.05967e-06  0.0254551  1.02683  0.157449  
0.000341  0.0178912  3.53757e-06  0.0283406  1.02827  0.166017  
0.000359754  0.0184734  4.09893e-06  0.0315557  1.02987  0.175045  
0.000379539  0.0191134  4.75839e-06  0.0351403  1.03165  0.184559  
0.000400412  0.0198183  5.53322e-06  0.0391397  1.03364  0.194592  
0.000422432  0.0205958  6.44381e-06  0.0436053  1.03585  0.205173  
0.000445664  0.0214546  7.51424e-06  0.0485953  1.03832  0.216338  
0.000470174  0.0224045  8.77301e-06  0.0541755  1.04106  0.22812  
0.000496031  0.0234563  1.02538e-05  0.0604197  1.04413  0.240554  
0.000523311  0.0246222  1.19964e-05  0.0674109  1.04755  0.253676  
0.000552091  0.0259157  1.4048e-05  0.0752421  1.05136  0.267519  
0.000582453  0.0273521  1.64645e-05  0.0840169  1.05562  0.282117  
0.000614485  0.0289484  1.93116e-05  0.0938504  1.06038  0.297501  
0.000648279  0.0307238  2.26675e-05  0.10487  1.06569  0.313697  
0.000683932  0.0326998  2.66243e-05  0.117217  1.07163  0.33073  
0.000721545  0.0349005  3.12907e-05  0.131046  1.07827  0.348617  
0.000761227  0.0373527  3.67949e-05  0.146526  1.08569  0.36737  
0.000803091  0.0400866  4.3288e-05  0.163841  1.09399  0.386995  
0.000847257  0.043136  5.09476e-05  0.183193  1.10327  0.407487  
0.000893853  0.0465384  5.99822e-05  0.204798  1.11364  0.428834  
0.00094301  0.0503359  7.06364e-05  0.22889  1.12524  0.451014  
0.000994872  0.0545752  8.31964e-05  0.25572  1.1382  0.473994  
0.00104959  0.0593081  9.79969e-05  0.285558  1.15268  0.49773  
0.00110731  0.0645925  0.000115428  0.318694  1.16883  0.522168  
0.0011682  0.0704921  0.000135946  0.35544  1.18686  0.547246  
0.00123245  0.0770775  0.000160078  0.39613  1.20696  0.572891  
0.00130023  0.0844266  0.000188441  0.441131  1.22936  0.599025  
0.00137174  0.0926254  0.000221748  0.490842  1.25428  0.625567  
0.00144718  0.101769  0.000260831  0.545705  1.282  0.652431  
0.00152676  0.11196  0.000306653  0.606216  1.31281  0.679536  
0.00161073  0.123314  0.000360335  0.672937  1.34702  0.706805  
0.00169931  0.135957  0.00042318  0.746516  1.38499  0.73417  
0.00179277  0.150027  0.000496711  0.827705  1.42709  0.761574  
0.00189136  0.165677  0.000582704  0.917387  1.47376  0.788974  
0.00199538  0.183074  0.000683246  1.0166  1.52549  0.816341  
0.00210511  0.202405  0.000800788  1.12658  1.58281  0.843661  
0.00222089  0.223877  0.000938226  1.24878  1.64633  0.870932  
0.00234303  0.24772  0.00109899  1.38491  1.71677  0.898163  
0.00247188  0.27419  0.00128714  1.53697  1.7949  0.925364  
0.00260782  0.303576  0.00150754  1.70729  1.88166  0.952541  
0.00275124  0.336202  0.00176597  1.89855  1.97808  0.979689  
0.00290255  0.372433  0.00206933  2.11376  2.08537  1.00678  
0.00306218  0.412685  0.00242589  2.35632  2.2049  1.03377  
0.00323058  0.457424  0.00284549  2.62995  2.33822  1.06055  
0.00340825  0.507183  0.00333987  2.93865  2.48712  1.08699  
0.00359569  0.562562  0.00392294  3.28662  2.65357  1.11291  
0.00379344  0.624241  0.00461116  3.67812  2.83981  1.13807  
0.00400206  0.692986  0.00542386  4.1173  3.04825  1.1622  
0.00422215  0.769656  0.00638356  4.60799  3.28158  1.18499  
0.00445435  0.855208  0.00751634  5.15342  3.54262  1.20611  
0.00469932  0.950704  0.00885205  5.75598  3.83439  1.22521  
0.00495776  1.05731  0.0104245  6.41703  4.15998  1.242  
0.00523042  1.17628  0.0122719  7.13685  4.52253  1.25621  
0.00551807  1.309  0.0144363  7.91499  4.92518  1.26769  
0.00582154  1.45691  0.0169648  8.75121  5.37105  1.27645  
0.0061417  1.62155  0.0199097  9.64755  5.86327  1.28274  
0.00647946  1.80457  0.0233305  10.6119  6.40525  1.28715  
0.0068358  2.00769  0.027298  11.6643  7.00108  1.29076  
0.00721174  2.23282  0.0319022  12.8463  7.65647  1.29531  
0.00760835  2.48213  0.0372666  14.2358  8.38024  1.30335  
0.00802678  2.75827  0.0435738  15.969  9.18682  1.31843  
0.00846822  3.06474  0.0511095  18.2728  10.1002  1.34505  
0.00893393  3.40647  0.0603352  21.5148  11.16  1.38847  
0.00942526  3.79084  0.0720091  26.2816  12.4309  1.45404  
0.0099436  4.22915  0.087389  33.5106  14.0176  1.54616  
0.0104905  4.73753  0.107436  39.5326  15.9788  1.57292  
0.0110674  5.33001  0.132099  46.074  18.2659  1.58821  
0.011676  6.02054  0.162424  53.6976  20.9314  1.60169  
0.0123182  6.82532  0.19971  62.5828  24.038  1.61354  
0.0129956  7.76326  0.245556  72.9381  27.6585  1.62391  
0.0137103  8.85641  0.301926  85.0069  31.8782  1.63298  
0.0144643  10.1304  0.371237  99.0726  36.7961  1.64088  
0.0152598  11.6153  0.456458  115.466  42.5277  1.64775  
0.016099  13.3458  0.561243  134.571  49.2077  1.65371  
0.0169844  15.3626  0.690083  156.838  56.9931  1.65888  
0.0179185  17.7132  0.8485  182.79  66.0666  1.66336  
0.0189039  20.4528  1.04328  213.035  76.6415  1.66722  
0.0199435  23.6456  1.28278  248.286  88.9662  1.67056  
0.0210403  27.3667  1.57726  289.368  103.33  1.67345  
0.0221975  31.7036  1.93934  337.249  120.071  1.67593  
0.0234182  36.758  2.38453  393.052  139.582  1.67807  
0.0247061  42.6488  2.93193  458.089  162.321  1.67992  
0.0260648  49.5143  3.60499  533.888  188.823  1.6815  
0.0274983  57.5158  4.43255  622.228  219.71  1.68287  
0.0290106  66.8414  5.4501  725.186  255.707  1.68404  
0.030606  77.7099  6.70123  845.179  297.661  1.68505  
0.0322892  90.3769  8.23957  985.028  346.557  1.68592  
0.034065  105.14  10.1311  1148.02  403.544  1.68666  
0.0359384  122.345  12.4568  1337.97  469.96  1.6873  
0.0379149  142.398  15.3164  1559.36  547.365  1.68785  
0.04  165.769  18.8324  1817.39  637.579  1.68833  
