# PlotEOS table
# SpectralFit(CoefficientsFile=input/PPoly_GL200_coeff20.input;)
#[1] rho
#[2] eps
#[3] P
#[4] dP/drho
#[5] h
#[6] cs
1e-13  -2.05333e-11  2.10071e-25  4.20108e-12  1  2.04965e-06  
1.055e-13  -2.04178e-11  2.3381e-25  4.43209e-12  1  2.10525e-06  
1.11302e-13  -2.02959e-11  2.60232e-25  4.6758e-12  1  2.16236e-06  
1.17423e-13  -2.01673e-11  2.8964e-25  4.9329e-12  1  2.22101e-06  
1.2388e-13  -2.00316e-11  3.22371e-25  5.20415e-12  1  2.28126e-06  
1.30693e-13  -1.98885e-11  3.58801e-25  5.49031e-12  1  2.34314e-06  
1.37881e-13  -1.97375e-11  3.99348e-25  5.7922e-12  1  2.4067e-06  
1.45464e-13  -1.95783e-11  4.44476e-25  6.11069e-12  1  2.47198e-06  
1.53463e-13  -1.94102e-11  4.94705e-25  6.4467e-12  1  2.53904e-06  
1.61903e-13  -1.92329e-11  5.5061e-25  6.80118e-12  1  2.60791e-06  
1.70807e-13  -1.90459e-11  6.12832e-25  7.17516e-12  1  2.67865e-06  
1.80201e-13  -1.88486e-11  6.82086e-25  7.5697e-12  1  2.75131e-06  
1.90111e-13  -1.86404e-11  7.59166e-25  7.98593e-12  1  2.82594e-06  
2.00566e-13  -1.84208e-11  8.44957e-25  8.42505e-12  1  2.90259e-06  
2.11597e-13  -1.81891e-11  9.40442e-25  8.88832e-12  1  2.98133e-06  
2.23233e-13  -1.79447e-11  1.04672e-24  9.37706e-12  1  3.0622e-06  
2.3551e-13  -1.76868e-11  1.165e-24  9.89267e-12  1  3.14526e-06  
2.48462e-13  -1.74148e-11  1.29666e-24  1.04366e-11  1  3.23058e-06  
2.62127e-13  -1.71278e-11  1.44319e-24  1.10105e-11  1  3.31821e-06  
2.76542e-13  -1.6825e-11  1.60628e-24  1.16159e-11  1  3.40822e-06  
2.91751e-13  -1.65056e-11  1.7878e-24  1.22547e-11  1  3.50067e-06  
3.07796e-13  -1.61686e-11  1.98983e-24  1.29285e-11  1  3.59562e-06  
3.24723e-13  -1.5813e-11  2.21469e-24  1.36394e-11  1  3.69316e-06  
3.42582e-13  -1.54379e-11  2.46496e-24  1.43894e-11  1  3.79334e-06  
3.61422e-13  -1.50422e-11  2.74352e-24  1.51806e-11  1  3.89623e-06  
3.81299e-13  -1.46248e-11  3.05356e-24  1.60154e-11  1  4.00192e-06  
4.02269e-13  -1.41844e-11  3.39863e-24  1.6896e-11  1  4.11047e-06  
4.24392e-13  -1.37197e-11  3.78269e-24  1.7825e-11  1  4.22197e-06  
4.47731e-13  -1.32295e-11  4.21016e-24  1.88052e-11  1  4.3365e-06  
4.72354e-13  -1.27124e-11  4.68594e-24  1.98392e-11  1  4.45412e-06  
4.98332e-13  -1.21668e-11  5.21548e-24  2.09301e-11  1  4.57494e-06  
5.25738e-13  -1.15912e-11  5.80486e-24  2.2081e-11  1  4.69904e-06  
5.54651e-13  -1.0984e-11  6.46085e-24  2.32952e-11  1  4.82651e-06  
5.85154e-13  -1.03434e-11  7.19096e-24  2.45761e-11  1  4.95743e-06  
6.17335e-13  -9.66757e-12  8.00359e-24  2.59274e-11  1  5.0919e-06  
6.51286e-13  -8.95457e-12  8.90804e-24  2.73531e-11  1  5.23002e-06  
6.87104e-13  -8.20237e-12  9.91471e-24  2.88572e-11  1  5.37189e-06  
7.24891e-13  -7.4088e-12  1.10351e-23  3.04439e-11  1  5.5176e-06  
7.64757e-13  -6.5716e-12  1.22822e-23  3.2118e-11  1  5.66727e-06  
8.06815e-13  -5.68836e-12  1.36701e-23  3.3884e-11  1  5.821e-06  
8.51187e-13  -4.75656e-12  1.52149e-23  3.57472e-11  1  5.97889e-06  
8.97998e-13  -3.77352e-12  1.69343e-23  3.77128e-11  1  6.14108e-06  
9.47384e-13  -2.73642e-12  1.8848e-23  3.97865e-11  1  6.30766e-06  
9.99486e-13  -1.6423e-12  2.0978e-23  4.19742e-11  1  6.47875e-06  
1.05445e-12  -4.88021e-13  2.33486e-23  4.42823e-11  1  6.65449e-06  
1.11244e-12  7.29732e-13  2.59871e-23  4.67172e-11  1  6.835e-06  
1.17362e-12  2.01445e-12  2.89239e-23  4.9286e-11  1  7.0204e-06  
1.23817e-12  3.3698e-12  3.21924e-23  5.19961e-11  1  7.21083e-06  
1.30626e-12  4.79968e-12  3.58304e-23  5.48552e-11  1  7.40643e-06  
1.3781e-12  6.30819e-12  3.98794e-23  5.78715e-11  1  7.60733e-06  
1.45389e-12  7.89964e-12  4.43861e-23  6.10537e-11  1  7.81369e-06  
1.53385e-12  9.57861e-12  4.9402e-23  6.44108e-11  1  8.02564e-06  
1.6182e-12  1.13499e-11  5.49847e-23  6.79526e-11  1  8.24334e-06  
1.70719e-12  1.32186e-11  6.11983e-23  7.16891e-11  1  8.46694e-06  
1.80108e-12  1.519e-11  6.81141e-23  7.5631e-11  1  8.69661e-06  
1.90013e-12  1.72698e-11  7.58115e-23  7.97897e-11  1  8.93251e-06  
2.00463e-12  1.9464e-11  8.43786e-23  8.41771e-11  1  9.17481e-06  
2.11488e-12  2.17789e-11  9.3914e-23  8.88057e-11  1  9.42368e-06  
2.23119e-12  2.4221e-11  1.04527e-22  9.36889e-11  1  9.6793e-06  
2.35389e-12  2.67975e-11  1.16339e-22  9.88405e-11  1  9.94186e-06  
2.48335e-12  2.95156e-11  1.29486e-22  1.04275e-10  1  1.02115e-05  
2.61992e-12  3.23831e-11  1.44119e-22  1.10009e-10  1  1.04885e-05  
2.764e-12  3.54083e-11  1.60405e-22  1.16058e-10  1  1.0773e-05  
2.91601e-12  3.85999e-11  1.78532e-22  1.2244e-10  1  1.10653e-05  
3.07638e-12  4.1967e-11  1.98707e-22  1.29173e-10  1  1.13654e-05  
3.24557e-12  4.55192e-11  2.21162e-22  1.36275e-10  1  1.16737e-05  
3.42406e-12  4.92667e-11  2.46155e-22  1.43769e-10  1  1.19904e-05  
3.61236e-12  5.32204e-11  2.73972e-22  1.51674e-10  1  1.23156e-05  
3.81103e-12  5.73914e-11  3.04933e-22  1.60014e-10  1  1.26497e-05  
4.02062e-12  6.17917e-11  3.39392e-22  1.68813e-10  1  1.29928e-05  
4.24173e-12  6.6434e-11  3.77746e-22  1.78095e-10  1  1.33452e-05  
4.47501e-12  7.13316e-11  4.20433e-22  1.87888e-10  1  1.37072e-05  
4.72112e-12  7.64985e-11  4.67945e-22  1.98219e-10  1  1.4079e-05  
4.98076e-12  8.19495e-11  5.20826e-22  2.09119e-10  1  1.44609e-05  
5.25468e-12  8.77002e-11  5.79682e-22  2.20618e-10  1  1.48532e-05  
5.54366e-12  9.37671e-11  6.4519e-22  2.32749e-10  1  1.52561e-05  
5.84854e-12  1.00168e-10  7.181e-22  2.45547e-10  1  1.56699e-05  
6.17018e-12  1.0692e-10  7.9925e-22  2.59049e-10  1  1.6095e-05  
6.50951e-12  1.14044e-10  8.89571e-22  2.73293e-10  1  1.65316e-05  
6.86751e-12  1.21559e-10  9.90098e-22  2.8832e-10  1  1.698e-05  
7.24519e-12  1.29488e-10  1.10198e-21  3.04174e-10  1  1.74406e-05  
7.64364e-12  1.37853e-10  1.22652e-21  3.209e-10  1  1.79137e-05  
8.06401e-12  1.46678e-10  1.36512e-21  3.38545e-10  1  1.83996e-05  
8.50749e-12  1.55987e-10  1.51939e-21  3.5716e-10  1  1.88987e-05  
8.97537e-12  1.65809e-10  1.69109e-21  3.76799e-10  1  1.94113e-05  
9.46897e-12  1.76171e-10  1.88219e-21  3.97518e-10  1  1.99379e-05  
9.98972e-12  1.87103e-10  2.09489e-21  4.19377e-10  1  2.04787e-05  
1.05391e-11  1.98636e-10  2.33163e-21  4.42437e-10  1  2.10342e-05  
1.11187e-11  2.10803e-10  2.59512e-21  4.66765e-10  1  2.16047e-05  
1.17302e-11  2.23639e-10  2.88838e-21  4.92431e-10  1  2.21908e-05  
1.23753e-11  2.3718e-10  3.21479e-21  5.19508e-10  1  2.27927e-05  
1.30559e-11  2.51467e-10  3.57808e-21  5.48074e-10  1  2.3411e-05  
1.37739e-11  2.66539e-10  3.98242e-21  5.78211e-10  1  2.4046e-05  
1.45314e-11  2.82439e-10  4.43246e-21  6.10005e-10  1  2.46983e-05  
1.53306e-11  2.99214e-10  4.93336e-21  6.43547e-10  1  2.53682e-05  
1.61737e-11  3.16912e-10  5.49086e-21  6.78934e-10  1  2.60564e-05  
1.70632e-11  3.35582e-10  6.11136e-21  7.16266e-10  1  2.67631e-05  
1.80016e-11  3.55279e-10  6.80198e-21  7.55651e-10  1  2.74891e-05  
1.89916e-11  3.7606e-10  7.57065e-21  7.97202e-10  1  2.82348e-05  
2.0036e-11  3.97982e-10  8.42618e-21  8.41038e-10  1  2.90006e-05  
2.11379e-11  4.21111e-10  9.37839e-21  8.87284e-10  1  2.97873e-05  
2.23004e-11  4.45511e-10  1.04382e-20  9.36072e-10  1  3.05953e-05  
2.35268e-11  4.71253e-10  1.16178e-20  9.87544e-10  1  3.14252e-05  
2.48207e-11  4.9841e-10  1.29307e-20  1.04185e-09  1  3.22776e-05  
2.61857e-11  5.27061e-10  1.43919e-20  1.09913e-09  1  3.31532e-05  
2.76258e-11  5.57286e-10  1.60183e-20  1.15957e-09  1  3.40525e-05  
2.91451e-11  5.89174e-10  1.78285e-20  1.22333e-09  1  3.49762e-05  
3.0748e-11  6.22816e-10  1.98432e-20  1.2906e-09  1  3.59249e-05  
3.2439e-11  6.58307e-10  2.20856e-20  1.36157e-09  1  3.68994e-05  
3.4223e-11  6.9575e-10  2.45814e-20  1.43643e-09  1  3.79003e-05  
3.61051e-11  7.35251e-10  2.73593e-20  1.51542e-09  1  3.89284e-05  
3.80907e-11  7.76925e-10  3.0451e-20  1.59875e-09  1  3.99843e-05  
4.01855e-11  8.2089e-10  3.38922e-20  1.68666e-09  1  4.10689e-05  
4.23955e-11  8.67273e-10  3.77222e-20  1.7794e-09  1  4.21829e-05  
4.47271e-11  9.16206e-10  4.19851e-20  1.87724e-09  1  4.33272e-05  
4.71869e-11  9.6783e-10  4.67297e-20  1.98047e-09  1  4.45024e-05  
4.9782e-11  1.02229e-09  5.20104e-20  2.08937e-09  1  4.57096e-05  
5.25198e-11  1.07975e-09  5.78879e-20  2.20425e-09  1  4.69495e-05  
5.54081e-11  1.14037e-09  6.44296e-20  2.32546e-09  1  4.8223e-05  
5.84553e-11  1.20432e-09  7.17106e-20  2.45333e-09  1  4.95311e-05  
6.16701e-11  1.27178e-09  7.98143e-20  2.58823e-09  1  5.08746e-05  
6.50617e-11  1.34296e-09  8.88339e-20  2.73055e-09  1  5.22546e-05  
6.86398e-11  1.41805e-09  9.88726e-20  2.88069e-09  1  5.36721e-05  
7.24146e-11  1.49727e-09  1.10046e-19  3.03909e-09  1  5.51279e-05  
7.63971e-11  1.58084e-09  1.22482e-19  3.2062e-09  1  5.66233e-05  
8.05986e-11  1.66901e-09  1.36323e-19  3.3825e-09  1  5.81593e-05  
8.50312e-11  1.76203e-09  1.51728e-19  3.56849e-09  1  5.97369e-05  
8.97075e-11  1.86016e-09  1.68875e-19  3.76471e-09  1  6.13572e-05  
9.4641e-11  1.96369e-09  1.87958e-19  3.97172e-09  1  6.30216e-05  
9.98459e-11  2.07291e-09  2.09199e-19  4.19011e-09  1  6.47311e-05  
1.05337e-10  2.19949e-09  2.35101e-19  3.73843e-09  1  6.11427e-05  
1.1113e-10  2.32133e-09  2.5817e-19  4.21549e-09  1  6.49268e-05  
1.17242e-10  2.44857e-09  2.85312e-19  4.65696e-09  1  6.82419e-05  
1.23689e-10  2.58219e-09  3.16692e-19  5.06848e-09  1  7.11932e-05  
1.30492e-10  2.72298e-09  3.52512e-19  5.45626e-09  1  7.38665e-05  
1.37668e-10  2.87165e-09  3.93017e-19  5.82659e-09  1  7.63321e-05  
1.45239e-10  3.02884e-09  4.38508e-19  6.18554e-09  1  7.86482e-05  
1.53227e-10  3.19511e-09  4.8934e-19  6.5389e-09  1  8.08635e-05  
1.61654e-10  3.37096e-09  5.45942e-19  6.89215e-09  1  8.3019e-05  
1.70544e-10  3.55688e-09  6.08816e-19  7.25042e-09  1  8.51494e-05  
1.79923e-10  3.75335e-09  6.78552e-19  7.61855e-09  1  8.72843e-05  
1.89818e-10  3.96085e-09  7.55832e-19  8.00104e-09  1  8.94486e-05  
2.00257e-10  4.17987e-09  8.41451e-19  8.40213e-09  1  9.16632e-05  
2.1127e-10  4.41093e-09  9.36317e-19  8.82574e-09  1  9.39454e-05  
2.22889e-10  4.65459e-09  1.04147e-18  9.27548e-09  1  9.63093e-05  
2.35147e-10  4.91145e-09  1.1581e-18  9.75467e-09  1  9.87658e-05  
2.48079e-10  5.18215e-09  1.28755e-18  1.02664e-08  1  0.000101323  
2.61723e-10  5.46741e-09  1.43134e-18  1.08133e-08  1  0.000103987  
2.76116e-10  5.76799e-09  1.59118e-18  1.13979e-08  1  0.000106761  
2.91301e-10  6.08473e-09  1.76899e-18  1.20226e-08  1  0.000109647  
3.07322e-10  6.41853e-09  1.96693e-18  1.26892e-08  1  0.000112646  
3.24223e-10  6.77036e-09  2.18738e-18  1.33996e-08  1  0.000115757  
3.42054e-10  7.14126e-09  2.43304e-18  1.41556e-08  1  0.000118977  
3.60865e-10  7.53236e-09  2.70687e-18  1.49587e-08  1  0.000122306  
3.80711e-10  7.94483e-09  3.01219e-18  1.58104e-08  1  0.000125739  
4.01649e-10  8.37995e-09  3.35265e-18  1.67121e-08  1  0.000129275  
4.23738e-10  8.83906e-09  3.73233e-18  1.76655e-08  1  0.000132911  
4.47041e-10  9.32355e-09  4.15573e-18  1.86718e-08  1  0.000136645  
4.71626e-10  9.83492e-09  4.62783e-18  1.97329e-08  1  0.000140474  
4.97564e-10  1.03747e-08  5.15414e-18  2.08504e-08  1  0.000144397  
5.24928e-10  1.09446e-08  5.74078e-18  2.20261e-08  1  0.000148412  
5.53796e-10  1.15463e-08  6.3945e-18  2.32622e-08  1  0.00015252  
5.84253e-10  1.21816e-08  7.12278e-18  2.4561e-08  1  0.000156719  
6.16384e-10  1.28523e-08  7.93388e-18  2.59251e-08  1  0.000161013  
6.50282e-10  1.35604e-08  8.83699e-18  2.73573e-08  1  0.0001654  
6.86045e-10  1.43081e-08  9.84227e-18  2.8861e-08  1  0.000169885  
7.23774e-10  1.50973e-08  1.0961e-17  3.04397e-08  1  0.00017447  
7.63579e-10  1.59304e-08  1.22056e-17  3.20976e-08  1  0.000179158  
8.05572e-10  1.68096e-08  1.35901e-17  3.3839e-08  1  0.000183954  
8.49875e-10  1.77375e-08  1.51298e-17  3.56688e-08  1  0.000188862  
8.96614e-10  1.87167e-08  1.6842e-17  3.75926e-08  1  0.000193888  
9.45924e-10  1.97497e-08  1.87456e-17  3.96162e-08  1  0.000199038  
9.97946e-10  2.08395e-08  2.08619e-17  4.17461e-08  1  0.000204319  
1.05283e-09  2.19891e-08  2.32146e-17  4.39891e-08  1  0.000209736  
1.11073e-09  2.32015e-08  2.583e-17  4.63528e-08  1  0.000215297  
1.17181e-09  2.44802e-08  2.87376e-17  4.88453e-08  1  0.00022101  
1.23626e-09  2.58286e-08  3.19702e-17  5.14752e-08  1  0.000226881  
1.30425e-09  2.72504e-08  3.55643e-17  5.42515e-08  1  0.000232919  
1.37598e-09  2.87496e-08  3.95607e-17  5.71839e-08  1  0.000239132  
1.45165e-09  3.03303e-08  4.40052e-17  6.02827e-08  1  0.000245525  
1.53148e-09  3.19969e-08  4.89485e-17  6.35586e-08  1  0.000252108  
1.61571e-09  3.37541e-08  5.44476e-17  6.70229e-08  1  0.000258888  
1.70456e-09  3.56069e-08  6.05657e-17  7.06873e-08  1  0.000265871  
1.79831e-09  3.75604e-08  6.73738e-17  7.45642e-08  1  0.000273064  
1.89721e-09  3.96203e-08  7.49509e-17  7.86663e-08  1  0.000280475  
2.00154e-09  4.17925e-08  8.33851e-17  8.3007e-08  1  0.000288109  
2.11162e-09  4.40832e-08  9.27748e-17  8.75999e-08  1  0.000295973  
2.22775e-09  4.6499e-08  1.0323e-16  9.24595e-08  1  0.000304071  
2.35026e-09  4.90472e-08  1.14872e-16  9.76004e-08  1  0.000312411  
2.47952e-09  5.17349e-08  1.27839e-16  1.03038e-07  1  0.000320995  
2.61588e-09  5.45703e-08  1.42281e-16  1.08788e-07  1  0.00032983  
2.75974e-09  5.75617e-08  1.58369e-16  1.14867e-07  1  0.00033892  
2.91152e-09  6.07178e-08  1.7629e-16  1.21291e-07  1  0.000348269  
3.07164e-09  6.40481e-08  1.96255e-16  1.28079e-07  1  0.000357882  
3.24056e-09  6.75623e-08  2.18496e-16  1.35248e-07  1  0.000367761  
3.41878e-09  7.12711e-08  2.43274e-16  1.42818e-07  1  0.000377912  
3.6068e-09  7.51852e-08  2.70877e-16  1.50807e-07  1  0.000388339  
3.80516e-09  7.93164e-08  3.01627e-16  1.59236e-07  1  0.000399044  
4.01442e-09  8.36769e-08  3.3588e-16  1.68127e-07  1  0.000410033  
4.2352e-09  8.82794e-08  3.74033e-16  1.77501e-07  1  0.000421309  
4.46811e-09  9.31377e-08  4.16527e-16  1.87382e-07  1  0.000432876  
4.71384e-09  9.82659e-08  4.63851e-16  1.97794e-07  1  0.00044474  
4.97308e-09  1.03679e-07  5.16549e-16  2.08763e-07  1  0.000456906  
5.24658e-09  1.09393e-07  5.75226e-16  2.20316e-07  1  0.000469378  
5.53512e-09  1.15424e-07  6.40551e-16  2.32482e-07  1  0.000482163  
5.83952e-09  1.2179e-07  7.1327e-16  2.4529e-07  1  0.000495268  
6.16067e-09  1.28509e-07  7.94211e-16  2.58775e-07  1  0.000508699  
6.49948e-09  1.356e-07  8.84292e-16  2.72969e-07  1  0.000522464  
6.85692e-09  1.43084e-07  9.84533e-16  2.87909e-07  1  0.000536571  
7.23402e-09  1.50981e-07  1.09607e-15  3.03635e-07  1  0.00055103  
7.63186e-09  1.59314e-07  1.22016e-15  3.20188e-07  1  0.000565851  
8.05158e-09  1.68108e-07  1.35821e-15  3.37613e-07  1  0.000581044  
8.49438e-09  1.77385e-07  1.51177e-15  3.55958e-07  1  0.000596622  
8.96153e-09  1.87172e-07  1.68257e-15  3.75274e-07  1  0.000612596  
9.45438e-09  1.97498e-07  1.87253e-15  3.95615e-07  1  0.00062898  
9.97433e-09  2.08389e-07  2.0838e-15  4.17042e-07  1  0.000645788  
1.05229e-08  2.19877e-07  2.31876e-15  4.39616e-07  1  0.000663035  
1.11016e-08  2.31994e-07  2.58006e-15  4.63405e-07  1  0.000680738  
1.17121e-08  2.44773e-07  2.87064e-15  4.88481e-07  1  0.000698914  
1.23562e-08  2.5825e-07  3.19379e-15  5.1492e-07  1  0.000717579  
1.30358e-08  2.72462e-07  3.55317e-15  5.42804e-07  1  0.000736752  
1.37527e-08  2.87448e-07  3.95286e-15  5.72221e-07  1  0.000756453  
1.4509e-08  3.03252e-07  4.39739e-15  6.03263e-07  1  0.0007767  
1.53069e-08  3.19915e-07  4.89182e-15  6.3603e-07  1  0.000797515  
1.61488e-08  3.37486e-07  5.4418e-15  6.70626e-07  1  0.000818917  
1.70369e-08  3.56014e-07  6.05361e-15  7.07161e-07  1  0.000840929  
1.79738e-08  3.7555e-07  6.73426e-15  7.45754e-07  1  0.00086357  
1.89623e-08  3.9615e-07  7.49157e-15  7.86529e-07  1  0.000886864  
2.00051e-08  4.17872e-07  8.33426e-15  8.29617e-07  1  0.000910833  
2.11053e-08  4.40778e-07  9.27204e-15  8.75156e-07  1  0.000935497  
2.2266e-08  4.64934e-07  1.03158e-14  9.23291e-07  1  0.00096088  
2.34906e-08  4.90408e-07  1.14775e-14  9.74175e-07  1  0.000987003  
2.47824e-08  5.17275e-07  1.27708e-14  1.02797e-06  1  0.00101389  
2.61454e-08  5.45611e-07  1.42105e-14  1.08484e-06  1  0.00104156  
2.75832e-08  5.75499e-07  1.58136e-14  1.14497e-06  1  0.00107003  
2.91002e-08  6.07027e-07  1.75987e-14  1.20853e-06  1  0.00109933  
3.07006e-08  6.40285e-07  1.95865e-14  1.27573e-06  1  0.00112948  
3.2389e-08  6.75371e-07  2.18004e-14  1.34676e-06  1  0.0011605  
3.41702e-08  7.12389e-07  2.42662e-14  1.42183e-06  1  0.0011924  
3.60494e-08  7.51447e-07  2.70126e-14  1.50117e-06  1  0.00122522  
3.8032e-08  7.92661e-07  3.00718e-14  1.58499e-06  1  0.00125896  
4.01236e-08  8.36151e-07  3.34796e-14  1.67354e-06  1  0.00129365  
4.23302e-08  8.82048e-07  3.72756e-14  1.76707e-06  1  0.00132931  
4.46582e-08  9.30485e-07  4.15043e-14  1.86584e-06  1  0.00136596  
4.71142e-08  9.81608e-07  4.62148e-14  1.9701e-06  1  0.0014036  
4.97052e-08  1.03557e-06  5.1462e-14  2.08016e-06  1  0.00144227  
5.24388e-08  1.09252e-06  5.7307e-14  2.19629e-06  1  0.00148199  
5.53227e-08  1.15264e-06  6.38175e-14  2.3188e-06  1  0.00152276  
5.83652e-08  1.21609e-06  7.10691e-14  2.44801e-06  1  0.00156461  
6.1575e-08  1.28308e-06  7.91455e-14  2.58426e-06  1  0.00160756  
6.49614e-08  1.35379e-06  8.81399e-14  2.72789e-06  1  0.00165163  
6.8534e-08  1.42843e-06  9.8156e-14  2.87926e-06  1  0.00169684  
7.2303e-08  1.50722e-06  1.09309e-13  3.03877e-06  1  0.0017432  
7.62794e-08  1.59038e-06  1.21726e-13  3.2068e-06  1  0.00179075  
8.04744e-08  1.67816e-06  1.3555e-13  3.38379e-06  1  0.00183951  
8.49001e-08  1.77082e-06  1.50938e-13  3.57018e-06  1  0.00188949  
8.95693e-08  1.86861e-06  1.68066e-13  3.76644e-06  1  0.00194073  
9.44952e-08  1.97183e-06  1.87129e-13  3.97307e-06  1  0.00199325  
9.9692e-08  2.08075e-06  2.08341e-13  4.1906e-06  1  0.00204709  
1.05175e-07  2.1957e-06  2.31945e-13  4.41957e-06  1  0.00210227  
1.10959e-07  2.31699e-06  2.58205e-13  4.6606e-06  1  0.00215884  
1.17061e-07  2.44498e-06  2.8742e-13  4.91431e-06  1  0.00221682  
1.23499e-07  2.58001e-06  3.19917e-13  5.18137e-06  1.00001  0.00227626  
1.30291e-07  2.72247e-06  3.56064e-13  5.46251e-06  1.00001  0.00233719  
1.37456e-07  2.87276e-06  3.96266e-13  5.75848e-06  1.00001  0.00239968  
1.45016e-07  3.03129e-06  4.40975e-13  6.07012e-06  1.00001  0.00246375  
1.52991e-07  3.19851e-06  4.90694e-13  6.39829e-06  1.00001  0.00252948  
1.61405e-07  3.37487e-06  5.45983e-13  6.74394e-06  1.00001  0.0025969  
1.70281e-07  3.56087e-06  6.07462e-13  7.10807e-06  1.00001  0.00266609  
1.79646e-07  3.75702e-06  6.75824e-13  7.49175e-06  1.00001  0.0027371  
1.89526e-07  3.96386e-06  7.51838e-13  7.89612e-06  1.00001  0.00280999  
1.99949e-07  4.18197e-06  8.36362e-13  8.32242e-06  1.00001  0.00288485  
2.10945e-07  4.41194e-06  9.30349e-13  8.77196e-06  1.00001  0.00296174  
2.22546e-07  4.65442e-06  1.03486e-12  9.24614e-06  1.00001  0.00304073  
2.34785e-07  4.91008e-06  1.15109e-12  9.74645e-06  1.00001  0.00312191  
2.47697e-07  5.17962e-06  1.28034e-12  1.02745e-05  1.00001  0.00320537  
2.61319e-07  5.46379e-06  1.4241e-12  1.08319e-05  1.00001  0.00329117  
2.75691e-07  5.7634e-06  1.584e-12  1.14206e-05  1.00001  0.00337942  
2.90852e-07  6.07928e-06  1.76187e-12  1.20425e-05  1.00001  0.00347021  
3.06848e-07  6.41231e-06  1.95975e-12  1.26995e-05  1.00001  0.00356361  
3.23723e-07  6.76345e-06  2.17992e-12  1.33939e-05  1.00001  0.00365974  
3.41527e-07  7.13367e-06  2.4249e-12  1.41278e-05  1.00001  0.00375867  
3.60309e-07  7.52405e-06  2.69754e-12  1.49039e-05  1.00002  0.00386052  
3.80124e-07  7.93568e-06  3.001e-12  1.57245e-05  1.00002  0.00396538  
4.0103e-07  8.36977e-06  3.33879e-12  1.65923e-05  1.00002  0.00407334  
4.23084e-07  8.82755e-06  3.71485e-12  1.75103e-05  1.00002  0.00418449  
4.46352e-07  9.31037e-06  4.13356e-12  1.84813e-05  1.00002  0.00429895  
4.709e-07  9.81962e-06  4.59983e-12  1.95085e-05  1.00002  0.0044168  
4.96797e-07  1.03568e-05  5.11911e-12  2.05951e-05  1.00002  0.00453814  
5.24119e-07  1.09235e-05  5.6975e-12  2.17445e-05  1.00002  0.00466305  
5.52943e-07  1.15213e-05  6.34178e-12  2.29604e-05  1.00002  0.00479164  
5.83352e-07  1.21521e-05  7.05954e-12  2.42463e-05  1.00002  0.00492399  
6.15434e-07  1.28177e-05  7.85921e-12  2.56062e-05  1.00003  0.00506019  
6.4928e-07  1.35201e-05  8.7502e-12  2.7044e-05  1.00003  0.00520032  
6.84987e-07  1.42614e-05  9.74301e-12  2.85641e-05  1.00003  0.00534446  
7.22659e-07  1.50439e-05  1.08493e-11  3.01707e-05  1.00003  0.0054927  
7.62402e-07  1.58697e-05  1.20821e-11  3.18682e-05  1.00003  0.00564511  
8.0433e-07  1.67415e-05  1.34559e-11  3.36615e-05  1.00003  0.00580176  
8.48565e-07  1.76619e-05  1.49868e-11  3.55553e-05  1.00004  0.00596272  
8.95232e-07  1.86335e-05  1.66927e-11  3.75546e-05  1.00004  0.00612806  
9.44466e-07  1.96594e-05  1.85936e-11  3.96645e-05  1.00004  0.00629785  
9.96408e-07  2.07425e-05  2.07116e-11  4.18906e-05  1.00004  0.00647216  
1.05121e-06  2.18861e-05  2.30715e-11  4.42382e-05  1.00004  0.00665104  
1.10902e-06  2.30937e-05  2.57005e-11  4.67132e-05  1.00005  0.00683455  
1.17001e-06  2.43687e-05  2.86291e-11  4.93216e-05  1.00005  0.00702276  
1.23435e-06  2.5715e-05  3.18912e-11  5.20694e-05  1.00005  0.00721573  
1.30224e-06  2.71364e-05  3.55241e-11  5.49633e-05  1.00005  0.00741352  
1.37385e-06  2.86373e-05  3.95696e-11  5.80099e-05  1.00006  0.0076162  
1.44941e-06  3.02218e-05  4.40737e-11  6.12161e-05  1.00006  0.00782384  
1.52912e-06  3.18947e-05  4.90878e-11  6.45895e-05  1.00006  0.0080365  
1.61322e-06  3.36607e-05  5.46688e-11  6.81377e-05  1.00007  0.00825428  
1.70194e-06  3.55249e-05  6.08795e-11  7.18688e-05  1.00007  0.00847724  
1.79553e-06  3.74926e-05  6.779e-11  7.57914e-05  1.00008  0.0087055  
1.89428e-06  3.95693e-05  7.54779e-11  7.99147e-05  1.00008  0.00893915  
1.99846e-06  4.17609e-05  8.4029e-11  8.42484e-05  1.00008  0.00917831  
2.10836e-06  4.40735e-05  9.35389e-11  8.88028e-05  1.00009  0.00942311  
2.22432e-06  4.65135e-05  1.04113e-10  9.35891e-05  1.00009  0.00967369  
2.34664e-06  4.90876e-05  1.1587e-10  9.86191e-05  1.0001  0.00993023  
2.4757e-06  5.18028e-05  1.28938e-10  0.000103906  1.0001  0.0101929  
2.61185e-06  5.46666e-05  1.43464e-10  0.000109463  1.00011  0.0104619  
2.75549e-06  5.76868e-05  1.59607e-10  0.000115305  1.00012  0.0107374  
2.90703e-06  6.08714e-05  1.77546e-10  0.00012145  1.00012  0.0110197  
3.0669e-06  6.42292e-05  1.9748e-10  0.000127913  1.00013  0.0113091  
3.23557e-06  6.7769e-05  2.19628e-10  0.000134715  1.00014  0.0116059  
3.41351e-06  7.15005e-05  2.44237e-10  0.000141876  1.00014  0.0119103  
3.60124e-06  7.54335e-05  2.71579e-10  0.000149418  1.00015  0.0122228  
3.79929e-06  7.95787e-05  3.01959e-10  0.000157367  1.00016  0.0125436  
4.00823e-06  8.39473e-05  3.35715e-10  0.000165747  1.00017  0.0128732  
4.22867e-06  8.85508e-05  3.73226e-10  0.000174589  1.00018  0.013212  
4.46123e-06  9.34019e-05  4.14913e-10  0.000183922  1.00019  0.0135605  
4.70658e-06  9.85136e-05  4.61247e-10  0.00019378  1.0002  0.0139191  
4.96542e-06  0.0001039  5.12753e-10  0.000204199  1.00021  0.0142884  
5.23849e-06  0.000109576  5.70019e-10  0.000215218  1.00022  0.0146687  
5.52659e-06  0.000115556  6.337e-10  0.000226878  1.00023  0.0150607  
5.83052e-06  0.000121859  7.04532e-10  0.000239222  1.00024  0.0154649  
6.15118e-06  0.000128501  7.83334e-10  0.000252299  1.00026  0.0158819  
6.48946e-06  0.000135501  8.71026e-10  0.000266158  1.00027  0.0163122  
6.84635e-06  0.000142879  9.68636e-10  0.000280853  1.00028  0.0167563  
7.22287e-06  0.000150657  1.07731e-09  0.00029644  1.0003  0.0172149  
7.6201e-06  0.000158857  1.19835e-09  0.000312978  1.00032  0.0176884  
8.03917e-06  0.000167504  1.33318e-09  0.000330529  1.00033  0.0181774  
8.48129e-06  0.000176622  1.48343e-09  0.000349159  1.00035  0.0186825  
8.94772e-06  0.000186241  1.6509e-09  0.000368935  1.00037  0.0192041  
9.43981e-06  0.000196388  1.8376e-09  0.000389929  1.00039  0.0197428  
9.95895e-06  0.000207095  2.04581e-09  0.000412213  1.00041  0.0202988  
1.05067e-05  0.000218395  2.27805e-09  0.000435862  1.00044  0.0208728  
1.10845e-05  0.000230323  2.53714e-09  0.000460955  1.00046  0.0214649  
1.16941e-05  0.000242916  2.82624e-09  0.000487568  1.00048  0.0220756  
1.23372e-05  0.000256214  3.14888e-09  0.000515783  1.00051  0.022705  
1.30157e-05  0.000270259  3.50896e-09  0.000545679  1.00054  0.0233535  
1.37315e-05  0.000285095  3.91089e-09  0.000577338  1.00057  0.024021  
1.44867e-05  0.000300771  4.35952e-09  0.000610841  1.0006  0.0247078  
1.52834e-05  0.000317334  4.86029e-09  0.000646266  1.00064  0.0254137  
1.61239e-05  0.000334839  5.41921e-09  0.000683693  1.00067  0.0261388  
1.70106e-05  0.00035334  6.04298e-09  0.000723197  1.00071  0.0268828  
1.79461e-05  0.000372897  6.73903e-09  0.000764852  1.00075  0.0276456  
1.89331e-05  0.000393569  7.51556e-09  0.000808729  1.00079  0.0284269  
1.99743e-05  0.000415422  8.38169e-09  0.000854895  1.00084  0.0292264  
2.10728e-05  0.000438522  9.34746e-09  0.000903411  1.00088  0.0300436  
2.22317e-05  0.000462941  1.0424e-08  0.000954337  1.00093  0.030878  
2.34544e-05  0.000488751  1.16235e-08  0.00100773  1.00098  0.0317291  
2.47442e-05  0.00051603  1.29594e-08  0.00106363  1.00104  0.0325964  
2.61051e-05  0.000544856  1.44467e-08  0.00112209  1.0011  0.0334792  
2.75407e-05  0.000575313  1.61015e-08  0.00118315  1.00116  0.0343771  
2.90554e-05  0.000607485  1.79419e-08  0.00124686  1.00122  0.0352893  
3.06533e-05  0.000641461  1.99874e-08  0.00131325  1.00129  0.0362154  
3.23391e-05  0.000677333  2.22597e-08  0.00138237  1.00137  0.0371548  
3.41176e-05  0.000715194  2.47823e-08  0.00145426  1.00144  0.0381073  
3.59939e-05  0.000755141  2.75812e-08  0.00152899  1.00152  0.0390726  
3.79734e-05  0.000797275  3.06849e-08  0.00160663  1.00161  0.0400506  
4.00617e-05  0.000841698  3.41246e-08  0.00168727  1.00169  0.0410416  
4.2265e-05  0.000888515  3.79345e-08  0.00177102  1.00179  0.042046  
4.45893e-05  0.000937837  4.21524e-08  0.00185805  1.00188  0.0430646  
4.70416e-05  0.000989775  4.682e-08  0.00194854  1.00199  0.0440985  
4.96286e-05  0.00104445  5.19831e-08  0.00204275  1.00209  0.0451496  
5.2358e-05  0.00110197  5.76928e-08  0.00214097  1.0022  0.0462198  
5.52374e-05  0.00116247  6.40056e-08  0.00224361  1.00232  0.0473119  
5.82753e-05  0.00122608  7.09847e-08  0.00235113  1.00244  0.0484293  
6.14801e-05  0.00129294  7.87009e-08  0.0024641  1.00257  0.049576  
6.48613e-05  0.0013632  8.72337e-08  0.00258323  1.00271  0.0507568  
6.84283e-05  0.001437  9.6673e-08  0.00270934  1.00285  0.0519773  
7.21916e-05  0.00151452  1.07121e-07  0.00284341  1.003  0.0532439  
7.61618e-05  0.00159594  1.18693e-07  0.00298659  1.00315  0.0545637  
8.03504e-05  0.00168146  1.31523e-07  0.00314021  1.00332  0.0559448  
8.47693e-05  0.00177128  1.45764e-07  0.00330583  1.00349  0.0573962  
8.94312e-05  0.00186566  1.61592e-07  0.00348522  1.00367  0.0589276  
9.43495e-05  0.00196485  1.79211e-07  0.00368042  1.00386  0.0605496  
9.95383e-05  0.00206914  1.98858e-07  0.00389376  1.00407  0.0622735  
0.000105013  0.00217887  2.20809e-07  0.00412785  1.00428  0.0641113  
0.000110788  0.00229441  2.45387e-07  0.00438568  1.00451  0.0660757  
0.000116881  0.00241618  2.7297e-07  0.0046706  1.00475  0.06818  
0.000123308  0.00254465  3.03998e-07  0.00498638  1.00501  0.070438  
0.00013009  0.00268034  3.38992e-07  0.00533725  1.00529  0.0728641  
0.000137244  0.00282387  3.78562e-07  0.00572797  1.00558  0.075473  
0.000144792  0.00297592  4.23425e-07  0.00616389  1.0059  0.0782799  
0.000152755  0.00313727  4.74428e-07  0.006651  1.00624  0.0813003  
0.000161156  0.00330878  5.32569e-07  0.00719602  1.00661  0.0845502  
0.000170019  0.00349146  5.99024e-07  0.00780652  1.00701  0.0880462  
0.000179369  0.00368643  6.75184e-07  0.00849099  1.00745  0.0918052  
0.000189233  0.00389496  7.62693e-07  0.00925901  1.00793  0.0958447  
0.00019964  0.00411849  8.63491e-07  0.0101214  1.00844  0.100183  
0.00021062  0.00435865  9.7988e-07  0.0110902  1.00901  0.104839  
0.000222203  0.00461729  1.11458e-06  0.0121793  1.00963  0.109832  
0.000234423  0.00489647  1.27082e-06  0.0134041  1.01032  0.115183  
0.000247315  0.00519857  1.45241e-06  0.0147822  1.01107  0.120914  
0.000260917  0.00552622  1.6639e-06  0.0163333  1.0119  0.127048  
0.000275266  0.00588245  1.91067e-06  0.01808  1.01282  0.133608  
0.000290404  0.00627064  2.1991e-06  0.0200475  1.01384  0.140619  
0.000306375  0.00669462  2.53679e-06  0.0222644  1.01497  0.148108  
0.000323224  0.00715874  2.93274e-06  0.024763  1.01623  0.156101  
0.000341  0.00766787  3.39768e-06  0.0275796  1.01763  0.164626  
0.000359754  0.00822756  3.94434e-06  0.0307551  1.01919  0.173712  
0.000379539  0.00884403  4.58785e-06  0.0343353  1.02093  0.183389  
0.000400412  0.00952435  5.34619e-06  0.0383717  1.02288  0.193684  
0.000422432  0.0102765  6.24072e-06  0.0429216  1.02505  0.204628  
0.000445664  0.0111093  7.29677e-06  0.0480488  1.02748  0.216249  
0.000470174  0.0120331  8.54443e-06  0.0538242  1.03021  0.228574  
0.000496031  0.0130592  1.00193e-05  0.060326  1.03326  0.241628  
0.000523311  0.0142004  1.17637e-05  0.0676403  1.03668  0.255435  
0.000552091  0.0154712  1.38274e-05  0.0758614  1.04052  0.270014  
0.000582453  0.0168879  1.62695e-05  0.0850922  1.04482  0.28538  
0.000614485  0.0184685  1.91593e-05  0.0954441  1.04965  0.301545  
0.000648279  0.0202335  2.25787e-05  0.107037  1.05506  0.318514  
0.000683932  0.0222057  2.66237e-05  0.120001  1.06113  0.336286  
0.000721545  0.0244105  3.1407e-05  0.134474  1.06794  0.354851  
0.000761227  0.0268763  3.70603e-05  0.150602  1.07556  0.374194  
0.000803091  0.0296344  4.37373e-05  0.16854  1.0841  0.394292  
0.000847257  0.0327199  5.16173e-05  0.188454  1.09364  0.415111  
0.000893853  0.0361711  6.09082e-05  0.210516  1.10431  0.436613  
0.00094301  0.0400308  7.18517e-05  0.234911  1.11622  0.45875  
0.000994872  0.0443458  8.47275e-05  0.261834  1.12951  0.481469  
0.00104959  0.0491676  9.98591e-05  0.291497  1.14431  0.504714  
0.00110731  0.0545526  0.00011762  0.324127  1.16077  0.528425  
0.0011682  0.0605626  0.000138443  0.359977  1.17907  0.552545  
0.00123245  0.0672653  0.000162826  0.399333  1.19938  0.577018  
0.00130023  0.0747344  0.000191346  0.442519  1.2219  0.601795  
0.00137174  0.0830506  0.000224673  0.489917  1.24684  0.626839  
0.00144718  0.0923023  0.000263582  0.541974  1.27444  0.652124  
0.00152676  0.102586  0.000308979  0.599229  1.30496  0.677637  
0.00161073  0.114008  0.000361923  0.662325  1.3387  0.703386  
0.00169931  0.126686  0.000423657  0.732043  1.376  0.72939  
0.00179277  0.140748  0.00049565  0.809319  1.41722  0.755686  
0.00189136  0.156339  0.000579643  0.895275  1.46281  0.78232  
0.00199538  0.173619  0.000677709  0.99125  1.51326  0.809347  
0.00210511  0.192769  0.000792327  1.09882  1.56915  0.836819  
0.00222089  0.213992  0.000926467  1.21984  1.63115  0.864777  
0.00234303  0.237518  0.0010837  1.35643  1.70004  0.893243  
0.00247188  0.263609  0.00126833  1.51104  1.77671  0.92221  
0.00260782  0.292563  0.00148552  1.6864  1.8622  0.951627  
0.00275124  0.324723  0.00174148  1.88554  1.9577  0.981395  
0.00290255  0.360477  0.00204368  2.11174  2.06458  1.01136  
0.00306218  0.400271  0.00240101  2.36847  2.18436  1.04129  
0.00323058  0.444612  0.00282408  2.65931  2.31878  1.07091  
0.00340825  0.494075  0.00332541  2.98776  2.46977  1.09988  
0.00359569  0.549313  0.00391969  3.35708  2.63942  1.12779  
0.00379344  0.611054  0.004624  3.77001  2.83  1.15419  
0.00400206  0.680115  0.00545795  4.22846  3.0439  1.17863  
0.00422215  0.757392  0.00644381  4.73318  3.28358  1.20061  
0.00445435  0.843868  0.00760644  5.28346  3.55151  1.2197  
0.00469932  0.940599  0.00897322  5.87686  3.85007  1.23549  
0.00495776  1.0487  0.0105737  6.50936  4.18146  1.24768  
0.00523042  1.16936  0.0124395  7.17589  4.54765  1.25616  
0.00551807  1.30376  0.0146039  7.87186  4.95033  1.26102  
0.00582154  1.45314  0.0171029  8.59598  5.39101  1.26274  
0.0061417  1.61875  0.0199765  9.35521  5.87135  1.26229  
0.00647946  1.80185  0.0232734  10.1725  6.39373  1.26135  
0.0068358  2.00383  0.0270604  11.0986  6.96246  1.26256  
0.00721174  2.22631  0.0314387  12.2291  7.58569  1.26969  
0.00760835  2.47143  0.0365731  13.7292  8.2784  1.2878  
0.00802678  2.74225  0.0427411  15.8703  9.06706  1.323  
0.00846822  3.04353  0.0504128  19.0857  9.99671  1.38174  
0.00893393  3.38282  0.0603844  24.0622  11.1418  1.46957  
0.00942526  3.77231  0.0740022  31.901  12.6238  1.58967  
0.0099436  4.23173  0.0935556  44.4205  14.6403  1.74187  
0.0104905  4.7902  0.120939  55.331  17.3186  1.78742  
0.0110674  5.47465  0.156371  67.8125  20.6037  1.81419  
0.011676  6.31349  0.202185  83.1096  24.6297  1.83694  
0.0123182  7.34156  0.261421  101.857  29.564  1.85616  
0.0129956  8.60154  0.338012  124.834  35.6113  1.87229  
0.0137103  10.1457  0.437043  152.994  43.0227  1.88577  
0.0144643  12.0383  0.565089  187.507  52.106  1.89699  
0.0152598  14.3578  0.730648  229.804  63.2384  1.90629  
0.016099  17.2004  0.944714  281.643  76.8819  1.91398  
0.0169844  20.6844  1.2215  345.176  93.6031  1.92033  
0.0179185  24.9542  1.57937  423.04  114.096  1.92555  
0.0189039  30.1872  2.0421  518.469  139.212  1.92985  
0.0199435  36.6007  2.64039  635.425  169.994  1.93337  
0.0210403  44.461  3.41397  778.763  207.719  1.93626  
0.0221975  54.0943  4.4142  954.436  253.955  1.93863  
0.0234182  65.9007  5.70747  1169.74  310.62  1.94057  
0.0247061  80.3704  7.37965  1433.6  380.068  1.94216  
0.0260648  98.1041  9.54174  1756.99  465.181  1.94345  
0.0274983  119.838  12.3373  2153.34  569.494  1.94451  
0.0290106  146.475  15.9519  2639.08  697.339  1.94538  
0.030606  179.121  20.6254  3234.4  854.022  1.94609  
0.0322892  219.13  26.6683  3964.02  1046.05  1.94667  
0.034065  268.165  34.4816  4858.22  1281.39  1.94714  
0.0359384  328.262  44.584  5954.13  1569.83  1.94752  
0.0379149  401.915  57.6462  7297.25  1923.33  1.94784  
0.04  492.182  74.5354  8943.36  2356.57  1.9481  
