# PlotEOS table
# SpectralFit(LogRhoMin=-10;LogRhoMax=-2;EpsShift=0;GammaTh=2;CoefficientsFile=input/PPoly_coeff10.input;)
#[1] rho
#[2] eps
#[3] P
#[4] dP/drho
#[5] h
#[6] cs
1e-13  6.36655e-06  1.97703e-19  2.71449e-06  1.00001  0.00164756  
1.19637e-13  6.73314e-06  2.52886e-19  2.90224e-06  1.00001  0.00170359  
1.43131e-13  7.12509e-06  3.23472e-19  3.10297e-06  1.00001  0.00176152  
1.71237e-13  7.54414e-06  4.13759e-19  3.31759e-06  1.00001  0.00182142  
2.04864e-13  7.99218e-06  5.29247e-19  3.54705e-06  1.00001  0.00188335  
2.45093e-13  8.47121e-06  6.7697e-19  3.79239e-06  1.00001  0.00194739  
2.93222e-13  8.98337e-06  8.65926e-19  4.05469e-06  1.00001  0.00201361  
3.50803e-13  9.53096e-06  1.10762e-18  4.33513e-06  1.00001  0.00208209  
4.19691e-13  1.01164e-05  1.41678e-18  4.63498e-06  1.00001  0.00215288  
5.02106e-13  1.07424e-05  1.81223e-18  4.95556e-06  1.00001  0.00222609  
6.00706e-13  1.14116e-05  2.31806e-18  5.29831e-06  1.00002  0.00230179  
7.18667e-13  1.21272e-05  2.96508e-18  5.66477e-06  1.00002  0.00238006  
8.59793e-13  1.28922e-05  3.79269e-18  6.05658e-06  1.00002  0.00246099  
1.02863e-12  1.37101e-05  4.8513e-18  6.47548e-06  1.00002  0.00254467  
1.23063e-12  1.45846e-05  6.2054e-18  6.92336e-06  1.00002  0.0026312  
1.47229e-12  1.55196e-05  7.93744e-18  7.40222e-06  1.00002  0.00272067  
1.7614e-12  1.65193e-05  1.01529e-17  7.9142e-06  1.00002  0.00281319  
2.10729e-12  1.75881e-05  1.29868e-17  8.46159e-06  1.00002  0.00290885  
2.52111e-12  1.87308e-05  1.66117e-17  9.04684e-06  1.00003  0.00300776  
3.01618e-12  1.99526e-05  2.12483e-17  9.67257e-06  1.00003  0.00311003  
3.60847e-12  2.12589e-05  2.71792e-17  1.03416e-05  1.00003  0.00321579  
4.31708e-12  2.26555e-05  3.47654e-17  1.10569e-05  1.00003  0.00332513  
5.16483e-12  2.41487e-05  4.44691e-17  1.18216e-05  1.00003  0.0034382  
6.17905e-12  2.57453e-05  5.68813e-17  1.26393e-05  1.00003  0.00355511  
7.39245e-12  2.74522e-05  7.2758e-17  1.35135e-05  1.00004  0.003676  
8.84411e-12  2.92772e-05  9.30662e-17  1.44481e-05  1.00004  0.00380099  
1.05808e-11  3.12284e-05  1.19043e-16  1.54474e-05  1.00004  0.00393024  
1.26586e-11  3.33146e-05  1.5227e-16  1.65159e-05  1.00005  0.00406388  
1.51444e-11  3.5545e-05  1.94771e-16  1.76582e-05  1.00005  0.00420206  
1.81184e-11  3.79298e-05  2.49136e-16  1.88795e-05  1.00005  0.00434495  
2.16763e-11  4.04794e-05  3.18675e-16  2.01853e-05  1.00006  0.00449269  
2.59329e-11  4.32055e-05  4.07623e-16  2.15815e-05  1.00006  0.00464545  
3.10254e-11  4.612e-05  5.21398e-16  2.30742e-05  1.00006  0.00480341  
3.71179e-11  4.92362e-05  6.66931e-16  2.46701e-05  1.00007  0.00496673  
4.44068e-11  5.25679e-05  8.53084e-16  2.63764e-05  1.00007  0.00513561  
5.31271e-11  5.613e-05  1.0912e-15  2.82008e-05  1.00008  0.00531024  
6.35598e-11  5.99385e-05  1.39577e-15  3.01513e-05  1.00008  0.00549079  
7.60411e-11  6.40105e-05  1.78536e-15  3.22367e-05  1.00009  0.00567749  
9.09734e-11  6.8364e-05  2.28369e-15  3.44664e-05  1.00009  0.00587053  
1.08838e-10  7.33473e-05  2.73537e-15  4.13397e-05  1.0001  0.00642928  
1.30211e-10  7.81053e-05  3.63254e-15  4.25982e-05  1.00011  0.00652638  
1.55781e-10  8.33368e-05  4.73982e-15  4.39939e-05  1.00011  0.00663241  
1.86371e-10  8.90054e-05  6.10984e-15  4.55629e-05  1.00012  0.00674962  
2.2297e-10  9.50858e-05  7.81039e-15  4.73568e-05  1.00013  0.00688118  
2.66754e-10  0.000101563  9.92959e-15  4.94335e-05  1.00014  0.00703041  
3.19138e-10  0.000108434  1.25826e-14  5.18493e-05  1.00015  0.00720011  
3.81807e-10  0.000115705  1.59204e-14  5.46551e-05  1.00016  0.00739232  
4.56783e-10  0.000123394  2.01404e-14  5.78938e-05  1.00017  0.00760816  
5.46483e-10  0.000131527  2.5501e-14  6.15996e-05  1.00018  0.00784784  
6.53796e-10  0.000140141  3.2339e-14  6.57978e-05  1.00019  0.00811082  
7.82184e-10  0.00014928  4.10923e-14  7.05055e-05  1.0002  0.00839591  
9.35782e-10  0.000158998  5.23287e-14  7.57324e-05  1.00021  0.0087015  
1.11954e-09  0.000169353  6.67814e-14  8.14816e-05  1.00023  0.00902568  
1.33939e-09  0.00018041  8.5395e-14  8.77501e-05  1.00024  0.00936636  
1.60241e-09  0.000192239  1.09382e-13  9.453e-05  1.00026  0.00972139  
1.91708e-09  0.000204912  1.40294e-13  0.000101809  1.00028  0.0100886  
2.29354e-09  0.000218506  1.8011e-13  0.000109568  1.0003  0.0104659  
2.74392e-09  0.000233098  2.31348e-13  0.000117789  1.00032  0.0108514  
3.28275e-09  0.000248766  2.972e-13  0.000126448  1.00034  0.011243  
3.92739e-09  0.000265588  3.81703e-13  0.000135519  1.00036  0.0116391  
4.69862e-09  0.000283643  4.89951e-13  0.000144978  1.00039  0.0120383  
5.6213e-09  0.000303005  6.28359e-13  0.000154802  1.00041  0.0124394  
6.72516e-09  0.000323751  8.04989e-13  0.000164972  1.00044  0.0128413  
8.0458e-09  0.000345951  1.02997e-12  0.000175479  1.00047  0.0132437  
9.62576e-09  0.000369678  1.31599e-12  0.000186321  1.00051  0.0136465  
1.1516e-08  0.000394999  1.67902e-12  0.000197511  1.00054  0.0140501  
1.37774e-08  0.000421982  2.13907e-12  0.000209081  1.00058  0.0144555  
1.64829e-08  0.000450695  2.72135e-12  0.00022108  1.00062  0.0148642  
1.97197e-08  0.000481209  3.45762e-12  0.000233582  1.00066  0.0152784  
2.35921e-08  0.000513595  4.38806e-12  0.000246686  1.0007  0.0157008  
2.82249e-08  0.000547932  5.5636e-12  0.000260518  1.00075  0.0161346  
3.37675e-08  0.000584309  7.04909e-12  0.000275231  1.00079  0.0165835  
4.03984e-08  0.000622824  8.92736e-12  0.000291005  1.00084  0.0170517  
4.83316e-08  0.000663592  1.13047e-11  0.000308048  1.0009  0.0175434  
5.78225e-08  0.000706745  1.43177e-11  0.000326592  1.00095  0.0180632  
6.91772e-08  0.000752439  1.81429e-11  0.00034689  1.00101  0.0186155  
8.27617e-08  0.000800856  2.3009e-11  0.000369217  1.00108  0.0192047  
9.90137e-08  0.000852207  2.92124e-11  0.00039386  1.00115  0.0198345  
1.18457e-07  0.000906739  3.71389e-11  0.000421121  1.00122  0.0205087  
1.41719e-07  0.000964732  4.72904e-11  0.000451304  1.0013  0.0212301  
1.69549e-07  0.00102651  6.0321e-11  0.000484716  1.00138  0.0220011  
2.02843e-07  0.00109244  7.70825e-11  0.000521654  1.00147  0.0228229  
2.42676e-07  0.00116292  9.86841e-11  0.000562404  1.00157  0.0236965  
2.9033e-07  0.00123842  1.26568e-10  0.000607224  1.00167  0.0246213  
3.47343e-07  0.00131942  1.62609e-10  0.00065634  1.00179  0.0255963  
4.15551e-07  0.00140648  2.09233e-10  0.000709926  1.00191  0.026619  
4.97154e-07  0.00150017  2.69578e-10  0.000768094  1.00204  0.0276863  
5.94781e-07  0.00160113  3.47683e-10  0.000830873  1.00219  0.0287934  
7.11579e-07  0.00171001  4.48733e-10  0.00089819  1.00234  0.0299348  
8.51314e-07  0.00182749  5.79348e-10  0.000969852  1.00251  0.0311035  
1.01849e-06  0.00195428  7.47943e-10  0.00104552  1.00269  0.0322912  
1.21849e-06  0.00209106  9.65152e-10  0.00112471  1.00288  0.0334884  
1.45777e-06  0.00223853  1.24433e-09  0.00120673  1.00309  0.0346845  
1.74403e-06  0.00239736  1.60212e-09  0.00129076  1.00332  0.0358677  
2.08651e-06  0.00256814  2.05916e-09  0.00137576  1.00356  0.0370254  
2.49624e-06  0.00275141  2.64077e-09  0.00146056  1.00381  0.0381447  
2.98643e-06  0.00294761  3.37784e-09  0.0015439  1.00408  0.0392126  
3.57288e-06  0.00315708  4.30776e-09  0.00162446  1.00436  0.0402169  
4.2745e-06  0.00337999  5.47543e-09  0.001701  1.00466  0.0411475  
5.11389e-06  0.0036164  6.93452e-09  0.00177249  1.00497  0.0419967  
6.11811e-06  0.00386618  8.74899e-09  0.00183825  1.0053  0.0427617  
7.31954e-06  0.00412907  1.09951e-08  0.00189814  1.00563  0.0434455  
8.75689e-06  0.00440469  1.37645e-08  0.00195283  1.00598  0.0440594  
1.04765e-05  0.00469255  1.71682e-08  0.00200397  1.00633  0.0446247  
1.25338e-05  0.00499215  2.13442e-08  0.00205445  1.0067  0.0451751  
1.49951e-05  0.00530308  2.64681e-08  0.00210863  1.00707  0.0457584  
1.79397e-05  0.00562507  3.27709e-08  0.00217257  1.00745  0.0464381  
2.14625e-05  0.00595822  4.0566e-08  0.00225422  1.00785  0.0472934  
2.56772e-05  0.00630314  5.02926e-08  0.00236371  1.00826  0.0484184  
3.07194e-05  0.00666116  6.25801e-08  0.00251355  1.0087  0.0499187  
3.67518e-05  0.0070346  7.8349e-08  0.00271909  1.00917  0.0519075  
4.39689e-05  0.00742705  9.8962e-08  0.00299903  1.00968  0.0545003  
5.26031e-05  0.00784372  1.26454e-07  0.00337634  1.01025  0.0578108  
6.29329e-05  0.00829187  1.63886e-07  0.00387964  1.0109  0.0619502  
7.52911e-05  0.00878128  2.15878e-07  0.00454527  1.01165  0.0670293  
9.00762e-05  0.00932498  2.8945e-07  0.00542044  1.01254  0.0731664  
0.000107765  0.00994005  3.95324e-07  0.00656793  1.01361  0.0804969  
0.000128927  0.0106489  5.49993e-07  0.00807305  1.01491  0.0891875  
0.000154244  0.0114809  7.7905e-07  0.0100539  1.01653  0.0994506  
0.000184533  0.0124748  1.1226e-06  0.0126769  1.01856  0.111561  
0.00022077  0.0136821  1.64423e-06  0.0161797  1.02113  0.125877  
0.000264124  0.0151722  2.44599e-06  0.0209068  1.02443  0.142857  
0.00031599  0.0170396  3.69394e-06  0.0273636  1.02873  0.163093  
0.000378041  0.0194152  5.66213e-06  0.0363004  1.03439  0.187332  
0.000452278  0.0224825  8.80966e-06  0.0488447  1.04196  0.216512  
0.000541093  0.0265034  1.39172e-05  0.0667096  1.05222  0.251791  
0.000647348  0.0318563  2.23323e-05  0.0925244  1.06635  0.294562  
0.000774469  0.0390965  3.64152e-05  0.13036  1.08612  0.346444  
0.000926553  0.0490496  6.03564e-05  0.186559  1.11419  0.409194  
0.0011085  0.0629584  0.000101688  0.27104  1.15469  0.484489  
0.00132618  0.0827129  0.000174085  0.399283  1.21398  0.573502  
0.00158661  0.11121  0.00030254  0.595249  1.30189  0.676179  
0.00189817  0.152908  0.000532834  0.89533  1.43362  0.790269  
0.00227092  0.214658  0.000948471  1.3529  1.63232  0.910395  
0.00271686  0.306899  0.00169971  2.04142  1.93251  1.02779  
0.00325038  0.445234  0.00304975  3.05058  2.38351  1.13131  
0.00388866  0.652164  0.00543821  4.46308  3.05065  1.20954  
0.00465228  0.958229  0.00954105  6.28983  4.00906  1.25256  
0.00556586  1.40062  0.0162489  8.3353  5.32  1.25171  
0.00665883  2.01565  0.0263687  9.98441  6.97561  1.19638  
0.00796644  2.82006  0.0397013  9.99502  8.80362  1.06552  
0.00953083  3.77749  0.0531568  6.58442  10.3548  0.797419  
0.0114024  4.77955  0.0637719  5.64877  11.3724  0.704776  
0.0136415  5.78321  0.0764318  5.65891  12.3861  0.675926  
0.0163203  6.78867  0.0916049  5.66906  13.4016  0.650395  
0.0195252  7.79594  0.10979  5.67923  14.4189  0.627593  
0.0233594  8.80501  0.131586  5.68943  15.4381  0.607068  
0.0279465  9.81589  0.157708  5.69964  16.4591  0.588465  
0.0334344  10.8286  0.189016  5.70986  17.4819  0.571503  
0.04  11.8431  0.226539  5.72011  18.5066  0.555954  
