# PlotEOS table
# PiecewisePolytrope(Gammas=1.36,3.00; Rhos=2.45e-4; Kappa0=0.102; Smooth=0; GammaTh=2;)
#[1] rho
#[2] eps
#[3] P
#[4] dP/drho
#[5] h
#[6] cs
1e-13  5.91967e-06  2.13108e-19  2.89827e-06  1.00001  0.00170242  
1.055e-13  6.03487e-06  2.29203e-19  2.95467e-06  1.00001  0.00171891  
1.11302e-13  6.15231e-06  2.46514e-19  3.01217e-06  1.00001  0.00173555  
1.17423e-13  6.27203e-06  2.65132e-19  3.07079e-06  1.00001  0.00175236  
1.2388e-13  6.39409e-06  2.85157e-19  3.13055e-06  1.00001  0.00176933  
1.30693e-13  6.51852e-06  3.06693e-19  3.19147e-06  1.00001  0.00178646  
1.37881e-13  6.64537e-06  3.29857e-19  3.25357e-06  1.00001  0.00180376  
1.45464e-13  6.77469e-06  3.54769e-19  3.31689e-06  1.00001  0.00182122  
1.53463e-13  6.90652e-06  3.81564e-19  3.38143e-06  1.00001  0.00183886  
1.61903e-13  7.04092e-06  4.10382e-19  3.44724e-06  1.00001  0.00185666  
1.70807e-13  7.17794e-06  4.41376e-19  3.51432e-06  1.00001  0.00187464  
1.80201e-13  7.31762e-06  4.74711e-19  3.58271e-06  1.00001  0.0018928  
1.90111e-13  7.46003e-06  5.10564e-19  3.65243e-06  1.00001  0.00191112  
2.00566e-13  7.6052e-06  5.49125e-19  3.72351e-06  1.00001  0.00192963  
2.11597e-13  7.7532e-06  5.90598e-19  3.79597e-06  1.00001  0.00194831  
2.23233e-13  7.90407e-06  6.35203e-19  3.86983e-06  1.00001  0.00196718  
2.3551e-13  8.05789e-06  6.83178e-19  3.94514e-06  1.00001  0.00198623  
2.48462e-13  8.2147e-06  7.34775e-19  4.02191e-06  1.00001  0.00200546  
2.62127e-13  8.37455e-06  7.9027e-19  4.10018e-06  1.00001  0.00202488  
2.76542e-13  8.53752e-06  8.49956e-19  4.17997e-06  1.00001  0.00204449  
2.91751e-13  8.70366e-06  9.14149e-19  4.26131e-06  1.00001  0.00206428  
3.07796e-13  8.87304e-06  9.83191e-19  4.34424e-06  1.00001  0.00208427  
3.24723e-13  9.04571e-06  1.05745e-18  4.42878e-06  1.00001  0.00210445  
3.42582e-13  9.22174e-06  1.13731e-18  4.51496e-06  1.00001  0.00212483  
3.61422e-13  9.40119e-06  1.22321e-18  4.60282e-06  1.00001  0.00214541  
3.81299e-13  9.58414e-06  1.31559e-18  4.6924e-06  1.00001  0.00216618  
4.02269e-13  9.77065e-06  1.41495e-18  4.78371e-06  1.00001  0.00218716  
4.24392e-13  9.96079e-06  1.52182e-18  4.8768e-06  1.00001  0.00220833  
4.47731e-13  1.01546e-05  1.63676e-18  4.9717e-06  1.00001  0.00222972  
4.72354e-13  1.03522e-05  1.76037e-18  5.06845e-06  1.00001  0.00225131  
4.98332e-13  1.05537e-05  1.89333e-18  5.16709e-06  1.00001  0.00227311  
5.25738e-13  1.07591e-05  2.03632e-18  5.26764e-06  1.00001  0.00229512  
5.54651e-13  1.09684e-05  2.19012e-18  5.37015e-06  1.00001  0.00231734  
5.85154e-13  1.11819e-05  2.35553e-18  5.47465e-06  1.00002  0.00233978  
6.17335e-13  1.13995e-05  2.53343e-18  5.58119e-06  1.00002  0.00236244  
6.51286e-13  1.16213e-05  2.72477e-18  5.6898e-06  1.00002  0.00238531  
6.87104e-13  1.18475e-05  2.93056e-18  5.80052e-06  1.00002  0.00240841  
7.24891e-13  1.2078e-05  3.15189e-18  5.9134e-06  1.00002  0.00243173  
7.64757e-13  1.23131e-05  3.38994e-18  6.02848e-06  1.00002  0.00245528  
8.06815e-13  1.25527e-05  3.64597e-18  6.14579e-06  1.00002  0.00247905  
8.51187e-13  1.2797e-05  3.92134e-18  6.26539e-06  1.00002  0.00250305  
8.97998e-13  1.3046e-05  4.2175e-18  6.38731e-06  1.00002  0.00252729  
9.47384e-13  1.32999e-05  4.53603e-18  6.51161e-06  1.00002  0.00255176  
9.99486e-13  1.35587e-05  4.87861e-18  6.63833e-06  1.00002  0.00257647  
1.05445e-12  1.38225e-05  5.24708e-18  6.76751e-06  1.00002  0.00260142  
1.11244e-12  1.40915e-05  5.64337e-18  6.89921e-06  1.00002  0.00262661  
1.17362e-12  1.43657e-05  6.06959e-18  7.03347e-06  1.00002  0.00265204  
1.23817e-12  1.46453e-05  6.528e-18  7.17034e-06  1.00002  0.00267772  
1.30626e-12  1.49303e-05  7.02103e-18  7.30987e-06  1.00002  0.00270365  
1.3781e-12  1.52208e-05  7.5513e-18  7.45212e-06  1.00002  0.00272983  
1.45389e-12  1.5517e-05  8.12162e-18  7.59714e-06  1.00002  0.00275626  
1.53385e-12  1.5819e-05  8.73501e-18  7.74498e-06  1.00002  0.00278295  
1.6182e-12  1.61268e-05  9.39473e-18  7.8957e-06  1.00002  0.0028099  
1.70719e-12  1.64407e-05  1.01043e-17  8.04935e-06  1.00002  0.00283711  
1.80108e-12  1.67606e-05  1.08674e-17  8.20599e-06  1.00002  0.00286458  
1.90013e-12  1.70868e-05  1.16882e-17  8.36568e-06  1.00002  0.00289232  
2.00463e-12  1.74193e-05  1.25709e-17  8.52848e-06  1.00002  0.00292032  
2.11488e-12  1.77583e-05  1.35204e-17  8.69444e-06  1.00002  0.0029486  
2.23119e-12  1.81038e-05  1.45415e-17  8.86364e-06  1.00002  0.00297715  
2.35389e-12  1.84561e-05  1.56398e-17  9.03613e-06  1.00003  0.00300598  
2.48335e-12  1.88153e-05  1.6821e-17  9.21197e-06  1.00003  0.00303508  
2.61992e-12  1.91814e-05  1.80914e-17  9.39124e-06  1.00003  0.00306447  
2.764e-12  1.95547e-05  1.94577e-17  9.57399e-06  1.00003  0.00309415  
2.91601e-12  1.99353e-05  2.09273e-17  9.7603e-06  1.00003  0.00312411  
3.07638e-12  2.03232e-05  2.25079e-17  9.95024e-06  1.00003  0.00315436  
3.24557e-12  2.07187e-05  2.42078e-17  1.01439e-05  1.00003  0.0031849  
3.42406e-12  2.11219e-05  2.60361e-17  1.03413e-05  1.00003  0.00321574  
3.61236e-12  2.15329e-05  2.80025e-17  1.05425e-05  1.00003  0.00324688  
3.81103e-12  2.19519e-05  3.01174e-17  1.07477e-05  1.00003  0.00327831  
4.02062e-12  2.23791e-05  3.23921e-17  1.09568e-05  1.00003  0.00331006  
4.24173e-12  2.28146e-05  3.48385e-17  1.117e-05  1.00003  0.00334211  
4.47501e-12  2.32586e-05  3.74697e-17  1.13874e-05  1.00003  0.00337447  
4.72112e-12  2.37112e-05  4.02996e-17  1.1609e-05  1.00003  0.00340714  
4.98076e-12  2.41726e-05  4.33433e-17  1.18349e-05  1.00003  0.00344014  
5.25468e-12  2.4643e-05  4.66168e-17  1.20652e-05  1.00003  0.00347345  
5.54366e-12  2.51226e-05  5.01376e-17  1.23e-05  1.00003  0.00350708  
5.84854e-12  2.56115e-05  5.39243e-17  1.25394e-05  1.00003  0.00354104  
6.17018e-12  2.61099e-05  5.7997e-17  1.27834e-05  1.00004  0.00357532  
6.50951e-12  2.6618e-05  6.23772e-17  1.30322e-05  1.00004  0.00360994  
6.86751e-12  2.7136e-05  6.70883e-17  1.32858e-05  1.00004  0.0036449  
7.24519e-12  2.7664e-05  7.21552e-17  1.35443e-05  1.00004  0.00368019  
7.64364e-12  2.82024e-05  7.76048e-17  1.38079e-05  1.00004  0.00371583  
8.06401e-12  2.87512e-05  8.3466e-17  1.40766e-05  1.00004  0.0037518  
8.50749e-12  2.93107e-05  8.97698e-17  1.43505e-05  1.00004  0.00378813  
8.97537e-12  2.98811e-05  9.65497e-17  1.46298e-05  1.00004  0.00382481  
9.46897e-12  3.04626e-05  1.03842e-16  1.49145e-05  1.00004  0.00386185  
9.98972e-12  3.10554e-05  1.11684e-16  1.52047e-05  1.00004  0.00389924  
1.05391e-11  3.16597e-05  1.2012e-16  1.55006e-05  1.00004  0.003937  
1.11187e-11  3.22758e-05  1.29192e-16  1.58022e-05  1.00004  0.00397512  
1.17302e-11  3.29039e-05  1.38949e-16  1.61098e-05  1.00004  0.00401361  
1.23753e-11  3.35442e-05  1.49443e-16  1.64233e-05  1.00005  0.00405247  
1.30559e-11  3.4197e-05  1.6073e-16  1.67429e-05  1.00005  0.00409171  
1.37739e-11  3.48625e-05  1.72869e-16  1.70687e-05  1.00005  0.00413133  
1.45314e-11  3.55409e-05  1.85925e-16  1.74008e-05  1.00005  0.00417133  
1.53306e-11  3.62325e-05  1.99968e-16  1.77394e-05  1.00005  0.00421172  
1.61737e-11  3.69376e-05  2.1507e-16  1.80847e-05  1.00005  0.0042525  
1.70632e-11  3.76564e-05  2.31314e-16  1.84366e-05  1.00005  0.00429367  
1.80016e-11  3.83892e-05  2.48784e-16  1.87954e-05  1.00005  0.00433525  
1.89916e-11  3.91363e-05  2.67573e-16  1.91611e-05  1.00005  0.00437723  
2.0036e-11  3.98979e-05  2.87782e-16  1.9534e-05  1.00005  0.00441961  
2.11379e-11  4.06743e-05  3.09517e-16  1.99141e-05  1.00006  0.0044624  
2.23004e-11  4.14658e-05  3.32894e-16  2.03017e-05  1.00006  0.00450561  
2.35268e-11  4.22727e-05  3.58036e-16  2.06967e-05  1.00006  0.00454924  
2.48207e-11  4.30954e-05  3.85077e-16  2.10995e-05  1.00006  0.00459328  
2.61857e-11  4.3934e-05  4.1416e-16  2.15101e-05  1.00006  0.00463776  
2.76258e-11  4.4789e-05  4.4544e-16  2.19287e-05  1.00006  0.00468266  
2.91451e-11  4.56606e-05  4.79082e-16  2.23554e-05  1.00006  0.004728  
3.0748e-11  4.65491e-05  5.15265e-16  2.27905e-05  1.00006  0.00477378  
3.2439e-11  4.7455e-05  5.54181e-16  2.3234e-05  1.00006  0.00482001  
3.4223e-11  4.83785e-05  5.96036e-16  2.36861e-05  1.00007  0.00486668  
3.61051e-11  4.93199e-05  6.41052e-16  2.4147e-05  1.00007  0.0049138  
3.80907e-11  5.02797e-05  6.89468e-16  2.46169e-05  1.00007  0.00496138  
4.01855e-11  5.12581e-05  7.4154e-16  2.5096e-05  1.00007  0.00500941  
4.23955e-11  5.22556e-05  7.97546e-16  2.55843e-05  1.00007  0.00505792  
4.47271e-11  5.32725e-05  8.57781e-16  2.60822e-05  1.00007  0.00510689  
4.71869e-11  5.43092e-05  9.22566e-16  2.65898e-05  1.00007  0.00515634  
4.9782e-11  5.53661e-05  9.92243e-16  2.71072e-05  1.00008  0.00520626  
5.25198e-11  5.64435e-05  1.06718e-15  2.76347e-05  1.00008  0.00525667  
5.54081e-11  5.75419e-05  1.14778e-15  2.81725e-05  1.00008  0.00530757  
5.84553e-11  5.86617e-05  1.23447e-15  2.87207e-05  1.00008  0.00535896  
6.16701e-11  5.98032e-05  1.3277e-15  2.92797e-05  1.00008  0.00541085  
6.50617e-11  6.0967e-05  1.42798e-15  2.98494e-05  1.00008  0.00546324  
6.86398e-11  6.21534e-05  1.53583e-15  3.04303e-05  1.00008  0.00551613  
7.24146e-11  6.33629e-05  1.65183e-15  3.10225e-05  1.00009  0.00556954  
7.63971e-11  6.4596e-05  1.77658e-15  3.16262e-05  1.00009  0.00562347  
8.05986e-11  6.5853e-05  1.91076e-15  3.22416e-05  1.00009  0.00567792  
8.50312e-11  6.71345e-05  2.05507e-15  3.28691e-05  1.00009  0.00573289  
8.97075e-11  6.8441e-05  2.21028e-15  3.35087e-05  1.00009  0.0057884  
9.4641e-11  6.97728e-05  2.37721e-15  3.41608e-05  1.00009  0.00584444  
9.98459e-11  7.11306e-05  2.55676e-15  3.48255e-05  1.0001  0.00590103  
1.05337e-10  7.25148e-05  2.74986e-15  3.55033e-05  1.0001  0.00595817  
1.1113e-10  7.3926e-05  2.95754e-15  3.61941e-05  1.0001  0.00601585  
1.17242e-10  7.53646e-05  3.18091e-15  3.68985e-05  1.0001  0.0060741  
1.23689e-10  7.68312e-05  3.42115e-15  3.76165e-05  1.0001  0.00613291  
1.30492e-10  7.83263e-05  3.67954e-15  3.83486e-05  1.00011  0.00619229  
1.37668e-10  7.98505e-05  3.95744e-15  3.90948e-05  1.00011  0.00625225  
1.45239e-10  8.14044e-05  4.25633e-15  3.98556e-05  1.00011  0.00631278  
1.53227e-10  8.29886e-05  4.57779e-15  4.06312e-05  1.00011  0.0063739  
1.61654e-10  8.46035e-05  4.92353e-15  4.14219e-05  1.00012  0.00643561  
1.70544e-10  8.62499e-05  5.29539e-15  4.2228e-05  1.00012  0.00649792  
1.79923e-10  8.79284e-05  5.69532e-15  4.30497e-05  1.00012  0.00656084  
1.89818e-10  8.96395e-05  6.12547e-15  4.38875e-05  1.00012  0.00662436  
2.00257e-10  9.13838e-05  6.5881e-15  4.47415e-05  1.00012  0.0066885  
2.1127e-10  9.31622e-05  7.08567e-15  4.56122e-05  1.00013  0.00675325  
2.22889e-10  9.49751e-05  7.62082e-15  4.64998e-05  1.00013  0.00681864  
2.35147e-10  9.68233e-05  8.19639e-15  4.74047e-05  1.00013  0.00688465  
2.48079e-10  9.87075e-05  8.81543e-15  4.83272e-05  1.00013  0.00695131  
2.61723e-10  0.000100628  9.48122e-15  4.92677e-05  1.00014  0.00701861  
2.76116e-10  0.000102587  1.01973e-14  5.02264e-05  1.00014  0.00708657  
2.91301e-10  0.000104583  1.09675e-14  5.12038e-05  1.00014  0.00715518  
3.07322e-10  0.000106618  1.17958e-14  5.22003e-05  1.00015  0.00722445  
3.24223e-10  0.000108693  1.26867e-14  5.32161e-05  1.00015  0.0072944  
3.42054e-10  0.000110808  1.36448e-14  5.42517e-05  1.00015  0.00736502  
3.60865e-10  0.000112964  1.46754e-14  5.53074e-05  1.00015  0.00743632  
3.80711e-10  0.000115163  1.57838e-14  5.63837e-05  1.00016  0.00750832  
4.01649e-10  0.000117404  1.69758e-14  5.74809e-05  1.00016  0.00758101  
4.23738e-10  0.000119689  1.82579e-14  5.85995e-05  1.00016  0.00765441  
4.47041e-10  0.000122018  1.96369e-14  5.97399e-05  1.00017  0.00772852  
4.71626e-10  0.000124392  2.112e-14  6.09024e-05  1.00017  0.00780334  
4.97564e-10  0.000126813  2.27151e-14  6.20876e-05  1.00017  0.00787889  
5.24928e-10  0.000129281  2.44307e-14  6.32958e-05  1.00018  0.00795517  
5.53796e-10  0.000131796  2.62758e-14  6.45275e-05  1.00018  0.00803218  
5.84253e-10  0.000134361  2.82603e-14  6.57832e-05  1.00018  0.00810995  
6.16384e-10  0.000136976  3.03947e-14  6.70634e-05  1.00019  0.00818846  
6.50282e-10  0.000139641  3.26903e-14  6.83685e-05  1.00019  0.00826774  
6.86045e-10  0.000142359  3.51592e-14  6.96989e-05  1.00019  0.00834778  
7.23774e-10  0.000145129  3.78147e-14  7.10553e-05  1.0002  0.0084286  
7.63579e-10  0.000147953  4.06707e-14  7.2438e-05  1.0002  0.0085102  
8.05572e-10  0.000150833  4.37423e-14  7.38476e-05  1.00021  0.00859258  
8.49875e-10  0.000153768  4.7046e-14  7.52847e-05  1.00021  0.00867577  
8.96614e-10  0.00015676  5.05992e-14  7.67498e-05  1.00021  0.00875976  
9.45924e-10  0.000159811  5.44208e-14  7.82433e-05  1.00022  0.00884456  
9.97946e-10  0.000162921  5.85309e-14  7.9766e-05  1.00022  0.00893019  
1.05283e-09  0.000166091  6.29515e-14  8.13182e-05  1.00023  0.00901664  
1.11073e-09  0.000169323  6.7706e-14  8.29007e-05  1.00023  0.00910393  
1.17181e-09  0.000172618  7.28196e-14  8.45139e-05  1.00023  0.00919207  
1.23626e-09  0.000175977  7.83193e-14  8.61586e-05  1.00024  0.00928105  
1.30425e-09  0.000179402  8.42344e-14  8.78352e-05  1.00024  0.0093709  
1.37598e-09  0.000182893  9.05963e-14  8.95445e-05  1.00025  0.00946162  
1.45165e-09  0.000186452  9.74387e-14  9.1287e-05  1.00025  0.00955321  
1.53148e-09  0.000190081  1.04798e-13  9.30635e-05  1.00026  0.0096457  
1.61571e-09  0.00019378  1.12713e-13  9.48745e-05  1.00026  0.00973907  
1.70456e-09  0.000197551  1.21225e-13  9.67208e-05  1.00027  0.00983335  
1.79831e-09  0.000201395  1.30381e-13  9.8603e-05  1.00027  0.00992854  
1.89721e-09  0.000205314  1.40228e-13  0.000100522  1.00028  0.0100247  
2.00154e-09  0.00020931  1.50819e-13  0.000102478  1.00028  0.0101217  
2.11162e-09  0.000213383  1.6221e-13  0.000104472  1.00029  0.0102197  
2.22775e-09  0.000217535  1.74461e-13  0.000106505  1.0003  0.0103186  
2.35026e-09  0.000221768  1.87637e-13  0.000108578  1.0003  0.0104185  
2.47952e-09  0.000226084  2.01809e-13  0.000110691  1.00031  0.0105194  
2.61588e-09  0.000230484  2.1705e-13  0.000112845  1.00031  0.0106212  
2.75974e-09  0.000234969  2.33443e-13  0.000115041  1.00032  0.010724  
2.91152e-09  0.000239541  2.51074e-13  0.000117279  1.00033  0.0108278  
3.07164e-09  0.000244203  2.70037e-13  0.000119562  1.00033  0.0109326  
3.24056e-09  0.000248955  2.90432e-13  0.000121888  1.00034  0.0110384  
3.41878e-09  0.0002538  3.12367e-13  0.00012426  1.00035  0.0111453  
3.6068e-09  0.000258739  3.35959e-13  0.000126679  1.00035  0.0112532  
3.80516e-09  0.000263774  3.61332e-13  0.000129144  1.00036  0.0113621  
4.01442e-09  0.000268907  3.88622e-13  0.000131657  1.00037  0.0114721  
4.2352e-09  0.00027414  4.17973e-13  0.000134219  1.00037  0.0115831  
4.46811e-09  0.000279475  4.49541e-13  0.000136831  1.00038  0.0116952  
4.71384e-09  0.000284913  4.83493e-13  0.000139494  1.00039  0.0118084  
4.97308e-09  0.000290458  5.20009e-13  0.000142208  1.0004  0.0119227  
5.24658e-09  0.00029611  5.59283e-13  0.000144975  1.0004  0.0120382  
5.53512e-09  0.000301872  6.01523e-13  0.000147797  1.00041  0.0121547  
5.83952e-09  0.000307747  6.46954e-13  0.000150673  1.00042  0.0122723  
6.16067e-09  0.000313736  6.95816e-13  0.000153605  1.00043  0.0123911  
6.49948e-09  0.000319841  7.48368e-13  0.000156594  1.00043  0.012511  
6.85692e-09  0.000326065  8.04889e-13  0.000159641  1.00044  0.0126321  
7.23402e-09  0.00033241  8.65679e-13  0.000162748  1.00045  0.0127544  
7.63186e-09  0.000338879  9.3106e-13  0.000165915  1.00046  0.0128778  
8.05158e-09  0.000345474  1.00138e-12  0.000169144  1.00047  0.0130025  
8.49438e-09  0.000352197  1.07701e-12  0.000172435  1.00048  0.0131283  
8.96153e-09  0.00035905  1.15835e-12  0.000175791  1.00049  0.0132554  
9.45438e-09  0.000366037  1.24584e-12  0.000179212  1.0005  0.0133837  
9.97433e-09  0.000373161  1.33993e-12  0.000182699  1.00051  0.0135132  
1.05229e-08  0.000380422  1.44113e-12  0.000186255  1.00052  0.013644  
1.11016e-08  0.000387825  1.54997e-12  0.000189879  1.00053  0.013776  
1.17121e-08  0.000395372  1.66703e-12  0.000193574  1.00054  0.0139094  
1.23562e-08  0.000403066  1.79294e-12  0.000197341  1.00055  0.014044  
1.30358e-08  0.00041091  1.92835e-12  0.000201182  1.00056  0.0141799  
1.37527e-08  0.000418906  2.07399e-12  0.000205097  1.00057  0.0143171  
1.4509e-08  0.000427058  2.23063e-12  0.000209088  1.00058  0.0144557  
1.53069e-08  0.000435369  2.3991e-12  0.000213157  1.00059  0.0145956  
1.61488e-08  0.000443841  2.5803e-12  0.000217305  1.0006  0.0147368  
1.70369e-08  0.000452479  2.77517e-12  0.000221533  1.00062  0.0148794  
1.79738e-08  0.000461284  2.98477e-12  0.000225845  1.00063  0.0150234  
1.89623e-08  0.00047026  3.2102e-12  0.00023024  1.00064  0.0151688  
2.00051e-08  0.000479412  3.45265e-12  0.00023472  1.00065  0.0153156  
2.11053e-08  0.000488741  3.71342e-12  0.000239288  1.00066  0.0154638  
2.2266e-08  0.000498252  3.99388e-12  0.000243944  1.00068  0.0156134  
2.34906e-08  0.000507948  4.29552e-12  0.000248691  1.00069  0.0157645  
2.47824e-08  0.000517833  4.61994e-12  0.000253531  1.0007  0.0159171  
2.61454e-08  0.00052791  4.96886e-12  0.000258465  1.00072  0.0160711  
2.75832e-08  0.000538183  5.34414e-12  0.000263494  1.00073  0.0162266  
2.91002e-08  0.000548656  5.74776e-12  0.000268622  1.00075  0.0163836  
3.07006e-08  0.000559333  6.18187e-12  0.000273849  1.00076  0.0165421  
3.2389e-08  0.000570218  6.64876e-12  0.000279179  1.00078  0.0167022  
3.41702e-08  0.000581314  7.15091e-12  0.000284611  1.00079  0.0168638  
3.60494e-08  0.000592627  7.69099e-12  0.00029015  1.00081  0.0170269  
3.8032e-08  0.000604159  8.27186e-12  0.000295796  1.00082  0.0171917  
4.01236e-08  0.000615916  8.89659e-12  0.000301553  1.00084  0.017358  
4.23302e-08  0.000627902  9.56852e-12  0.000307421  1.00085  0.0175259  
4.46582e-08  0.000640121  1.02912e-11  0.000313403  1.00087  0.0176955  
4.71142e-08  0.000652578  1.10684e-11  0.000319502  1.00089  0.0178667  
4.97052e-08  0.000665277  1.19044e-11  0.00032572  1.0009  0.0180395  
5.24388e-08  0.000678223  1.28035e-11  0.000332058  1.00092  0.0182141  
5.53227e-08  0.000691422  1.37705e-11  0.00033852  1.00094  0.0183903  
5.83652e-08  0.000704877  1.48105e-11  0.000345108  1.00096  0.0185682  
6.1575e-08  0.000718594  1.59291e-11  0.000351823  1.00098  0.0187478  
6.49614e-08  0.000732578  1.71321e-11  0.00035867  1.001  0.0189292  
6.8534e-08  0.000746834  1.8426e-11  0.00036565  1.00102  0.0191123  
7.2303e-08  0.000761367  1.98177e-11  0.000372765  1.00104  0.0192971  
7.62794e-08  0.000776183  2.13144e-11  0.000380019  1.00106  0.0194838  
8.04744e-08  0.000791288  2.29242e-11  0.000387415  1.00108  0.0196723  
8.49001e-08  0.000806686  2.46556e-11  0.000394954  1.0011  0.0198625  
8.95693e-08  0.000822385  2.65177e-11  0.000402639  1.00112  0.0200547  
9.44952e-08  0.000838388  2.85205e-11  0.000410475  1.00114  0.0202486  
9.9692e-08  0.000854703  3.06745e-11  0.000418463  1.00116  0.0204445  
1.05175e-07  0.000871336  3.29913e-11  0.000426606  1.00119  0.0206422  
1.10959e-07  0.000888292  3.5483e-11  0.000434908  1.00121  0.0208419  
1.17061e-07  0.000905578  3.81628e-11  0.000443371  1.00123  0.0210434  
1.23499e-07  0.000923201  4.10451e-11  0.000451999  1.00126  0.0212469  
1.30291e-07  0.000941167  4.41451e-11  0.000460795  1.00128  0.0214524  
1.37456e-07  0.000959482  4.74792e-11  0.000469762  1.0013  0.0216599  
1.45016e-07  0.000978153  5.10651e-11  0.000478904  1.00133  0.0218693  
1.52991e-07  0.000997188  5.49218e-11  0.000488223  1.00136  0.0220808  
1.61405e-07  0.00101659  5.90698e-11  0.000497724  1.00138  0.0222943  
1.70281e-07  0.00103638  6.35311e-11  0.00050741  1.00141  0.0225099  
1.79646e-07  0.00105654  6.83294e-11  0.000517284  1.00144  0.0227276  
1.89526e-07  0.00107711  7.349e-11  0.000527351  1.00146  0.0229473  
1.99949e-07  0.00109807  7.90404e-11  0.000537613  1.00149  0.0231692  
2.10945e-07  0.00111943  8.501e-11  0.000548075  1.00152  0.0233932  
2.22546e-07  0.00114122  9.14304e-11  0.00055874  1.00155  0.0236194  
2.34785e-07  0.00116343  9.83358e-11  0.000569614  1.00158  0.0238477  
2.47697e-07  0.00118607  1.05763e-10  0.000580698  1.00161  0.0240783  
2.61319e-07  0.00120915  1.13751e-10  0.000591999  1.00164  0.024311  
2.75691e-07  0.00123268  1.22342e-10  0.000603519  1.00168  0.0245461  
2.90852e-07  0.00125667  1.31582e-10  0.000615264  1.00171  0.0247833  
3.06848e-07  0.00128112  1.41519e-10  0.000627237  1.00174  0.0250229  
3.23723e-07  0.00130605  1.52208e-10  0.000639443  1.00178  0.0252648  
3.41527e-07  0.00133147  1.63703e-10  0.000651886  1.00181  0.025509  
3.60309e-07  0.00135738  1.76067e-10  0.000664572  1.00185  0.0257555  
3.80124e-07  0.00138379  1.89365e-10  0.000677505  1.00188  0.0260045  
4.0103e-07  0.00141072  2.03667e-10  0.000690689  1.00192  0.0262558  
4.23084e-07  0.00143817  2.19049e-10  0.00070413  1.00196  0.0265095  
4.46352e-07  0.00146616  2.35593e-10  0.000717832  1.00199  0.0267657  
4.709e-07  0.00149469  2.53386e-10  0.000731801  1.00203  0.0270244  
4.96797e-07  0.00152378  2.72523e-10  0.000746042  1.00207  0.0272855  
5.24119e-07  0.00155343  2.93106e-10  0.00076056  1.00211  0.0275492  
5.52943e-07  0.00158366  3.15243e-10  0.000775361  1.00215  0.0278154  
5.83352e-07  0.00161448  3.39052e-10  0.00079045  1.0022  0.0280841  
6.15434e-07  0.0016459  3.64659e-10  0.000805832  1.00224  0.0283555  
6.4928e-07  0.00167793  3.922e-10  0.000821513  1.00228  0.0286294  
6.84987e-07  0.00171058  4.21821e-10  0.0008375  1.00233  0.028906  
7.22659e-07  0.00174387  4.5368e-10  0.000853798  1.00237  0.0291852  
7.62402e-07  0.0017778  4.87944e-10  0.000870413  1.00242  0.0294672  
8.0433e-07  0.0018124  5.24797e-10  0.000887351  1.00246  0.0297518  
8.48565e-07  0.00184767  5.64432e-10  0.000904619  1.00251  0.0300392  
8.95232e-07  0.00188363  6.07062e-10  0.000922223  1.00256  0.0303293  
9.44466e-07  0.00192028  6.5291e-10  0.00094017  1.00261  0.0306222  
9.96408e-07  0.00195765  7.02222e-10  0.000958465  1.00266  0.030918  
1.05121e-06  0.00199575  7.55258e-10  0.000977117  1.00271  0.0312165  
1.10902e-06  0.00203458  8.12299e-10  0.000996132  1.00277  0.031518  
1.17001e-06  0.00207418  8.73649e-10  0.00101552  1.00282  0.0318223  
1.23435e-06  0.00211454  9.39632e-10  0.00103528  1.00288  0.0321296  
1.30224e-06  0.00215569  1.0106e-09  0.00105543  1.00293  0.0324398  
1.37385e-06  0.00219764  1.08692e-09  0.00107596  1.00299  0.032753  
1.44941e-06  0.00224041  1.16902e-09  0.0010969  1.00305  0.0330692  
1.52912e-06  0.002284  1.25731e-09  0.00111825  1.00311  0.0333884  
1.61322e-06  0.00232845  1.35227e-09  0.00114001  1.00317  0.0337107  
1.70194e-06  0.00237376  1.4544e-09  0.00116219  1.00323  0.0340361  
1.79553e-06  0.00241996  1.56424e-09  0.00118481  1.00329  0.0343646  
1.89428e-06  0.00246705  1.68238e-09  0.00120787  1.00336  0.0346962  
1.99846e-06  0.00251506  1.80945e-09  0.00123137  1.00342  0.0350311  
2.10836e-06  0.002564  1.94611e-09  0.00125533  1.00349  0.0353691  
2.22432e-06  0.0026139  2.09309e-09  0.00127976  1.00355  0.0357104  
2.34664e-06  0.00266476  2.25117e-09  0.00130467  1.00362  0.0360549  
2.4757e-06  0.00271662  2.42119e-09  0.00133006  1.00369  0.0364028  
2.61185e-06  0.00276948  2.60405e-09  0.00135594  1.00377  0.0367539  
2.75549e-06  0.00282338  2.80073e-09  0.00138233  1.00384  0.0371085  
2.90703e-06  0.00287832  3.01225e-09  0.00140923  1.00391  0.0374664  
3.0669e-06  0.00293433  3.23976e-09  0.00143665  1.00399  0.0378278  
3.23557e-06  0.00299144  3.48444e-09  0.00146461  1.00407  0.0381926  
3.41351e-06  0.00304965  3.74761e-09  0.00149311  1.00415  0.0385609  
3.60124e-06  0.003109  4.03065e-09  0.00152217  1.00423  0.0389327  
3.79929e-06  0.0031695  4.33506e-09  0.00155179  1.00431  0.0393081  
4.00823e-06  0.00323118  4.66247e-09  0.00158198  1.00439  0.0396871  
4.22867e-06  0.00329406  5.01461e-09  0.00161277  1.00448  0.0400697  
4.46123e-06  0.00335816  5.39334e-09  0.00164415  1.00457  0.0404559  
4.70658e-06  0.00342351  5.80068e-09  0.00167615  1.00466  0.0408458  
4.96542e-06  0.00349013  6.23878e-09  0.00170877  1.00475  0.0412395  
5.23849e-06  0.00355805  6.70997e-09  0.00174202  1.00484  0.0416369  
5.52659e-06  0.00362729  7.21675e-09  0.00177592  1.00493  0.0420381  
5.83052e-06  0.00369788  7.7618e-09  0.00181048  1.00503  0.0424431  
6.15118e-06  0.00376984  8.34801e-09  0.00184571  1.00513  0.042852  
6.48946e-06  0.0038432  8.97851e-09  0.00188163  1.00523  0.0432648  
6.84635e-06  0.00391799  9.65661e-09  0.00191825  1.00533  0.0436816  
7.22287e-06  0.00399423  1.03859e-08  0.00195558  1.00543  0.0441023  
7.6201e-06  0.00407196  1.11703e-08  0.00199363  1.00554  0.044527  
8.03917e-06  0.0041512  1.2014e-08  0.00203243  1.00565  0.0449557  
8.48129e-06  0.00423198  1.29214e-08  0.00207198  1.00576  0.0453886  
8.94772e-06  0.00431434  1.38973e-08  0.0021123  1.00587  0.0458255  
9.43981e-06  0.0043983  1.49469e-08  0.00215341  1.00598  0.0462666  
9.95895e-06  0.00448389  1.60757e-08  0.00219531  1.0061  0.0467119  
1.05067e-05  0.00457114  1.72899e-08  0.00223803  1.00622  0.0471615  
1.10845e-05  0.0046601  1.85957e-08  0.00228158  1.00634  0.0476153  
1.16941e-05  0.00475078  2.00002e-08  0.00232598  1.00646  0.0480734  
1.23372e-05  0.00484323  2.15107e-08  0.00237125  1.00659  0.0485359  
1.30157e-05  0.00493748  2.31353e-08  0.00241739  1.00671  0.0490027  
1.37315e-05  0.00503357  2.48826e-08  0.00246443  1.00685  0.049474  
1.44867e-05  0.00513152  2.67619e-08  0.00251239  1.00698  0.0499498  
1.52834e-05  0.00523138  2.87831e-08  0.00256128  1.00711  0.0504301  
1.61239e-05  0.00533318  3.0957e-08  0.00261113  1.00725  0.0509149  
1.70106e-05  0.00543697  3.3295e-08  0.00266194  1.00739  0.0514043  
1.79461e-05  0.00554277  3.58097e-08  0.00271374  1.00754  0.0518983  
1.89331e-05  0.00565064  3.85142e-08  0.00276655  1.00768  0.0523971  
1.99743e-05  0.0057606  4.1423e-08  0.00282039  1.00783  0.0529005  
2.10728e-05  0.0058727  4.45515e-08  0.00287527  1.00799  0.0534087  
2.22317e-05  0.00598698  4.79163e-08  0.00293123  1.00814  0.0539217  
2.34544e-05  0.00610349  5.15352e-08  0.00298827  1.0083  0.0544396  
2.47442e-05  0.00622226  5.54275e-08  0.00304642  1.00846  0.0549623  
2.61051e-05  0.00634335  5.96137e-08  0.0031057  1.00863  0.05549  
2.75407e-05  0.00646679  6.41161e-08  0.00316614  1.00879  0.0560227  
2.90554e-05  0.00659264  6.89585e-08  0.00322775  1.00897  0.0565603  
3.06533e-05  0.00672093  7.41666e-08  0.00329057  1.00914  0.0571031  
3.23391e-05  0.00685172  7.97681e-08  0.0033546  1.00932  0.0576509  
3.41176e-05  0.00698505  8.57927e-08  0.00341988  1.0095  0.058204  
3.59939e-05  0.00712098  9.22722e-08  0.00348643  1.00968  0.0587622  
3.79734e-05  0.00725956  9.92412e-08  0.00355428  1.00987  0.0593256  
4.00617e-05  0.00740083  1.06736e-07  0.00362345  1.01007  0.0598944  
4.2265e-05  0.00754485  1.14798e-07  0.00369396  1.01026  0.0604685  
4.45893e-05  0.00769167  1.23468e-07  0.00376584  1.01046  0.061048  
4.70416e-05  0.00784135  1.32793e-07  0.00383913  1.01066  0.0616329  
4.96286e-05  0.00799395  1.42822e-07  0.00391384  1.01087  0.0622233  
5.2358e-05  0.00814951  1.53609e-07  0.00399  1.01108  0.0628193  
5.52374e-05  0.0083081  1.65211e-07  0.00406765  1.0113  0.0634208  
5.82753e-05  0.00846978  1.77688e-07  0.0041468  1.01152  0.064028  
6.14801e-05  0.0086346  1.91108e-07  0.0042275  1.01174  0.0646408  
6.48613e-05  0.00880263  2.05542e-07  0.00430977  1.01197  0.0652594  
6.84283e-05  0.00897393  2.21066e-07  0.00439364  1.0122  0.0658837  
7.21916e-05  0.00914856  2.37762e-07  0.00447914  1.01244  0.0665138  
7.61618e-05  0.00932659  2.55719e-07  0.0045663  1.01268  0.0671499  
8.03504e-05  0.00950809  2.75032e-07  0.00465516  1.01293  0.0677918  
8.47693e-05  0.00969312  2.95804e-07  0.00474575  1.01318  0.0684398  
8.94312e-05  0.00988175  3.18145e-07  0.0048381  1.01344  0.0690937  
9.43495e-05  0.010074  3.42173e-07  0.00493225  1.0137  0.0697538  
9.95383e-05  0.0102701  3.68016e-07  0.00502824  1.01397  0.07042  
0.000105013  0.0104699  3.95811e-07  0.00512609  1.01424  0.0710923  
0.000110788  0.0106737  4.25705e-07  0.00522584  1.01452  0.0717709  
0.000116881  0.0108814  4.57857e-07  0.00532753  1.0148  0.0724558  
0.000123308  0.0110932  4.92437e-07  0.00543121  1.01509  0.073147  
0.00013009  0.011309  5.29629e-07  0.0055369  1.01538  0.0738446  
0.000137244  0.0115291  5.69629e-07  0.00564465  1.01568  0.0745487  
0.000144792  0.0117535  6.12651e-07  0.00575449  1.01598  0.0752593  
0.000152755  0.0119822  6.58922e-07  0.00586648  1.0163  0.0759764  
0.000161156  0.0122154  7.08687e-07  0.00598064  1.01661  0.0767001  
0.000170019  0.0124531  7.62212e-07  0.00609702  1.01694  0.0774305  
0.000179369  0.0126954  8.19778e-07  0.00621567  1.01727  0.0781676  
0.000189233  0.0129425  8.81693e-07  0.00633663  1.0176  0.0789115  
0.00019964  0.0131943  9.48283e-07  0.00645994  1.01794  0.0796622  
0.00021062  0.0134511  1.0199e-06  0.00658565  1.01829  0.0804198  
0.000222203  0.0137128  1.09693e-06  0.00671381  1.01865  0.0811843  
0.000234423  0.0139797  1.17978e-06  0.00684446  1.01901  0.0819558  
0.000247315  0.0142521  1.28861e-06  0.0156312  1.01946  0.123825  
0.000260917  0.0145465  1.51312e-06  0.0173977  1.02035  0.130579  
0.000275266  0.0148742  1.77674e-06  0.0193639  1.02133  0.137694  
0.000290404  0.015239  2.0863e-06  0.0215524  1.02242  0.145188  
0.000306375  0.0156449  2.44979e-06  0.0239881  1.02364  0.153082  
0.000323224  0.0160968  2.8766e-06  0.0266991  1.025  0.161394  
0.000341  0.0165997  3.37778e-06  0.0297166  1.02651  0.170145  
0.000359754  0.0171594  3.96628e-06  0.033075  1.02818  0.179355  
0.000379539  0.0177824  4.65732e-06  0.036813  1.03005  0.189047  
0.000400412  0.0184758  5.46874e-06  0.0409734  1.03213  0.199243  
0.000422432  0.0192476  6.42154e-06  0.0456041  1.03445  0.209965  
0.000445664  0.0201066  7.54035e-06  0.050758  1.03703  0.221237  
0.000470174  0.0210627  8.85407e-06  0.0564945  1.03989  0.233082  
0.000496031  0.0221268  1.03967e-05  0.0628792  1.04309  0.245524  
0.000523311  0.0233112  1.22081e-05  0.0699856  1.04664  0.258586  
0.000552091  0.0246294  1.4335e-05  0.077895  1.05059  0.272293  
0.000582453  0.0260967  1.68326e-05  0.0866984  1.055  0.286669  
0.000614485  0.0277297  1.97653e-05  0.0964966  1.0599  0.301734  
0.000648279  0.0295473  2.32089e-05  0.107402  1.06535  0.317513  
0.000683932  0.0315703  2.72525e-05  0.11954  1.07142  0.334024  
0.000721545  0.033822  3.20006e-05  0.13305  1.07817  0.351288  
0.000761227  0.0363281  3.75759e-05  0.148087  1.08569  0.369322  
0.000803091  0.0391175  4.41227e-05  0.164823  1.09406  0.38814  
0.000847257  0.0422221  5.181e-05  0.183451  1.10337  0.407754  
0.000893853  0.0456775  6.08367e-05  0.204184  1.11374  0.428172  
0.00094301  0.0495235  7.1436e-05  0.22726  1.12528  0.449398  
0.000994872  0.0538042  8.38821e-05  0.252943  1.13812  0.471431  
0.00104959  0.0585686  9.84966e-05  0.28153  1.15241  0.494263  
0.00110731  0.0638715  0.000115657  0.313347  1.16832  0.517883  
0.0011682  0.0697736  0.000135808  0.34876  1.18603  0.542271  
0.00123245  0.0763429  0.000159469  0.388176  1.20573  0.567399  
0.00130023  0.0836545  0.000187253  0.432046  1.22767  0.593231  
0.00137174  0.0917925  0.000219877  0.480873  1.25208  0.619725  
0.00144718  0.10085  0.000258186  0.53522  1.27926  0.646826  
0.00152676  0.110932  0.000303169  0.595708  1.3095  0.674472  
0.00161073  0.122152  0.000355988  0.663032  1.34316  0.702592  
0.00169931  0.134641  0.000418011  0.737965  1.38063  0.731104  
0.00179277  0.148541  0.00049084  0.821366  1.42233  0.759921  
0.00189136  0.164013  0.000576357  0.914194  1.46874  0.788944  
0.00199538  0.181232  0.000676774  1.01751  1.5204  0.81807  
0.00210511  0.200398  0.000794685  1.13251  1.5779  0.84719  
0.00222089  0.22173  0.000933141  1.2605  1.6419  0.87619  
0.00234303  0.245472  0.00109572  1.40295  1.71312  0.904956  
0.00247188  0.271898  0.00128662  1.56151  1.7924  0.933372  
0.00260782  0.301311  0.00151079  1.73798  1.88064  0.961325  
0.00275124  0.334047  0.001774  1.9344  1.97885  0.988706  
0.00290255  0.370484  0.00208308  2.15302  2.08816  1.01541  
0.00306218  0.411038  0.00244601  2.39635  2.20982  1.04135  
0.00323058  0.456175  0.00287217  2.66717  2.34523  1.06643  
0.00340825  0.506414  0.00337258  2.9686  2.49595  1.09058  
0.00359569  0.56233  0.00396017  3.3041  2.6637  1.11374  
0.00379344  0.624566  0.00465014  3.67751  2.8504  1.13586  
0.00400206  0.693835  0.00546031  4.09313  3.05821  1.1569  
0.00422215  0.770933  0.00641165  4.55572  3.28951  1.17683  
0.00445435  0.856744  0.00752872  5.07059  3.54694  1.19564  
0.00469932  0.952254  0.00884043  5.64364  3.83347  1.21334  
0.00495776  1.05856  0.0103807  6.28146  4.15238  1.22993  
0.00523042  1.17687  0.0121892  6.99136  4.50733  1.24544  
0.00551807  1.30856  0.0143129  7.7815  4.90239  1.25987  
0.00582154  1.45513  0.0168066  8.66093  5.34211  1.27329  
0.0061417  1.61827  0.0197348  9.63974  5.83152  1.28571  
0.00647946  1.79984  0.0231731  10.7292  6.37624  1.29718  
0.0068358  2.00194  0.0272105  11.9418  6.98252  1.30776  
0.00721174  2.22687  0.0319513  13.2914  7.65732  1.31749  
0.00760835  2.47723  0.037518  14.7935  8.40839  1.32641  
0.00802678  2.75588  0.0440547  16.4654  9.24434  1.33459  
0.00846822  3.06602  0.0517301  18.3262  10.1748  1.34207  
0.00893393  3.41121  0.0607429  20.3974  11.2103  1.34889  
0.00942526  3.79541  0.0713259  22.7026  12.3629  1.35512  
0.0099436  4.22304  0.0837528  25.2683  13.6458  1.36078  
0.0104905  4.69899  0.0983447  28.1241  15.0737  1.36593  
0.0110674  5.22873  0.115479  31.3025  16.6629  1.37061  
0.011676  5.81834  0.135599  34.8402  18.4317  1.37486  
0.0123182  6.47459  0.159223  38.7777  20.4005  1.3787  
0.0129956  7.20501  0.186964  43.1601  22.5917  1.38219  
0.0137103  8.01797  0.219538  48.0379  25.0306  1.38534  
0.0144643  8.92281  0.257788  53.467  27.7451  1.38819  
0.0152598  9.92991  0.302701  59.5096  30.7664  1.39077  
0.016099  11.0508  0.35544  66.2351  34.1292  1.3931  
0.0169844  12.2984  0.417367  73.7206  37.872  1.3952  
0.0179185  13.687  0.490083  82.0522  42.0378  1.39709  
0.0189039  15.2325  0.575469  91.3254  46.6744  1.3988  
0.0199435  16.9527  0.675731  101.647  51.8349  1.40035  
0.0210403  18.8674  0.793461  113.134  57.5788  1.40173  
0.0221975  20.9983  0.931703  125.92  63.9717  1.40299  
0.0234182  23.3702  1.09403  140.151  71.0872  1.40411  
0.0247061  26.01  1.28464  155.99  79.0068  1.40513  
0.0260648  28.9483  1.50846  173.62  87.8215  1.40604  
0.0274983  32.2186  1.77127  193.241  97.6324  1.40687  
0.0290106  35.8584  2.07987  215.081  108.552  1.40761  
0.030606  39.9097  2.44224  239.388  120.706  1.40827  
0.0322892  44.4188  2.86774  266.443  134.233  1.40887  
0.034065  49.4375  3.36738  296.555  149.289  1.40941  
0.0359384  55.0234  3.95407  330.07  166.047  1.4099  
0.0379149  61.2406  4.64297  367.373  184.698  1.41034  
0.04  68.1604  5.4519  408.892  205.458  1.41073  
