# PlotEOS table
# PiecewisePolytrope(Gammas=1.33333333,3.00; Rhos=2.45e-4; Kappa0=0.0817168; Smooth=0; GammaTh=2;)
#[1] rho
#[2] eps
#[3] P
#[4] dP/drho
#[5] h
#[6] cs
1e-13  1.13789e-05  3.79296e-19  5.05728e-06  1.00002  0.00224882  
1.055e-13  1.15838e-05  4.0736e-19  5.14834e-06  1.00002  0.00226898  
1.11302e-13  1.17923e-05  4.37502e-19  5.24104e-06  1.00002  0.00228931  
1.17423e-13  1.20047e-05  4.69873e-19  5.33541e-06  1.00002  0.00230983  
1.2388e-13  1.22208e-05  5.0464e-19  5.43147e-06  1.00002  0.00233053  
1.30693e-13  1.24409e-05  5.41979e-19  5.52927e-06  1.00002  0.00235142  
1.37881e-13  1.26649e-05  5.8208e-19  5.62883e-06  1.00002  0.0023725  
1.45464e-13  1.28929e-05  6.25149e-19  5.73018e-06  1.00002  0.00239376  
1.53463e-13  1.31251e-05  6.71405e-19  5.83336e-06  1.00002  0.00241521  
1.61903e-13  1.33614e-05  7.21083e-19  5.93839e-06  1.00002  0.00243686  
1.70807e-13  1.3602e-05  7.74437e-19  6.04531e-06  1.00002  0.0024587  
1.80201e-13  1.38469e-05  8.31739e-19  6.15416e-06  1.00002  0.00248074  
1.90111e-13  1.40962e-05  8.93281e-19  6.26497e-06  1.00002  0.00250297  
2.00566e-13  1.435e-05  9.59376e-19  6.37778e-06  1.00002  0.0025254  
2.11597e-13  1.46084e-05  1.03036e-18  6.49262e-06  1.00002  0.00254804  
2.23233e-13  1.48714e-05  1.1066e-18  6.60952e-06  1.00002  0.00257087  
2.3551e-13  1.51392e-05  1.18848e-18  6.72853e-06  1.00002  0.00259391  
2.48462e-13  1.54118e-05  1.27642e-18  6.84968e-06  1.00002  0.00261716  
2.62127e-13  1.56893e-05  1.37086e-18  6.97301e-06  1.00002  0.00264062  
2.76542e-13  1.59718e-05  1.47229e-18  7.09857e-06  1.00002  0.00266429  
2.91751e-13  1.62594e-05  1.58123e-18  7.22638e-06  1.00002  0.00268816  
3.07796e-13  1.65521e-05  1.69823e-18  7.3565e-06  1.00002  0.00271226  
3.24723e-13  1.68502e-05  1.82388e-18  7.48896e-06  1.00002  0.00273657  
3.42582e-13  1.71536e-05  1.95883e-18  7.6238e-06  1.00002  0.00276109  
3.61422e-13  1.74624e-05  2.10377e-18  7.76107e-06  1.00002  0.00278584  
3.81299e-13  1.77768e-05  2.25943e-18  7.90082e-06  1.00002  0.00281081  
4.02269e-13  1.80969e-05  2.42661e-18  8.04308e-06  1.00002  0.002836  
4.24392e-13  1.84228e-05  2.60616e-18  8.1879e-06  1.00002  0.00286142  
4.47731e-13  1.87545e-05  2.79899e-18  8.33533e-06  1.00003  0.00288706  
4.72354e-13  1.90922e-05  3.00609e-18  8.48541e-06  1.00003  0.00291294  
4.98332e-13  1.94359e-05  3.22852e-18  8.6382e-06  1.00003  0.00293904  
5.25738e-13  1.97859e-05  3.4674e-18  8.79373e-06  1.00003  0.00296538  
5.54651e-13  2.01422e-05  3.72396e-18  8.95207e-06  1.00003  0.00299196  
5.85154e-13  2.05048e-05  3.9995e-18  9.11326e-06  1.00003  0.00301878  
6.17335e-13  2.0874e-05  4.29543e-18  9.27735e-06  1.00003  0.00304583  
6.51286e-13  2.12499e-05  4.61325e-18  9.44439e-06  1.00003  0.00307313  
6.87104e-13  2.16325e-05  4.95459e-18  9.61445e-06  1.00003  0.00310067  
7.24891e-13  2.2022e-05  5.32119e-18  9.78756e-06  1.00003  0.00312846  
7.64757e-13  2.24185e-05  5.71491e-18  9.96379e-06  1.00003  0.0031565  
8.06815e-13  2.28222e-05  6.13777e-18  1.01432e-05  1.00003  0.00318479  
8.51187e-13  2.32331e-05  6.59191e-18  1.03258e-05  1.00003  0.00321333  
8.97998e-13  2.36515e-05  7.07965e-18  1.05118e-05  1.00003  0.00324213  
9.47384e-13  2.40773e-05  7.60349e-18  1.0701e-05  1.00003  0.00327119  
9.99486e-13  2.45108e-05  8.16608e-18  1.08937e-05  1.00003  0.00330051  
1.05445e-12  2.49522e-05  8.7703e-18  1.10899e-05  1.00003  0.00333009  
1.11244e-12  2.54015e-05  9.41923e-18  1.12895e-05  1.00003  0.00335993  
1.17362e-12  2.58588e-05  1.01162e-17  1.14928e-05  1.00003  0.00339005  
1.23817e-12  2.63244e-05  1.08647e-17  1.16997e-05  1.00004  0.00342043  
1.30626e-12  2.67984e-05  1.16686e-17  1.19104e-05  1.00004  0.00345108  
1.3781e-12  2.72809e-05  1.25319e-17  1.21249e-05  1.00004  0.00348201  
1.45389e-12  2.77722e-05  1.34592e-17  1.23432e-05  1.00004  0.00351322  
1.53385e-12  2.82722e-05  1.44551e-17  1.25654e-05  1.00004  0.00354471  
1.6182e-12  2.87813e-05  1.55246e-17  1.27917e-05  1.00004  0.00357648  
1.70719e-12  2.92995e-05  1.66733e-17  1.3022e-05  1.00004  0.00360853  
1.80108e-12  2.98271e-05  1.7907e-17  1.32565e-05  1.00004  0.00364087  
1.90013e-12  3.03641e-05  1.9232e-17  1.34952e-05  1.00004  0.0036735  
2.00463e-12  3.09108e-05  2.0655e-17  1.37382e-05  1.00004  0.00370643  
2.11488e-12  3.14674e-05  2.21833e-17  1.39855e-05  1.00004  0.00373964  
2.23119e-12  3.2034e-05  2.38246e-17  1.42373e-05  1.00004  0.00377316  
2.35389e-12  3.26108e-05  2.55874e-17  1.44937e-05  1.00004  0.00380698  
2.48335e-12  3.3198e-05  2.74807e-17  1.47547e-05  1.00004  0.00384109  
2.61992e-12  3.37957e-05  2.9514e-17  1.50203e-05  1.00005  0.00387552  
2.764e-12  3.44043e-05  3.16978e-17  1.52908e-05  1.00005  0.00391025  
2.91601e-12  3.50237e-05  3.40432e-17  1.55661e-05  1.00005  0.0039453  
3.07638e-12  3.56544e-05  3.65621e-17  1.58464e-05  1.00005  0.00398066  
3.24557e-12  3.62963e-05  3.92674e-17  1.61317e-05  1.00005  0.00401633  
3.42406e-12  3.69499e-05  4.21728e-17  1.64222e-05  1.00005  0.00405233  
3.61236e-12  3.76152e-05  4.52933e-17  1.67179e-05  1.00005  0.00408865  
3.81103e-12  3.82925e-05  4.86446e-17  1.70189e-05  1.00005  0.00412529  
4.02062e-12  3.8982e-05  5.22439e-17  1.73253e-05  1.00005  0.00416226  
4.24173e-12  3.96839e-05  5.61095e-17  1.76373e-05  1.00005  0.00419956  
4.47501e-12  4.03984e-05  6.02611e-17  1.79548e-05  1.00005  0.0042372  
4.72112e-12  4.11258e-05  6.47199e-17  1.82781e-05  1.00005  0.00427518  
4.98076e-12  4.18663e-05  6.95086e-17  1.86072e-05  1.00006  0.00431349  
5.25468e-12  4.26201e-05  7.46516e-17  1.89423e-05  1.00006  0.00435215  
5.54366e-12  4.33875e-05  8.01752e-17  1.92833e-05  1.00006  0.00439115  
5.84854e-12  4.41687e-05  8.61075e-17  1.96306e-05  1.00006  0.00443051  
6.17018e-12  4.4964e-05  9.24787e-17  1.9984e-05  1.00006  0.00447021  
6.50951e-12  4.57736e-05  9.93214e-17  2.03438e-05  1.00006  0.00451028  
6.86751e-12  4.65978e-05  1.0667e-16  2.07101e-05  1.00006  0.0045507  
7.24519e-12  4.74369e-05  1.14563e-16  2.1083e-05  1.00006  0.00459148  
7.64364e-12  4.8291e-05  1.2304e-16  2.14627e-05  1.00006  0.00463263  
8.06401e-12  4.91605e-05  1.32144e-16  2.18491e-05  1.00007  0.00467415  
8.50749e-12  5.00457e-05  1.41921e-16  2.22425e-05  1.00007  0.00471604  
8.97537e-12  5.09468e-05  1.52422e-16  2.2643e-05  1.00007  0.00475831  
9.46897e-12  5.18641e-05  1.637e-16  2.30507e-05  1.00007  0.00480095  
9.98972e-12  5.2798e-05  1.75812e-16  2.34658e-05  1.00007  0.00484398  
1.05391e-11  5.37486e-05  1.88821e-16  2.38883e-05  1.00007  0.00488739  
1.11187e-11  5.47164e-05  2.02792e-16  2.43184e-05  1.00007  0.00493119  
1.17302e-11  5.57016e-05  2.17797e-16  2.47563e-05  1.00007  0.00497538  
1.23753e-11  5.67046e-05  2.33912e-16  2.5202e-05  1.00008  0.00501997  
1.30559e-11  5.77256e-05  2.5122e-16  2.56558e-05  1.00008  0.00506496  
1.37739e-11  5.87649e-05  2.69808e-16  2.61178e-05  1.00008  0.00511035  
1.45314e-11  5.98231e-05  2.89771e-16  2.6588e-05  1.00008  0.00515615  
1.53306e-11  6.09002e-05  3.11212e-16  2.70668e-05  1.00008  0.00520236  
1.61737e-11  6.19968e-05  3.34239e-16  2.75541e-05  1.00008  0.00524898  
1.70632e-11  6.31131e-05  3.5897e-16  2.80502e-05  1.00008  0.00529603  
1.80016e-11  6.42494e-05  3.8553e-16  2.85553e-05  1.00009  0.00534349  
1.89916e-11  6.54063e-05  4.14056e-16  2.90695e-05  1.00009  0.00539138  
2.0036e-11  6.6584e-05  4.44693e-16  2.95929e-05  1.00009  0.00543969  
2.11379e-11  6.77829e-05  4.77596e-16  3.01257e-05  1.00009  0.00548844  
2.23004e-11  6.90034e-05  5.12934e-16  3.06682e-05  1.00009  0.00553763  
2.35268e-11  7.02458e-05  5.50887e-16  3.12204e-05  1.00009  0.00558726  
2.48207e-11  7.15106e-05  5.91648e-16  3.17825e-05  1.0001  0.00563733  
2.61857e-11  7.27982e-05  6.35425e-16  3.23548e-05  1.0001  0.00568785  
2.76258e-11  7.4109e-05  6.82441e-16  3.29373e-05  1.0001  0.00573882  
2.91451e-11  7.54434e-05  7.32936e-16  3.35304e-05  1.0001  0.00579025  
3.0748e-11  7.68018e-05  7.87167e-16  3.41341e-05  1.0001  0.00584214  
3.2439e-11  7.81847e-05  8.4541e-16  3.47487e-05  1.0001  0.0058945  
3.4223e-11  7.95925e-05  9.07963e-16  3.53744e-05  1.00011  0.00594732  
3.61051e-11  8.10256e-05  9.75145e-16  3.60114e-05  1.00011  0.00600062  
3.80907e-11  8.24845e-05  1.0473e-15  3.66598e-05  1.00011  0.0060544  
4.01855e-11  8.39697e-05  1.12479e-15  3.73199e-05  1.00011  0.00610866  
4.23955e-11  8.54816e-05  1.20801e-15  3.79918e-05  1.00011  0.0061634  
4.47271e-11  8.70208e-05  1.2974e-15  3.86759e-05  1.00012  0.00621863  
4.71869e-11  8.85876e-05  1.39339e-15  3.93723e-05  1.00012  0.00627436  
4.9782e-11  9.01827e-05  1.49649e-15  4.00812e-05  1.00012  0.00633059  
5.25198e-11  9.18065e-05  1.60722e-15  4.08029e-05  1.00012  0.00638732  
5.54081e-11  9.34596e-05  1.72614e-15  4.15376e-05  1.00012  0.00644456  
5.84553e-11  9.51424e-05  1.85386e-15  4.22855e-05  1.00013  0.00650232  
6.16701e-11  9.68555e-05  1.99103e-15  4.30469e-05  1.00013  0.00656059  
6.50617e-11  9.85994e-05  2.13835e-15  4.3822e-05  1.00013  0.00661938  
6.86398e-11  0.000100375  2.29657e-15  4.4611e-05  1.00013  0.0066787  
7.24146e-11  0.000102182  2.46649e-15  4.54143e-05  1.00014  0.00673855  
7.63971e-11  0.000104022  2.64899e-15  4.6232e-05  1.00014  0.00679894  
8.05986e-11  0.000105895  2.845e-15  4.70644e-05  1.00014  0.00685987  
8.50312e-11  0.000107802  3.0555e-15  4.79118e-05  1.00014  0.00692134  
8.97075e-11  0.000109743  3.28158e-15  4.87745e-05  1.00015  0.00698337  
9.4641e-11  0.000111719  3.52439e-15  4.96527e-05  1.00015  0.00704595  
9.98459e-11  0.00011373  3.78517e-15  5.05468e-05  1.00015  0.00710909  
1.05337e-10  0.000115778  4.06524e-15  5.14569e-05  1.00015  0.00717279  
1.1113e-10  0.000117863  4.36603e-15  5.23834e-05  1.00016  0.00723707  
1.17242e-10  0.000119985  4.68908e-15  5.33266e-05  1.00016  0.00730192  
1.23689e-10  0.000122145  5.03603e-15  5.42868e-05  1.00016  0.00736736  
1.30492e-10  0.000124345  5.40865e-15  5.52643e-05  1.00017  0.00743338  
1.37668e-10  0.000126584  5.80885e-15  5.62594e-05  1.00017  0.00749999  
1.45239e-10  0.000128863  6.23865e-15  5.72723e-05  1.00017  0.0075672  
1.53227e-10  0.000131183  6.70026e-15  5.83036e-05  1.00017  0.00763501  
1.61654e-10  0.000133545  7.19602e-15  5.93534e-05  1.00018  0.00770343  
1.70544e-10  0.00013595  7.72846e-15  6.04221e-05  1.00018  0.00777246  
1.79923e-10  0.000138398  8.3003e-15  6.151e-05  1.00018  0.00784211  
1.89818e-10  0.000140889  8.91446e-15  6.26175e-05  1.00019  0.00791238  
2.00257e-10  0.000143426  9.57405e-15  6.3745e-05  1.00019  0.00798328  
2.1127e-10  0.000146009  1.02824e-14  6.48928e-05  1.00019  0.00805482  
2.22889e-10  0.000148638  1.10433e-14  6.60612e-05  1.0002  0.008127  
2.35147e-10  0.000151314  1.18604e-14  6.72507e-05  1.0002  0.00819983  
2.48079e-10  0.000154039  1.27379e-14  6.84616e-05  1.00021  0.0082733  
2.61723e-10  0.000156812  1.36804e-14  6.96943e-05  1.00021  0.00834744  
2.76116e-10  0.000159636  1.46927e-14  7.09492e-05  1.00021  0.00842224  
2.91301e-10  0.00016251  1.57798e-14  7.22267e-05  1.00022  0.00849771  
3.07322e-10  0.000165436  1.69474e-14  7.35272e-05  1.00022  0.00857385  
3.24223e-10  0.000168415  1.82013e-14  7.48511e-05  1.00022  0.00865068  
3.42054e-10  0.000171447  1.95481e-14  7.61988e-05  1.00023  0.0087282  
3.60865e-10  0.000174534  2.09945e-14  7.75708e-05  1.00023  0.00880641  
3.80711e-10  0.000177677  2.25479e-14  7.89676e-05  1.00024  0.00888532  
4.01649e-10  0.000180876  2.42162e-14  8.03894e-05  1.00024  0.00896493  
4.23738e-10  0.000184133  2.6008e-14  8.18369e-05  1.00025  0.00904526  
4.47041e-10  0.000187448  2.79324e-14  8.33104e-05  1.00025  0.00912631  
4.71626e-10  0.000190824  2.99991e-14  8.48105e-05  1.00025  0.00920809  
4.97564e-10  0.000194259  3.22188e-14  8.63375e-05  1.00026  0.0092906  
5.24928e-10  0.000197757  3.46027e-14  8.78921e-05  1.00026  0.00937384  
5.53796e-10  0.000201318  3.71631e-14  8.94747e-05  1.00027  0.00945784  
5.84253e-10  0.000204943  3.99128e-14  9.10857e-05  1.00027  0.00954258  
6.16384e-10  0.000208633  4.2866e-14  9.27258e-05  1.00028  0.00962808  
6.50282e-10  0.00021239  4.60377e-14  9.43954e-05  1.00028  0.00971435  
6.86045e-10  0.000216214  4.94441e-14  9.6095e-05  1.00029  0.00980139  
7.23774e-10  0.000220107  5.31026e-14  9.78253e-05  1.00029  0.00988922  
7.63579e-10  0.00022407  5.70317e-14  9.95867e-05  1.0003  0.00997782  
8.05572e-10  0.000228105  6.12516e-14  0.00010138  1.0003  0.0100672  
8.49875e-10  0.000232212  6.57837e-14  0.000103205  1.00031  0.0101574  
8.96614e-10  0.000236393  7.06511e-14  0.000105064  1.00032  0.0102484  
9.45924e-10  0.000240649  7.58787e-14  0.000106955  1.00032  0.0103403  
9.97946e-10  0.000244982  8.1493e-14  0.000108881  1.00033  0.0104329  
1.05283e-09  0.000249394  8.75228e-14  0.000110842  1.00033  0.0105264  
1.11073e-09  0.000253884  9.39988e-14  0.000112837  1.00034  0.0106207  
1.17181e-09  0.000258455  1.00954e-13  0.000114869  1.00034  0.0107159  
1.23626e-09  0.000263109  1.08424e-13  0.000116937  1.00035  0.0108119  
1.30425e-09  0.000267846  1.16446e-13  0.000119043  1.00036  0.0109087  
1.37598e-09  0.000272669  1.25062e-13  0.000121186  1.00036  0.0110065  
1.45165e-09  0.000277579  1.34316e-13  0.000123368  1.00037  0.0111051  
1.53148e-09  0.000282577  1.44254e-13  0.00012559  1.00038  0.0112046  
1.61571e-09  0.000287665  1.54927e-13  0.000127851  1.00038  0.011305  
1.70456e-09  0.000292844  1.66391e-13  0.000130153  1.00039  0.0114062  
1.79831e-09  0.000298117  1.78702e-13  0.000132497  1.0004  0.0115084  
1.89721e-09  0.000303485  1.91925e-13  0.000134882  1.0004  0.0116115  
2.00154e-09  0.00030895  2.06125e-13  0.000137311  1.00041  0.0117156  
2.11162e-09  0.000314512  2.21377e-13  0.000139783  1.00042  0.0118205  
2.22775e-09  0.000320175  2.37757e-13  0.0001423  1.00043  0.0119264  
2.35026e-09  0.00032594  2.55349e-13  0.000144862  1.00043  0.0120333  
2.47952e-09  0.000331809  2.74242e-13  0.000147471  1.00044  0.0121411  
2.61588e-09  0.000337784  2.94534e-13  0.000150126  1.00045  0.0122498  
2.75974e-09  0.000343866  3.16327e-13  0.000152829  1.00046  0.0123596  
2.91152e-09  0.000350057  3.39732e-13  0.000155581  1.00047  0.0124703  
3.07164e-09  0.00035636  3.6487e-13  0.000158382  1.00048  0.012582  
3.24056e-09  0.000362777  3.91867e-13  0.000161234  1.00048  0.0126947  
3.41878e-09  0.000369309  4.20862e-13  0.000164137  1.00049  0.0128085  
3.6068e-09  0.000375958  4.52002e-13  0.000167093  1.0005  0.0129232  
3.80516e-09  0.000382728  4.85446e-13  0.000170101  1.00051  0.013039  
4.01442e-09  0.000389619  5.21365e-13  0.000173164  1.00052  0.0131558  
4.2352e-09  0.000396635  5.59942e-13  0.000176282  1.00053  0.0132736  
4.46811e-09  0.000403776  6.01373e-13  0.000179456  1.00054  0.0133925  
4.71384e-09  0.000411046  6.45869e-13  0.000182687  1.00055  0.0135125  
4.97308e-09  0.000418448  6.93658e-13  0.000185977  1.00056  0.0136335  
5.24658e-09  0.000425982  7.44983e-13  0.000189325  1.00057  0.0137556  
5.53512e-09  0.000433652  8.00105e-13  0.000192734  1.00058  0.0138789  
5.83952e-09  0.00044146  8.59306e-13  0.000196205  1.00059  0.0140032  
6.16067e-09  0.000449409  9.22887e-13  0.000199737  1.0006  0.0141286  
6.49948e-09  0.000457501  9.91173e-13  0.000203334  1.00061  0.0142552  
6.85692e-09  0.000465739  1.06451e-12  0.000206995  1.00062  0.0143829  
7.23402e-09  0.000474125  1.14328e-12  0.000210722  1.00063  0.0145117  
7.63186e-09  0.000482662  1.22787e-12  0.000214516  1.00064  0.0146417  
8.05158e-09  0.000491352  1.31872e-12  0.000218379  1.00066  0.0147728  
8.49438e-09  0.000500199  1.41629e-12  0.000222311  1.00067  0.0149051  
8.96153e-09  0.000509206  1.52109e-12  0.000226314  1.00068  0.0150386  
9.45438e-09  0.000518374  1.63364e-12  0.000230389  1.00069  0.0151733  
9.97433e-09  0.000527708  1.75451e-12  0.000234537  1.0007  0.0153092  
1.05229e-08  0.00053721  1.88433e-12  0.00023876  1.00072  0.0154463  
1.11016e-08  0.000546883  2.02375e-12  0.000243059  1.00073  0.0155847  
1.17121e-08  0.00055673  2.17349e-12  0.000247435  1.00074  0.0157242  
1.23562e-08  0.000566754  2.33431e-12  0.000251891  1.00076  0.0158651  
1.30358e-08  0.000576959  2.50703e-12  0.000256426  1.00077  0.0160072  
1.37527e-08  0.000587347  2.69253e-12  0.000261043  1.00078  0.0161505  
1.4509e-08  0.000597923  2.89176e-12  0.000265744  1.0008  0.0162951  
1.53069e-08  0.000608689  3.10572e-12  0.000270528  1.00081  0.0164411  
1.61488e-08  0.000619649  3.33552e-12  0.0002754  1.00083  0.0165883  
1.70369e-08  0.000630806  3.58232e-12  0.000280358  1.00084  0.0167369  
1.79738e-08  0.000642164  3.84738e-12  0.000285406  1.00086  0.0168867  
1.89623e-08  0.000653727  4.13205e-12  0.000290545  1.00087  0.017038  
2.00051e-08  0.000665498  4.43779e-12  0.000295777  1.00089  0.0171905  
2.11053e-08  0.00067748  4.76615e-12  0.000301102  1.0009  0.0173445  
2.2266e-08  0.000689679  5.1188e-12  0.000306524  1.00092  0.0174998  
2.34906e-08  0.000702097  5.49755e-12  0.000312043  1.00094  0.0176565  
2.47824e-08  0.000714739  5.90432e-12  0.000317662  1.00095  0.0178146  
2.61454e-08  0.000727608  6.34119e-12  0.000323381  1.00097  0.0179741  
2.75832e-08  0.000740709  6.81039e-12  0.000329204  1.00099  0.018135  
2.91002e-08  0.000754046  7.3143e-12  0.000335132  1.00101  0.0182974  
3.07006e-08  0.000767623  7.85549e-12  0.000341166  1.00102  0.0184612  
3.2389e-08  0.000781445  8.43673e-12  0.000347309  1.00104  0.0186265  
3.41702e-08  0.000795515  9.06098e-12  0.000353562  1.00106  0.0187933  
3.60494e-08  0.000809839  9.73142e-12  0.000359929  1.00108  0.0189615  
3.8032e-08  0.000824421  1.04515e-11  0.000366409  1.0011  0.0191313  
4.01236e-08  0.000839265  1.12248e-11  0.000373007  1.00112  0.0193026  
4.23302e-08  0.000854377  1.20553e-11  0.000379723  1.00114  0.0194754  
4.46582e-08  0.00086976  1.29473e-11  0.00038656  1.00116  0.0196497  
4.71142e-08  0.000885421  1.39053e-11  0.00039352  1.00118  0.0198257  
4.97052e-08  0.000901364  1.49342e-11  0.000400606  1.0012  0.0200031  
5.24388e-08  0.000917593  1.60392e-11  0.000407819  1.00122  0.0201822  
5.53227e-08  0.000934115  1.72259e-11  0.000415162  1.00125  0.0203629  
5.83652e-08  0.000950935  1.85005e-11  0.000422638  1.00127  0.0205451  
6.1575e-08  0.000968057  1.98694e-11  0.000430247  1.00129  0.020729  
6.49614e-08  0.000985487  2.13395e-11  0.000437994  1.00131  0.0209146  
6.8534e-08  0.00100323  2.29185e-11  0.000445881  1.00134  0.0211018  
7.2303e-08  0.0010213  2.46143e-11  0.000453909  1.00136  0.0212907  
7.62794e-08  0.00103968  2.64355e-11  0.000462082  1.00139  0.0214812  
8.04744e-08  0.00105841  2.83915e-11  0.000470402  1.00141  0.0216735  
8.49001e-08  0.00107746  3.04922e-11  0.000478872  1.00144  0.0218674  
8.95693e-08  0.00109686  3.27484e-11  0.000487495  1.00146  0.0220632  
9.44952e-08  0.00111661  3.51715e-11  0.000496272  1.00149  0.0222606  
9.9692e-08  0.00113672  3.77739e-11  0.000505208  1.00152  0.0224598  
1.05175e-07  0.00115719  4.05688e-11  0.000514305  1.00154  0.0226608  
1.10959e-07  0.00117802  4.35706e-11  0.000523565  1.00157  0.0228636  
1.17061e-07  0.00119923  4.67944e-11  0.000532992  1.0016  0.0230682  
1.23499e-07  0.00122083  5.02568e-11  0.000542589  1.00163  0.0232746  
1.30291e-07  0.00124281  5.39754e-11  0.000552359  1.00166  0.0234829  
1.37456e-07  0.00126518  5.79691e-11  0.000562304  1.00169  0.023693  
1.45016e-07  0.00128797  6.22583e-11  0.000572429  1.00172  0.023905  
1.52991e-07  0.00131116  6.68649e-11  0.000582736  1.00175  0.0241189  
1.61405e-07  0.00133476  7.18124e-11  0.000593229  1.00178  0.0243346  
1.70281e-07  0.0013588  7.71259e-11  0.00060391  1.00181  0.0245524  
1.79646e-07  0.00138326  8.28325e-11  0.000614784  1.00184  0.024772  
1.89526e-07  0.00140817  8.89614e-11  0.000625854  1.00188  0.0249936  
1.99949e-07  0.00143353  9.55438e-11  0.000637122  1.00191  0.0252172  
2.10945e-07  0.00145934  1.02613e-10  0.000648594  1.00195  0.0254428  
2.22546e-07  0.00148561  1.10206e-10  0.000660273  1.00198  0.0256704  
2.34785e-07  0.00151236  1.1836e-10  0.000672161  1.00202  0.0259  
2.47697e-07  0.00153959  1.27118e-10  0.000684264  1.00205  0.0261316  
2.61319e-07  0.00156732  1.36523e-10  0.000696585  1.00209  0.0263654  
2.75691e-07  0.00159554  1.46625e-10  0.000709127  1.00213  0.0266012  
2.90852e-07  0.00162426  1.57474e-10  0.000721896  1.00217  0.0268391  
3.06848e-07  0.00165351  1.69126e-10  0.000734894  1.0022  0.0270791  
3.23723e-07  0.00168328  1.81639e-10  0.000748126  1.00224  0.0273212  
3.41527e-07  0.00171359  1.95079e-10  0.000761597  1.00228  0.0275656  
3.60309e-07  0.00174445  2.09513e-10  0.00077531  1.00233  0.0278121  
3.80124e-07  0.00177586  2.25016e-10  0.00078927  1.00237  0.0280607  
4.0103e-07  0.00180783  2.41665e-10  0.000803481  1.00241  0.0283116  
4.23084e-07  0.00184038  2.59546e-10  0.000817948  1.00245  0.0285648  
4.46352e-07  0.00187352  2.7875e-10  0.000832676  1.0025  0.0288201  
4.709e-07  0.00190725  2.99375e-10  0.000847669  1.00254  0.0290778  
4.96797e-07  0.0019416  3.21526e-10  0.000862932  1.00259  0.0293377  
5.24119e-07  0.00197656  3.45317e-10  0.000878469  1.00264  0.0296  
5.52943e-07  0.00201215  3.70867e-10  0.000894287  1.00268  0.0298646  
5.83352e-07  0.00204838  3.98308e-10  0.000910389  1.00273  0.0301315  
6.15434e-07  0.00208526  4.27779e-10  0.000926781  1.00278  0.0304008  
6.4928e-07  0.0021228  4.59431e-10  0.000943469  1.00283  0.0306726  
6.84987e-07  0.00216103  4.93425e-10  0.000960456  1.00288  0.0309467  
7.22659e-07  0.00219994  5.29935e-10  0.00097775  1.00293  0.0312232  
7.62402e-07  0.00223955  5.69145e-10  0.000995355  1.00299  0.0315023  
8.0433e-07  0.00227987  6.11257e-10  0.00101328  1.00304  0.0317837  
8.48565e-07  0.00232092  6.56485e-10  0.00103152  1.00309  0.0320677  
8.95232e-07  0.00236271  7.05059e-10  0.0010501  1.00315  0.0323543  
9.44466e-07  0.00240526  7.57228e-10  0.001069  1.00321  0.0326433  
9.96408e-07  0.00244856  8.13256e-10  0.00108825  1.00326  0.0329349  
1.05121e-06  0.00249265  8.7343e-10  0.00110785  1.00332  0.0332291  
1.10902e-06  0.00253753  9.38057e-10  0.00112779  1.00338  0.033526  
1.17001e-06  0.00258323  1.00746e-09  0.0011481  1.00344  0.0338254  
1.23435e-06  0.00262974  1.08201e-09  0.00116877  1.00351  0.0341275  
1.30224e-06  0.00267709  1.16207e-09  0.00118982  1.00357  0.0344323  
1.37385e-06  0.00272529  1.24805e-09  0.00121124  1.00363  0.0347398  
1.44941e-06  0.00277436  1.3404e-09  0.00123305  1.0037  0.03505  
1.52912e-06  0.00282432  1.43957e-09  0.00125525  1.00377  0.035363  
1.61322e-06  0.00287517  1.54609e-09  0.00127785  1.00383  0.0356787  
1.70194e-06  0.00292694  1.66049e-09  0.00130086  1.0039  0.0359973  
1.79553e-06  0.00297964  1.78335e-09  0.00132428  1.00397  0.0363187  
1.89428e-06  0.00303329  1.9153e-09  0.00134813  1.00404  0.0366429  
1.99846e-06  0.00308791  2.05702e-09  0.0013724  1.00412  0.0369699  
2.10836e-06  0.00314351  2.20922e-09  0.00139711  1.00419  0.0372999  
2.22432e-06  0.00320011  2.37268e-09  0.00142227  1.00427  0.0376328  
2.34664e-06  0.00325773  2.54824e-09  0.00144788  1.00434  0.0379686  
2.4757e-06  0.00331639  2.73679e-09  0.00147395  1.00442  0.0383074  
2.61185e-06  0.0033761  2.93929e-09  0.00150049  1.0045  0.0386493  
2.75549e-06  0.00343689  3.15677e-09  0.00152751  1.00458  0.0389941  
2.90703e-06  0.00349877  3.39035e-09  0.00155501  1.00467  0.039342  
3.0669e-06  0.00356177  3.6412e-09  0.00158301  1.00475  0.0396929  
3.23557e-06  0.0036259  3.91062e-09  0.00161151  1.00483  0.040047  
3.41351e-06  0.00369119  4.19997e-09  0.00164053  1.00492  0.0404041  
3.60124e-06  0.00375765  4.51073e-09  0.00167007  1.00501  0.0407645  
3.79929e-06  0.00382531  4.84449e-09  0.00170014  1.0051  0.041128  
4.00823e-06  0.00389419  5.20294e-09  0.00173075  1.00519  0.0414947  
4.22867e-06  0.00396431  5.58791e-09  0.00176191  1.00529  0.0418647  
4.46123e-06  0.00403569  6.00137e-09  0.00179364  1.00538  0.0422379  
4.70658e-06  0.00410835  6.44542e-09  0.00182593  1.00548  0.0426144  
4.96542e-06  0.00418233  6.92233e-09  0.00185881  1.00558  0.0429942  
5.23849e-06  0.00425763  7.43452e-09  0.00189228  1.00568  0.0433774  
5.52659e-06  0.00433429  7.98461e-09  0.00192635  1.00578  0.043764  
5.83052e-06  0.00441233  8.57541e-09  0.00196104  1.00588  0.0441539  
6.15118e-06  0.00449178  9.20991e-09  0.00199635  1.00599  0.0445473  
6.48946e-06  0.00457266  9.89137e-09  0.00203229  1.0061  0.0449442  
6.84635e-06  0.00465499  1.06232e-08  0.00206889  1.00621  0.0453445  
7.22287e-06  0.00473881  1.14093e-08  0.00210614  1.00632  0.0457484  
7.6201e-06  0.00482414  1.22535e-08  0.00214406  1.00643  0.0461558  
8.03917e-06  0.004911  1.31601e-08  0.00218267  1.00655  0.0465668  
8.48129e-06  0.00499942  1.41339e-08  0.00222197  1.00667  0.0469814  
8.94772e-06  0.00508944  1.51796e-08  0.00226197  1.00679  0.0473997  
9.43981e-06  0.00518108  1.63028e-08  0.0023027  1.00691  0.0478216  
9.95895e-06  0.00527437  1.75091e-08  0.00234416  1.00703  0.0482472  
1.05067e-05  0.00536934  1.88046e-08  0.00238637  1.00716  0.0486766  
1.10845e-05  0.00546602  2.0196e-08  0.00242934  1.00729  0.0491097  
1.16941e-05  0.00556444  2.16903e-08  0.00247308  1.00742  0.0495466  
1.23372e-05  0.00566463  2.32952e-08  0.00251761  1.00755  0.0499874  
1.30157e-05  0.00576662  2.50188e-08  0.00256294  1.00769  0.050432  
1.37315e-05  0.00587046  2.687e-08  0.00260909  1.00783  0.0508805  
1.44867e-05  0.00597616  2.88582e-08  0.00265607  1.00797  0.051333  
1.52834e-05  0.00608376  3.09934e-08  0.00270389  1.00811  0.0517894  
1.61239e-05  0.0061933  3.32867e-08  0.00275258  1.00826  0.0522497  
1.70106e-05  0.00630482  3.57496e-08  0.00280214  1.00841  0.0527142  
1.79461e-05  0.00641834  3.83948e-08  0.0028526  1.00856  0.0531826  
1.89331e-05  0.00653391  4.12357e-08  0.00290396  1.00871  0.0536552  
1.99743e-05  0.00665156  4.42867e-08  0.00295625  1.00887  0.0541319  
2.10728e-05  0.00677132  4.75636e-08  0.00300948  1.00903  0.0546127  
2.22317e-05  0.00689324  5.10829e-08  0.00306366  1.00919  0.0550978  
2.34544e-05  0.00701736  5.48626e-08  0.00311883  1.00936  0.055587  
2.47442e-05  0.00714371  5.89219e-08  0.00317498  1.00952  0.0560805  
2.61051e-05  0.00727234  6.32817e-08  0.00323215  1.0097  0.0565784  
2.75407e-05  0.00740328  6.7964e-08  0.00329035  1.00987  0.0570805  
2.90554e-05  0.00753659  7.29927e-08  0.00334959  1.01005  0.0575871  
3.06533e-05  0.00767229  7.83936e-08  0.00340991  1.01023  0.058098  
3.23391e-05  0.00781043  8.4194e-08  0.0034713  1.01041  0.0586134  
3.41176e-05  0.00795106  9.04236e-08  0.00353381  1.0106  0.0591332  
3.59939e-05  0.00809423  9.71142e-08  0.00359744  1.01079  0.0596576  
3.79734e-05  0.00823997  1.043e-07  0.00366221  1.01099  0.0601865  
4.00617e-05  0.00838834  1.12017e-07  0.00372815  1.01118  0.06072  
4.2265e-05  0.00853938  1.20305e-07  0.00379528  1.01139  0.0612581  
4.45893e-05  0.00869313  1.29207e-07  0.00386361  1.01159  0.0618009  
4.70416e-05  0.00884966  1.38767e-07  0.00393318  1.0118  0.0623483  
4.96286e-05  0.009009  1.49035e-07  0.004004  1.01201  0.0629005  
5.2358e-05  0.00917122  1.60062e-07  0.0040761  1.01223  0.0634575  
5.52374e-05  0.00933635  1.71905e-07  0.00414949  1.01245  0.0640193  
5.82753e-05  0.00950446  1.84625e-07  0.0042242  1.01267  0.0645859  
6.14801e-05  0.00967559  1.98286e-07  0.00430026  1.0129  0.0651574  
6.48613e-05  0.00984981  2.12957e-07  0.00437769  1.01313  0.0657339  
6.84283e-05  0.0100272  2.28714e-07  0.00445652  1.01337  0.0663153  
7.21916e-05  0.0102077  2.45637e-07  0.00453676  1.01361  0.0669017  
7.61618e-05  0.0103915  2.63812e-07  0.00461845  1.01386  0.0674932  
8.03504e-05  0.0105786  2.83332e-07  0.0047016  1.0141  0.0680897  
8.47693e-05  0.0107691  3.04296e-07  0.00478626  1.01436  0.0686914  
8.94312e-05  0.010963  3.26811e-07  0.00487244  1.01462  0.0692982  
9.43495e-05  0.0111604  3.50992e-07  0.00496017  1.01488  0.0699103  
9.95383e-05  0.0113613  3.76963e-07  0.00504948  1.01515  0.0705275  
0.000105013  0.0115659  4.04855e-07  0.0051404  1.01542  0.0711501  
0.000110788  0.0117742  4.34811e-07  0.00523296  1.0157  0.071778  
0.000116881  0.0119862  4.66983e-07  0.00532718  1.01598  0.0724112  
0.000123308  0.012202  5.01536e-07  0.0054231  1.01627  0.0730499  
0.00013009  0.0124217  5.38645e-07  0.00552075  1.01656  0.073694  
0.000137244  0.0126453  5.785e-07  0.00562015  1.01686  0.0743436  
0.000144792  0.012873  6.21304e-07  0.00572135  1.01716  0.0749987  
0.000152755  0.0131048  6.67276e-07  0.00582436  1.01747  0.0756594  
0.000161156  0.0133408  7.16648e-07  0.00592924  1.01779  0.0763257  
0.000170019  0.013581  7.69674e-07  0.006036  1.01811  0.0769977  
0.000179369  0.0138255  8.26623e-07  0.00614468  1.01843  0.0776753  
0.000189233  0.0140745  8.87786e-07  0.00625532  1.01877  0.0783587  
0.00019964  0.0143279  9.53475e-07  0.00636795  1.0191  0.0790479  
0.00021062  0.0145859  1.02402e-06  0.00648261  1.01945  0.079743  
0.000222203  0.0148485  1.09979e-06  0.00659933  1.0198  0.0804439  
0.000234423  0.0151159  1.18117e-06  0.00671816  1.02015  0.0811507  
0.000247315  0.0153884  1.28861e-06  0.0156312  1.0206  0.123757  
0.000260917  0.0156828  1.51312e-06  0.0173977  1.02148  0.130506  
0.000275266  0.0160105  1.77674e-06  0.0193639  1.02247  0.137617  
0.000290404  0.0163753  2.0863e-06  0.0215524  1.02356  0.145108  
0.000306375  0.0167812  2.44979e-06  0.0239881  1.02478  0.152997  
0.000323224  0.0172331  2.8766e-06  0.0266991  1.02613  0.161305  
0.000341  0.017736  3.37778e-06  0.0297166  1.02764  0.170051  
0.000359754  0.0182957  3.96628e-06  0.033075  1.02932  0.179256  
0.000379539  0.0189187  4.65732e-06  0.036813  1.03119  0.188943  
0.000400412  0.0196121  5.46874e-06  0.0409734  1.03327  0.199133  
0.000422432  0.0203839  6.42154e-06  0.0456041  1.03559  0.20985  
0.000445664  0.0212429  7.54035e-06  0.050758  1.03816  0.221116  
0.000470174  0.022199  8.85407e-06  0.0564945  1.04103  0.232955  
0.000496031  0.0232631  1.03967e-05  0.0628792  1.04422  0.24539  
0.000523311  0.0244475  1.22081e-05  0.0699856  1.04778  0.258446  
0.000552091  0.0257657  1.4335e-05  0.077895  1.05173  0.272146  
0.000582453  0.0272329  1.68326e-05  0.0866984  1.05613  0.286514  
0.000614485  0.028866  1.97653e-05  0.0964966  1.06103  0.301573  
0.000648279  0.0306836  2.32089e-05  0.107402  1.06648  0.317343  
0.000683932  0.0327066  2.72525e-05  0.11954  1.07255  0.333847  
0.000721545  0.0349583  3.20006e-05  0.13305  1.07931  0.351104  
0.000761227  0.0374644  3.75759e-05  0.148087  1.08683  0.369129  
0.000803091  0.0402538  4.41227e-05  0.164823  1.09519  0.387939  
0.000847257  0.0433584  5.181e-05  0.183451  1.10451  0.407545  
0.000893853  0.0468138  6.08367e-05  0.204184  1.11488  0.427954  
0.00094301  0.0506598  7.1436e-05  0.22726  1.12641  0.449172  
0.000994872  0.0549405  8.38821e-05  0.252943  1.13925  0.471196  
0.00104959  0.0597049  9.84966e-05  0.28153  1.15355  0.49402  
0.00110731  0.0650078  0.000115657  0.313347  1.16946  0.517632  
0.0011682  0.0709099  0.000135808  0.34876  1.18716  0.542011  
0.00123245  0.0774792  0.000159469  0.388176  1.20687  0.567131  
0.00130023  0.0847908  0.000187253  0.432046  1.22881  0.592957  
0.00137174  0.0929288  0.000219877  0.480874  1.25322  0.619444  
0.00144718  0.101986  0.000258186  0.53522  1.28039  0.646538  
0.00152676  0.112068  0.000303169  0.595708  1.31064  0.674179  
0.00161073  0.123289  0.000355989  0.663032  1.3443  0.702295  
0.00169931  0.135777  0.000418011  0.737965  1.38177  0.730804  
0.00179277  0.149678  0.00049084  0.821367  1.42347  0.759617  
0.00189136  0.165149  0.000576357  0.914194  1.46988  0.788639  
0.00199538  0.182369  0.000676774  1.01751  1.52154  0.817764  
0.00210511  0.201534  0.000794686  1.13251  1.57904  0.846885  
0.00222089  0.222866  0.000933141  1.2605  1.64303  0.875887  
0.00234303  0.246609  0.00109572  1.40295  1.71426  0.904656  
0.00247188  0.273035  0.00128662  1.56151  1.79354  0.933076  
0.00260782  0.302447  0.00151079  1.73798  1.88178  0.961035  
0.00275124  0.335184  0.001774  1.9344  1.97998  0.988422  
0.00290255  0.37162  0.00208308  2.15302  2.08929  1.01514  
0.00306218  0.412174  0.00244601  2.39635  2.21096  1.04108  
0.00323058  0.457312  0.00287217  2.66717  2.34637  1.06617  
0.00340825  0.50755  0.00337258  2.9686  2.49708  1.09033  
0.00359569  0.563467  0.00396017  3.3041  2.66483  1.1135  
0.00379344  0.625702  0.00465014  3.67752  2.85154  1.13563  
0.00400206  0.694972  0.00546032  4.09313  3.05935  1.15668  
0.00422215  0.77207  0.00641165  4.55572  3.29064  1.17663  
0.00445435  0.857881  0.00752873  5.07059  3.54808  1.19545  
0.00469932  0.95339  0.00884043  5.64364  3.8346  1.21316  
0.00495776  1.05969  0.0103807  6.28146  4.15351  1.22977  
0.00523042  1.17801  0.0121893  6.99136  4.50847  1.24528  
0.00551807  1.3097  0.0143129  7.7815  4.90353  1.25973  
0.00582154  1.45627  0.0168066  8.66093  5.34325  1.27315  
0.0061417  1.61941  0.0197348  9.63975  5.83266  1.28558  
0.00647946  1.80098  0.0231731  10.7292  6.37738  1.29707  
0.0068358  2.00308  0.0272105  11.9418  6.98366  1.30765  
0.00721174  2.22801  0.0319513  13.2914  7.65846  1.31739  
0.00760835  2.47836  0.037518  14.7935  8.40953  1.32632  
0.00802678  2.75701  0.0440547  16.4654  9.24548  1.33451  
0.00846822  3.06715  0.0517302  18.3262  10.1759  1.34199  
0.00893393  3.41235  0.0607429  20.3974  11.2115  1.34883  
0.00942526  3.79655  0.0713259  22.7026  12.3641  1.35505  
0.0099436  4.22417  0.0837528  25.2683  13.647  1.36073  
0.0104905  4.70013  0.0983448  28.1241  15.0748  1.36588  
0.0110674  5.22987  0.115479  31.3025  16.664  1.37056  
0.011676  5.81948  0.135599  34.8402  18.4329  1.37481  
0.0123182  6.47573  0.159223  38.7777  20.4016  1.37866  
0.0129956  7.20614  0.186964  43.1602  22.5929  1.38215  
0.0137103  8.0191  0.219538  48.0379  25.0317  1.38531  
0.0144643  8.92394  0.257788  53.467  27.7463  1.38816  
0.0152598  9.93104  0.302701  59.5096  30.7676  1.39074  
0.016099  11.052  0.35544  66.2351  34.1303  1.39307  
0.0169844  12.2996  0.417367  73.7207  37.8731  1.39518  
0.0179185  13.6882  0.490083  82.0522  42.0389  1.39707  
0.0189039  15.2337  0.575469  91.3254  46.6755  1.39879  
0.0199435  16.9539  0.675731  101.647  51.8361  1.40033  
0.0210403  18.8685  0.793461  113.134  57.5799  1.40172  
0.0221975  20.9995  0.931703  125.92  63.9729  1.40297  
0.0234182  23.3713  1.09403  140.151  71.0884  1.4041  
0.0247061  26.0112  1.28464  155.99  79.008  1.40512  
0.0260648  28.9494  1.50846  173.62  87.8227  1.40604  
0.0274983  32.2197  1.77127  193.242  97.6335  1.40686  
0.0290106  35.8596  2.07987  215.081  108.553  1.4076  
0.030606  39.9108  2.44224  239.388  120.707  1.40827  
0.0322892  44.4199  2.86774  266.443  134.234  1.40887  
0.034065  49.4386  3.36738  296.555  149.29  1.40941  
0.0359384  55.0245  3.95407  330.07  166.048  1.40989  
0.0379149  61.2417  4.64297  367.374  184.7  1.41033  
0.04  68.1615  5.4519  408.892  205.459  1.41072  
