#rho_c = 0.0014, P_c = 0.000236305, eps_c = 0.00153286
#Scale = 100, Pressure Depletion = 1
#finished odeint with kount = 3958, r = 7.8672, and P = 5.03375e-23
#Found TOV solution for rho_c = 0.0014
#       Mass   = 1.41939
#       Radius = 6.36873
#       Circ Radius = 7.8672
#       Surf Lapse =  0.799477  0.799477  7.8672
#r (iso)        rho          P
0   0.0014   0.000236305
0.00643886   0.0014   0.000236304
0.0128777   0.00139999   0.000236302
0.0193166   0.00139999   0.000236298
0.0257554   0.00139998   0.000236292
0.0321943   0.00139996   0.000236286
0.0386331   0.00139995   0.000236277
0.045072   0.00139993   0.000236267
0.0515109   0.00139991   0.000236256
0.0579497   0.00139988   0.000236243
0.0643886   0.00139985   0.000236229
0.0708274   0.00139982   0.000236213
0.0772663   0.00139979   0.000236195
0.0837051   0.00139975   0.000236176
0.090144   0.00139971   0.000236156
0.0965829   0.00139967   0.000236134
0.103022   0.00139962   0.00023611
0.109461   0.00139957   0.000236085
0.115899   0.00139952   0.000236059
0.122338   0.00139946   0.000236031
0.128777   0.00139941   0.000236001
0.135216   0.00139935   0.00023597
0.141655   0.00139928   0.000235937
0.148094   0.00139922   0.000235903
0.154533   0.00139915   0.000235868
0.160971   0.00139907   0.00023583
0.16741   0.001399   0.000235792
0.173849   0.00139892   0.000235752
0.180288   0.00139884   0.00023571
0.186727   0.00139875   0.000235667
0.193166   0.00139866   0.000235622
0.199605   0.00139857   0.000235576
0.206043   0.00139848   0.000235528
0.212482   0.00139838   0.000235479
0.218921   0.00139829   0.000235428
0.22536   0.00139818   0.000235376
0.231799   0.00139808   0.000235322
0.238238   0.00139797   0.000235267
0.244677   0.00139786   0.000235211
0.251115   0.00139774   0.000235152
0.257554   0.00139763   0.000235093
0.263993   0.00139751   0.000235031
0.270432   0.00139738   0.000234969
0.276871   0.00139726   0.000234905
0.28331   0.00139713   0.000234839
0.289749   0.001397   0.000234772
0.296187   0.00139686   0.000234703
0.302626   0.00139672   0.000234633
0.309065   0.00139658   0.000234561
0.315504   0.00139644   0.000234488
0.321943   0.00139629   0.000234414
0.328382   0.00139614   0.000234337
0.334821   0.00139599   0.00023426
0.341259   0.00139584   0.000234181
0.347698   0.00139568   0.0002341
0.354137   0.00139552   0.000234018
0.360576   0.00139535   0.000233935
0.367015   0.00139519   0.00023385
0.373454   0.00139502   0.000233763
0.379893   0.00139484   0.000233675
0.386331   0.00139467   0.000233586
0.39277   0.00139449   0.000233495
0.399209   0.00139431   0.000233403
0.405648   0.00139412   0.000233309
0.412087   0.00139393   0.000233214
0.418526   0.00139374   0.000233117
0.424965   0.00139355   0.000233019
0.431403   0.00139335   0.000232919
0.437842   0.00139315   0.000232818
0.444281   0.00139295   0.000232715
0.45072   0.00139274   0.000232611
0.457159   0.00139254   0.000232506
0.463598   0.00139232   0.000232399
0.470037   0.00139211   0.000232291
0.476475   0.00139189   0.000232181
0.482914   0.00139167   0.00023207
0.489353   0.00139145   0.000231957
0.495792   0.00139122   0.000231843
0.502231   0.001391   0.000231727
0.50867   0.00139076   0.00023161
0.515109   0.00139053   0.000231492
0.521547   0.00139029   0.000231372
0.527986   0.00139005   0.00023125
0.534425   0.00138981   0.000231128
0.540864   0.00138956   0.000231004
0.547303   0.00138931   0.000230878
0.553742   0.00138906   0.000230751
0.560181   0.00138881   0.000230622
0.566619   0.00138855   0.000230493
0.573058   0.00138829   0.000230361
0.579497   0.00138802   0.000230229
0.585936   0.00138776   0.000230095
0.592375   0.00138749   0.000229959
0.598814   0.00138721   0.000229822
0.605253   0.00138694   0.000229684
0.611691   0.00138666   0.000229544
0.61813   0.00138638   0.000229403
0.624569   0.0013861   0.000229261
0.631008   0.00138581   0.000229117
0.637447   0.00138552   0.000228971
0.643886   0.00138523   0.000228825
0.650325   0.00138493   0.000228677
0.656763   0.00138463   0.000228527
0.663202   0.00138433   0.000228376
0.669641   0.00138403   0.000228224
0.67608   0.00138372   0.000228071
0.682519   0.00138341   0.000227916
0.688958   0.0013831   0.000227759
0.695397   0.00138278   0.000227602
0.701835   0.00138246   0.000227443
0.708274   0.00138214   0.000227282
0.714713   0.00138182   0.00022712
0.721152   0.00138149   0.000226957
0.727591   0.00138116   0.000226793
0.73403   0.00138083   0.000226627
0.740469   0.00138049   0.00022646
0.746907   0.00138015   0.000226291
0.753346   0.00137981   0.000226121
0.759785   0.00137947   0.00022595
0.766224   0.00137912   0.000225778
0.772663   0.00137877   0.000225604
0.779102   0.00137841   0.000225429
0.785541   0.00137806   0.000225252
0.791979   0.0013777   0.000225074
0.798418   0.00137734   0.000224895
0.804857   0.00137697   0.000224715
0.811296   0.00137661   0.000224533
0.817735   0.00137624   0.00022435
0.824174   0.00137586   0.000224165
0.830613   0.00137549   0.00022398
0.837051   0.00137511   0.000223793
0.84349   0.00137473   0.000223604
0.849929   0.00137434   0.000223415
0.856368   0.00137396   0.000223224
0.862807   0.00137357   0.000223032
0.869246   0.00137317   0.000222838
0.875685   0.00137278   0.000222643
0.882123   0.00137238   0.000222447
0.888562   0.00137198   0.00022225
0.895001   0.00137157   0.000222051
0.90144   0.00137117   0.000221852
0.907879   0.00137076   0.00022165
0.914318   0.00137035   0.000221448
0.920757   0.00136993   0.000221244
0.927195   0.00136951   0.00022104
0.933634   0.00136909   0.000220833
0.940073   0.00136867   0.000220626
0.946512   0.00136824   0.000220417
0.952951   0.00136781   0.000220207
0.95939   0.00136738   0.000219996
0.965829   0.00136694   0.000219784
0.972267   0.00136651   0.00021957
0.978706   0.00136607   0.000219356
0.985145   0.00136562   0.00021914
0.991584   0.00136518   0.000218922
0.998023   0.00136473   0.000218704
1.00446   0.00136428   0.000218484
1.0109   0.00136382   0.000218263
1.01734   0.00136336   0.000218041
1.02378   0.0013629   0.000217818
1.03022   0.00136244   0.000217593
1.03666   0.00136197   0.000217368
1.04309   0.00136151   0.000217141
1.04953   0.00136104   0.000216913
1.05597   0.00136056   0.000216684
1.06241   0.00136008   0.000216453
1.06885   0.00135961   0.000216222
1.07529   0.00135912   0.000215989
1.08173   0.00135864   0.000215755
1.08817   0.00135815   0.00021552
1.09461   0.00135766   0.000215284
1.10104   0.00135717   0.000215046
1.10748   0.00135667   0.000214808
1.11392   0.00135617   0.000214568
1.12036   0.00135567   0.000214327
1.1268   0.00135517   0.000214085
1.13324   0.00135466   0.000213842
1.13968   0.00135415   0.000213598
1.14612   0.00135364   0.000213352
1.15256   0.00135312   0.000213106
1.15899   0.0013526   0.000212858
1.16543   0.00135208   0.00021261
1.17187   0.00135156   0.00021236
1.17831   0.00135103   0.000212109
1.18475   0.00135051   0.000211857
1.19119   0.00134997   0.000211604
1.19763   0.00134944   0.00021135
1.20407   0.0013489   0.000211094
1.21051   0.00134836   0.000210838
1.21694   0.00134782   0.00021058
1.22338   0.00134728   0.000210322
1.22982   0.00134673   0.000210062
1.23626   0.00134618   0.000209801
1.2427   0.00134562   0.00020954
1.24914   0.00134507   0.000209277
1.25558   0.00134451   0.000209013
1.26202   0.00134395   0.000208748
1.26845   0.00134338   0.000208482
1.27489   0.00134282   0.000208215
1.28133   0.00134225   0.000207947
1.28777   0.00134168   0.000207678
1.29421   0.0013411   0.000207408
1.30065   0.00134053   0.000207136
1.30709   0.00133995   0.000206864
1.31353   0.00133936   0.000206591
1.31997   0.00133878   0.000206317
1.3264   0.00133819   0.000206042
1.33284   0.0013376   0.000205765
1.33928   0.00133701   0.000205488
1.34572   0.00133641   0.00020521
1.35216   0.00133581   0.000204931
1.3586   0.00133521   0.000204651
1.36504   0.00133461   0.000204369
1.37148   0.001334   0.000204087
1.37792   0.00133339   0.000203804
1.38435   0.00133278   0.00020352
1.39079   0.00133216   0.000203235
1.39723   0.00133155   0.000202949
1.40367   0.00133093   0.000202662
1.41011   0.0013303   0.000202374
1.41655   0.00132968   0.000202085
1.42299   0.00132905   0.000201795
1.42943   0.00132842   0.000201505
1.43587   0.00132779   0.000201213
1.4423   0.00132715   0.00020092
1.44874   0.00132652   0.000200627
1.45518   0.00132587   0.000200332
1.46162   0.00132523   0.000200037
1.46806   0.00132459   0.000199741
1.4745   0.00132394   0.000199443
1.48094   0.00132329   0.000199145
1.48738   0.00132263   0.000198846
1.49381   0.00132198   0.000198547
1.50025   0.00132132   0.000198246
1.50669   0.00132066   0.000197944
1.51313   0.00131999   0.000197642
1.51957   0.00131932   0.000197338
1.52601   0.00131866   0.000197034
1.53245   0.00131798   0.000196729
1.53889   0.00131731   0.000196423
1.54533   0.00131663   0.000196116
1.55176   0.00131595   0.000195808
1.5582   0.00131527   0.0001955
1.56464   0.00131459   0.00019519
1.57108   0.0013139   0.00019488
1.57752   0.00131321   0.000194569
1.58396   0.00131252   0.000194257
1.5904   0.00131182   0.000193945
1.59684   0.00131112   0.000193631
1.60328   0.00131042   0.000193317
1.60971   0.00130972   0.000193002
1.61615   0.00130902   0.000192686
1.62259   0.00130831   0.000192369
1.62903   0.0013076   0.000192052
1.63547   0.00130689   0.000191733
1.64191   0.00130617   0.000191414
1.64835   0.00130545   0.000191095
1.65479   0.00130473   0.000190774
1.66123   0.00130401   0.000190453
1.66766   0.00130328   0.00019013
1.6741   0.00130256   0.000189807
1.68054   0.00130183   0.000189484
1.68698   0.00130109   0.000189159
1.69342   0.00130036   0.000188834
1.69986   0.00129962   0.000188508
1.7063   0.00129888   0.000188182
1.71274   0.00129814   0.000187854
1.71917   0.00129739   0.000187526
1.72561   0.00129664   0.000187197
1.73205   0.00129589   0.000186868
1.73849   0.00129514   0.000186538
1.74493   0.00129439   0.000186207
1.75137   0.00129363   0.000185875
1.75781   0.00129287   0.000185543
1.76425   0.00129211   0.00018521
1.77069   0.00129134   0.000184876
1.77712   0.00129057   0.000184542
1.78356   0.0012898   0.000184207
1.79   0.00128903   0.000183871
1.79644   0.00128825   0.000183534
1.80288   0.00128748   0.000183197
1.80932   0.0012867   0.00018286
1.81576   0.00128591   0.000182521
1.8222   0.00128513   0.000182182
1.82864   0.00128434   0.000181843
1.83507   0.00128355   0.000181502
1.84151   0.00128276   0.000181161
1.84795   0.00128196   0.00018082
1.85439   0.00128117   0.000180478
1.86083   0.00128037   0.000180135
1.86727   0.00127957   0.000179791
1.87371   0.00127876   0.000179447
1.88015   0.00127795   0.000179103
1.88659   0.00127715   0.000178757
1.89302   0.00127633   0.000178412
1.89946   0.00127552   0.000178065
1.9059   0.0012747   0.000177718
1.91234   0.00127388   0.000177371
1.91878   0.00127306   0.000177022
1.92522   0.00127224   0.000176674
1.93166   0.00127141   0.000176324
1.9381   0.00127058   0.000175975
1.94453   0.00126975   0.000175624
1.95097   0.00126892   0.000175273
1.95741   0.00126808   0.000174922
1.96385   0.00126725   0.00017457
1.97029   0.00126641   0.000174217
1.97673   0.00126556   0.000173864
1.98317   0.00126472   0.00017351
1.98961   0.00126387   0.000173156
1.99605   0.00126302   0.000172801
2.00248   0.00126217   0.000172446
2.00892   0.00126131   0.000172091
2.01536   0.00126045   0.000171734
2.0218   0.0012596   0.000171378
2.02824   0.00125873   0.000171021
2.03468   0.00125787   0.000170663
2.04112   0.001257   0.000170305
2.04756   0.00125613   0.000169946
2.054   0.00125526   0.000169587
2.06043   0.00125439   0.000169227
2.06687   0.00125351   0.000168867
2.07331   0.00125263   0.000168507
2.07975   0.00125175   0.000168146
2.08619   0.00125087   0.000167785
2.09263   0.00124998   0.000167423
2.09907   0.0012491   0.000167061
2.10551   0.00124821   0.000166698
2.11195   0.00124731   0.000166335
2.11838   0.00124642   0.000165971
2.12482   0.00124552   0.000165607
2.13126   0.00124462   0.000165243
2.1377   0.00124372   0.000164878
2.14414   0.00124282   0.000164513
2.15058   0.00124191   0.000164147
2.15702   0.001241   0.000163781
2.16346   0.00124009   0.000163415
2.16989   0.00123918   0.000163048
2.17633   0.00123826   0.000162681
2.18277   0.00123734   0.000162313
2.18921   0.00123642   0.000161945
2.19565   0.0012355   0.000161577
2.20209   0.00123458   0.000161209
2.20853   0.00123365   0.00016084
2.21497   0.00123272   0.00016047
2.22141   0.00123179   0.000160101
2.22784   0.00123085   0.000159731
2.23428   0.00122992   0.00015936
2.24072   0.00122898   0.00015899
2.24716   0.00122804   0.000158618
2.2536   0.0012271   0.000158247
2.26004   0.00122615   0.000157875
2.26648   0.0012252   0.000157503
2.27292   0.00122425   0.000157131
2.27936   0.0012233   0.000156759
2.28579   0.00122235   0.000156386
2.29223   0.00122139   0.000156013
2.29867   0.00122043   0.000155639
2.30511   0.00121947   0.000155265
2.31155   0.00121851   0.000154891
2.31799   0.00121754   0.000154517
2.32443   0.00121657   0.000154142
2.33087   0.0012156   0.000153767
2.33731   0.00121463   0.000153392
2.34374   0.00121366   0.000153017
2.35018   0.00121268   0.000152641
2.35662   0.0012117   0.000152265
2.36306   0.00121072   0.000151889
2.3695   0.00120973   0.000151513
2.37594   0.00120875   0.000151136
2.38238   0.00120776   0.00015076
2.38882   0.00120677   0.000150382
2.39525   0.00120578   0.000150005
2.40169   0.00120478   0.000149628
2.40813   0.00120379   0.00014925
2.41457   0.00120279   0.000148872
2.42101   0.00120179   0.000148494
2.42745   0.00120078   0.000148116
2.43389   0.00119978   0.000147737
2.44033   0.00119877   0.000147358
2.44677   0.00119776   0.00014698
2.4532   0.00119675   0.000146601
2.45964   0.00119573   0.000146221
2.46608   0.00119471   0.000145842
2.47252   0.0011937   0.000145462
2.47896   0.00119267   0.000145083
2.4854   0.00119165   0.000144703
2.49184   0.00119063   0.000144323
2.49828   0.0011896   0.000143943
2.50472   0.00118857   0.000143562
2.51115   0.00118754   0.000143182
2.51759   0.0011865   0.000142801
2.52403   0.00118547   0.00014242
2.53047   0.00118443   0.00014204
2.53691   0.00118339   0.000141659
2.54335   0.00118234   0.000141277
2.54979   0.0011813   0.000140896
2.55623   0.00118025   0.000140515
2.56267   0.0011792   0.000140134
2.5691   0.00117815   0.000139752
2.57554   0.00117709   0.00013937
2.58198   0.00117604   0.000138989
2.58842   0.00117498   0.000138607
2.59486   0.00117392   0.000138225
2.6013   0.00117286   0.000137843
2.60774   0.00117179   0.000137461
2.61418   0.00117073   0.000137079
2.62061   0.00116966   0.000136697
2.62705   0.00116859   0.000136315
2.63349   0.00116751   0.000135932
2.63993   0.00116644   0.00013555
2.64637   0.00116536   0.000135168
2.65281   0.00116428   0.000134785
2.65925   0.0011632   0.000134403
2.66569   0.00116211   0.00013402
2.67213   0.00116103   0.000133638
2.67856   0.00115994   0.000133255
2.685   0.00115885   0.000132873
2.69144   0.00115776   0.00013249
2.69788   0.00115666   0.000132107
2.70432   0.00115557   0.000131725
2.71076   0.00115447   0.000131342
2.7172   0.00115337   0.00013096
2.72364   0.00115226   0.000130577
2.73008   0.00115116   0.000130194
2.73651   0.00115005   0.000129812
2.74295   0.00114894   0.000129429
2.74939   0.00114783   0.000129047
2.75583   0.00114671   0.000128664
2.76227   0.0011456   0.000128282
2.76871   0.00114448   0.000127899
2.77515   0.00114336   0.000127517
2.78159   0.00114224   0.000127134
2.78803   0.00114111   0.000126752
2.79446   0.00113999   0.00012637
2.8009   0.00113886   0.000125988
2.80734   0.00113773   0.000125605
2.81378   0.0011366   0.000125223
2.82022   0.00113546   0.000124841
2.82666   0.00113432   0.000124459
2.8331   0.00113318   0.000124077
2.83954   0.00113204   0.000123696
2.84597   0.0011309   0.000123314
2.85241   0.00112975   0.000122932
2.85885   0.00112861   0.000122551
2.86529   0.00112746   0.000122169
2.87173   0.00112631   0.000121788
2.87817   0.00112515   0.000121406
2.88461   0.001124   0.000121025
2.89105   0.00112284   0.000120644
2.89749   0.00112168   0.000120263
2.90392   0.00112051   0.000119882
2.91036   0.00111935   0.000119502
2.9168   0.00111818   0.000119121
2.92324   0.00111702   0.000118741
2.92968   0.00111585   0.00011836
2.93612   0.00111467   0.00011798
2.94256   0.0011135   0.0001176
2.949   0.00111232   0.00011722
2.95544   0.00111114   0.00011684
2.96187   0.00110996   0.000116461
2.96831   0.00110878   0.000116081
2.97475   0.00110759   0.000115702
2.98119   0.00110641   0.000115323
2.98763   0.00110522   0.000114944
2.99407   0.00110402   0.000114565
3.00051   0.00110283   0.000114186
3.00695   0.00110164   0.000113808
3.01339   0.00110044   0.00011343
3.01982   0.00109924   0.000113052
3.02626   0.00109804   0.000112674
3.0327   0.00109683   0.000112296
3.03914   0.00109563   0.000111918
3.04558   0.00109442   0.000111541
3.05202   0.00109321   0.000111164
3.05846   0.001092   0.000110787
3.0649   0.00109078   0.00011041
3.07133   0.00108956   0.000110034
3.07777   0.00108835   0.000109658
3.08421   0.00108713   0.000109282
3.09065   0.0010859   0.000108906
3.09709   0.00108468   0.00010853
3.10353   0.00108345   0.000108155
3.10997   0.00108222   0.00010778
3.11641   0.00108099   0.000107405
3.12285   0.00107976   0.00010703
3.12928   0.00107852   0.000106656
3.13572   0.00107729   0.000106282
3.14216   0.00107605   0.000105908
3.1486   0.00107481   0.000105534
3.15504   0.00107356   0.000105161
3.16148   0.00107232   0.000104788
3.16792   0.00107107   0.000104415
3.17436   0.00106982   0.000104042
3.1808   0.00106857   0.00010367
3.18723   0.00106731   0.000103298
3.19367   0.00106606   0.000102926
3.20011   0.0010648   0.000102555
3.20655   0.00106354   0.000102184
3.21299   0.00106228   0.000101813
3.21943   0.00106101   0.000101442
3.22587   0.00105975   0.000101072
3.23231   0.00105848   0.000100702
3.23875   0.00105721   0.000100332
3.24518   0.00105594   9.9963e-05
3.25162   0.00105466   9.95939e-05
3.25806   0.00105339   9.92252e-05
3.2645   0.00105211   9.88567e-05
3.27094   0.00105083   9.84886e-05
3.27738   0.00104954   9.81209e-05
3.28382   0.00104826   9.77534e-05
3.29026   0.00104697   9.73863e-05
3.29669   0.00104568   9.70195e-05
3.30313   0.00104439   9.6653e-05
3.30957   0.0010431   9.62869e-05
3.31601   0.0010418   9.59211e-05
3.32245   0.0010405   9.55557e-05
3.32889   0.0010392   9.51906e-05
3.33533   0.0010379   9.48259e-05
3.34177   0.0010366   9.44615e-05
3.34821   0.00103529   9.40975e-05
3.35464   0.00103398   9.37338e-05
3.36108   0.00103267   9.33705e-05
3.36752   0.00103136   9.30076e-05
3.37396   0.00103005   9.26451e-05
3.3804   0.00102873   9.22829e-05
3.38684   0.00102741   9.19211e-05
3.39328   0.00102609   9.15597e-05
3.39972   0.00102477   9.11986e-05
3.40616   0.00102344   9.0838e-05
3.41259   0.00102212   9.04777e-05
3.41903   0.00102079   9.01179e-05
3.42547   0.00101946   8.97584e-05
3.43191   0.00101812   8.93993e-05
3.43835   0.00101679   8.90406e-05
3.44479   0.00101545   8.86824e-05
3.45123   0.00101411   8.83245e-05
3.45767   0.00101277   8.7967e-05
3.46411   0.00101143   8.761e-05
3.47054   0.00101008   8.72534e-05
3.47698   0.00100873   8.68972e-05
3.48342   0.00100738   8.65414e-05
3.48986   0.00100603   8.6186e-05
3.4963   0.00100468   8.58311e-05
3.50274   0.00100332   8.54766e-05
3.50918   0.00100196   8.51225e-05
3.51562   0.0010006   8.47689e-05
3.52205   0.000999236   8.44157e-05
3.52849   0.000997871   8.40629e-05
3.53493   0.000996503   8.37106e-05
3.54137   0.000995134   8.33587e-05
3.54781   0.000993762   8.30073e-05
3.55425   0.000992389   8.26563e-05
3.56069   0.000991013   8.23058e-05
3.56713   0.000989635   8.19557e-05
3.57357   0.000988254   8.16062e-05
3.58   0.000986872   8.1257e-05
3.58644   0.000985488   8.09084e-05
3.59288   0.000984101   8.05602e-05
3.59932   0.000982712   8.02124e-05
3.60576   0.000981321   7.98652e-05
3.6122   0.000979928   7.95184e-05
3.61864   0.000978532   7.91721e-05
3.62508   0.000977135   7.88263e-05
3.63152   0.000975735   7.84809e-05
3.63795   0.000974333   7.81361e-05
3.64439   0.000972929   7.77917e-05
3.65083   0.000971523   7.74479e-05
3.65727   0.000970114   7.71045e-05
3.66371   0.000968703   7.67616e-05
3.67015   0.00096729   7.64193e-05
3.67659   0.000965875   7.60774e-05
3.68303   0.000964458   7.5736e-05
3.68947   0.000963038   7.53952e-05
3.6959   0.000961617   7.50548e-05
3.70234   0.000960193   7.4715e-05
3.70878   0.000958766   7.43757e-05
3.71522   0.000957338   7.40368e-05
3.72166   0.000955907   7.36986e-05
3.7281   0.000954474   7.33608e-05
3.73454   0.000953039   7.30236e-05
3.74098   0.000951602   7.26868e-05
3.74741   0.000950162   7.23507e-05
3.75385   0.00094872   7.2015e-05
3.76029   0.000947276   7.16799e-05
3.76673   0.00094583   7.13453e-05
3.77317   0.000944381   7.10113e-05
3.77961   0.00094293   7.06778e-05
3.78605   0.000941477   7.03448e-05
3.79249   0.000940022   7.00124e-05
3.79893   0.000938564   6.96805e-05
3.80536   0.000937104   6.93492e-05
3.8118   0.000935641   6.90185e-05
3.81824   0.000934177   6.86883e-05
3.82468   0.00093271   6.83586e-05
3.83112   0.000931241   6.80295e-05
3.83756   0.000929769   6.7701e-05
3.844   0.000928295   6.73731e-05
3.85044   0.000926819   6.70457e-05
3.85688   0.000925341   6.67188e-05
3.86331   0.00092386   6.63926e-05
3.86975   0.000922377   6.60669e-05
3.87619   0.000920891   6.57418e-05
3.88263   0.000919403   6.54173e-05
3.88907   0.000917913   6.50933e-05
3.89551   0.000916421   6.477e-05
3.90195   0.000914926   6.44472e-05
3.90839   0.000913428   6.4125e-05
3.91483   0.000911929   6.38034e-05
3.92126   0.000910427   6.34824e-05
3.9277   0.000908922   6.3162e-05
3.93414   0.000907415   6.28421e-05
3.94058   0.000905906   6.25229e-05
3.94702   0.000904395   6.22043e-05
3.95346   0.000902881   6.18863e-05
3.9599   0.000901364   6.15688e-05
3.96634   0.000899845   6.1252e-05
3.97277   0.000898324   6.09358e-05
3.97921   0.0008968   6.06202e-05
3.98565   0.000895274   6.03052e-05
3.99209   0.000893746   5.99908e-05
3.99853   0.000892214   5.96771e-05
4.00497   0.000890681   5.93639e-05
4.01141   0.000889145   5.90514e-05
4.01785   0.000887606   5.87395e-05
4.02429   0.000886065   5.84282e-05
4.03072   0.000884522   5.81176e-05
4.03716   0.000882976   5.78076e-05
4.0436   0.000881428   5.74982e-05
4.05004   0.000879877   5.71894e-05
4.05648   0.000878323   5.68813e-05
4.06292   0.000876767   5.65738e-05
4.06936   0.000875209   5.62669e-05
4.0758   0.000873647   5.59607e-05
4.08224   0.000872084   5.56551e-05
4.08867   0.000870518   5.53502e-05
4.09511   0.000868949   5.50459e-05
4.10155   0.000867377   5.47423e-05
4.10799   0.000865804   5.44393e-05
4.11443   0.000864227   5.41369e-05
4.12087   0.000862648   5.38353e-05
4.12731   0.000861066   5.35342e-05
4.13375   0.000859482   5.32338e-05
4.14019   0.000857895   5.29341e-05
4.14662   0.000856305   5.26351e-05
4.15306   0.000854713   5.23367e-05
4.1595   0.000853118   5.20389e-05
4.16594   0.00085152   5.17419e-05
4.17238   0.00084992   5.14455e-05
4.17882   0.000848317   5.11497e-05
4.18526   0.000846711   5.08547e-05
4.1917   0.000845103   5.05603e-05
4.19813   0.000843492   5.02666e-05
4.20457   0.000841878   4.99735e-05
4.21101   0.000840262   4.96812e-05
4.21745   0.000838642   4.93895e-05
4.22389   0.00083702   4.90985e-05
4.23033   0.000835395   4.88082e-05
4.23677   0.000833768   4.85185e-05
4.24321   0.000832138   4.82296e-05
4.24965   0.000830504   4.79413e-05
4.25608   0.000828868   4.76537e-05
4.26252   0.00082723   4.73669e-05
4.26896   0.000825588   4.70807e-05
4.2754   0.000823944   4.67952e-05
4.28184   0.000822296   4.65104e-05
4.28828   0.000820646   4.62263e-05
4.29472   0.000818993   4.59429e-05
4.30116   0.000817337   4.56602e-05
4.3076   0.000815678   4.53782e-05
4.31403   0.000814016   4.50969e-05
4.32047   0.000812352   4.48163e-05
4.32691   0.000810684   4.45364e-05
4.33335   0.000809013   4.42573e-05
4.33979   0.00080734   4.39788e-05
4.34623   0.000805663   4.37011e-05
4.35267   0.000803984   4.34241e-05
4.35911   0.000802301   4.31477e-05
4.36555   0.000800616   4.28721e-05
4.37198   0.000798927   4.25973e-05
4.37842   0.000797235   4.23231e-05
4.38486   0.000795541   4.20497e-05
4.3913   0.000793843   4.17769e-05
4.39774   0.000792142   4.1505e-05
4.40418   0.000790438   4.12337e-05
4.41062   0.000788731   4.09632e-05
4.41706   0.000787021   4.06934e-05
4.42349   0.000785307   4.04243e-05
4.42993   0.000783591   4.01559e-05
4.43637   0.000781871   3.98883e-05
4.44281   0.000780148   3.96215e-05
4.44925   0.000778422   3.93553e-05
4.45569   0.000776693   3.90899e-05
4.46213   0.00077496   3.88253e-05
4.46857   0.000773224   3.85613e-05
4.47501   0.000771485   3.82982e-05
4.48144   0.000769743   3.80357e-05
4.48788   0.000767997   3.77741e-05
4.49432   0.000766248   3.75131e-05
4.50076   0.000764496   3.72529e-05
4.5072   0.00076274   3.69935e-05
4.51364   0.000760981   3.67348e-05
4.52008   0.000759218   3.64769e-05
4.52652   0.000757452   3.62197e-05
4.53296   0.000755683   3.59633e-05
4.53939   0.00075391   3.57076e-05
4.54583   0.000752134   3.54527e-05
4.55227   0.000750354   3.51985e-05
4.55871   0.00074857   3.49451e-05
4.56515   0.000746784   3.46925e-05
4.57159   0.000744993   3.44406e-05
4.57803   0.000743199   3.41895e-05
4.58447   0.000741402   3.39392e-05
4.59091   0.0007396   3.36896e-05
4.59734   0.000737796   3.34409e-05
4.60378   0.000735987   3.31928e-05
4.61022   0.000734175   3.29456e-05
4.61666   0.000732359   3.26991e-05
4.6231   0.00073054   3.24534e-05
4.62954   0.000728716   3.22085e-05
4.63598   0.000726889   3.19643e-05
4.64242   0.000725058   3.17209e-05
4.64885   0.000723224   3.14784e-05
4.65529   0.000721385   3.12365e-05
4.66173   0.000719543   3.09955e-05
4.66817   0.000717696   3.07553e-05
4.67461   0.000715846   3.05158e-05
4.68105   0.000713992   3.02771e-05
4.68749   0.000712134   3.00393e-05
4.69393   0.000710272   2.98022e-05
4.70037   0.000708406   2.95659e-05
4.7068   0.000706536   2.93304e-05
4.71324   0.000704662   2.90956e-05
4.71968   0.000702784   2.88617e-05
4.72612   0.000700901   2.86286e-05
4.73256   0.000699015   2.83963e-05
4.739   0.000697124   2.81647e-05
4.74544   0.000695229   2.7934e-05
4.75188   0.00069333   2.77041e-05
4.75832   0.000691427   2.74749e-05
4.76475   0.000689519   2.72466e-05
4.77119   0.000687607   2.70191e-05
4.77763   0.000685691   2.67924e-05
4.78407   0.00068377   2.65665e-05
4.79051   0.000681845   2.63414e-05
4.79695   0.000679915   2.61171e-05
4.80339   0.000677981   2.58936e-05
4.80983   0.000676043   2.56709e-05
4.81627   0.0006741   2.54491e-05
4.8227   0.000672152   2.52281e-05
4.82914   0.0006702   2.50078e-05
4.83558   0.000668243   2.47884e-05
4.84202   0.000666281   2.45699e-05
4.84846   0.000664315   2.43521e-05
4.8549   0.000662344   2.41352e-05
4.86134   0.000660368   2.3919e-05
4.86778   0.000658388   2.37037e-05
4.87421   0.000656402   2.34893e-05
4.88065   0.000654412   2.32756e-05
4.88709   0.000652417   2.30628e-05
4.89353   0.000650416   2.28508e-05
4.89997   0.000648411   2.26397e-05
4.90641   0.000646401   2.24293e-05
4.91285   0.000644385   2.22199e-05
4.91929   0.000642365   2.20112e-05
4.92573   0.000640339   2.18034e-05
4.93216   0.000638308   2.15964e-05
4.9386   0.000636272   2.13902e-05
4.94504   0.000634231   2.11849e-05
4.95148   0.000632184   2.09805e-05
4.95792   0.000630132   2.07768e-05
4.96436   0.000628074   2.05741e-05
4.9708   0.000626011   2.03721e-05
4.97724   0.000623942   2.0171e-05
4.98368   0.000621868   1.99708e-05
4.99011   0.000619788   1.97714e-05
4.99655   0.000617702   1.95728e-05
5.00299   0.000615611   1.93751e-05
5.00943   0.000613514   1.91783e-05
5.01587   0.000611411   1.89823e-05
5.02231   0.000609302   1.87872e-05
5.02875   0.000607187   1.85929e-05
5.03519   0.000605066   1.83994e-05
5.04163   0.00060294   1.82069e-05
5.04806   0.000600807   1.80152e-05
5.0545   0.000598667   1.78243e-05
5.06094   0.000596522   1.76343e-05
5.06738   0.00059437   1.74452e-05
5.07382   0.000592213   1.7257e-05
5.08026   0.000590048   1.70696e-05
5.0867   0.000587877   1.68831e-05
5.09314   0.0005857   1.66974e-05
5.09957   0.000583516   1.65127e-05
5.10601   0.000581325   1.63288e-05
5.11245   0.000579128   1.61457e-05
5.11889   0.000576924   1.59636e-05
5.12533   0.000574713   1.57823e-05
5.13177   0.000572495   1.56019e-05
5.13821   0.00057027   1.54224e-05
5.14465   0.000568038   1.52437e-05
5.15109   0.000565798   1.5066e-05
5.15752   0.000563552   1.48891e-05
5.16396   0.000561298   1.47131e-05
5.1704   0.000559037   1.4538e-05
5.17684   0.000556768   1.43638e-05
5.18328   0.000554492   1.41905e-05
5.18972   0.000552208   1.4018e-05
5.19616   0.000549917   1.38465e-05
5.2026   0.000547617   1.36758e-05
5.20904   0.00054531   1.35061e-05
5.21547   0.000542995   1.33372e-05
5.22191   0.000540671   1.31693e-05
5.22835   0.00053834   1.30022e-05
5.23479   0.000536   1.28361e-05
5.24123   0.000533652   1.26708e-05
5.24767   0.000531295   1.25065e-05
5.25411   0.00052893   1.23431e-05
5.26055   0.000526556   1.21805e-05
5.26699   0.000524174   1.20189e-05
5.27342   0.000521782   1.18582e-05
5.27986   0.000519382   1.16984e-05
5.2863   0.000516972   1.15395e-05
5.29274   0.000514553   1.13816e-05
5.29918   0.000512125   1.12245e-05
5.30562   0.000509687   1.10684e-05
5.31206   0.00050724   1.09132e-05
5.3185   0.000504783   1.07589e-05
5.32493   0.000502316   1.06056e-05
5.33137   0.000499839   1.04532e-05
5.33781   0.000497352   1.03017e-05
5.34425   0.000494855   1.01511e-05
5.35069   0.000492348   1.00015e-05
5.35713   0.00048983   9.85283e-06
5.36357   0.000487301   9.70508e-06
5.37001   0.000484761   9.55827e-06
5.37645   0.000482211   9.4124e-06
5.38288   0.000479649   9.26747e-06
5.38932   0.000477076   9.1235e-06
5.39576   0.000474491   8.98047e-06
5.4022   0.000471895   8.83839e-06
5.40864   0.000469287   8.69726e-06
5.41508   0.000466667   8.55709e-06
5.42152   0.000464035   8.41787e-06
5.42796   0.00046139   8.27961e-06
5.4344   0.000458733   8.14232e-06
5.44083   0.000456063   8.00599e-06
5.44727   0.00045338   7.87062e-06
5.45371   0.000450684   7.73623e-06
5.46015   0.000447974   7.6028e-06
5.46659   0.000445251   7.47035e-06
5.47303   0.000442514   7.33888e-06
5.47947   0.000439762   7.20838e-06
5.48591   0.000436997   7.07887e-06
5.49235   0.000434217   6.95034e-06
5.49878   0.000431422   6.8228e-06
5.50522   0.000428611   6.69625e-06
5.51166   0.000425786   6.57069e-06
5.5181   0.000422944   6.44612e-06
5.52454   0.000420087   6.32256e-06
5.53098   0.000417213   6.2e-06
5.53742   0.000414323   6.07844e-06
5.54386   0.000411416   5.95789e-06
5.55029   0.000408492   5.83835e-06
5.55673   0.000405549   5.71983e-06
5.56317   0.000402589   5.60232e-06
5.56961   0.000399611   5.48584e-06
5.57605   0.000396614   5.37038e-06
5.58249   0.000393598   5.25596e-06
5.58893   0.000390562   5.14256e-06
5.59537   0.000387506   5.0302e-06
5.60181   0.00038443   4.91888e-06
5.60824   0.000381333   4.8086e-06
5.61468   0.000378214   4.69938e-06
5.62112   0.000375074   4.5912e-06
5.62756   0.000371911   4.48409e-06
5.634   0.000368725   4.37803e-06
5.64044   0.000365516   4.27304e-06
5.64688   0.000362283   4.16912e-06
5.65332   0.000359025   4.06628e-06
5.65976   0.000355742   3.96452e-06
5.66619   0.000352432   3.86384e-06
5.67263   0.000349096   3.76426e-06
5.67907   0.000345733   3.66577e-06
5.68551   0.000342341   3.56838e-06
5.69195   0.000338921   3.4721e-06
5.69839   0.00033547   3.37693e-06
5.70483   0.000331989   3.28289e-06
5.71127   0.000328476   3.18997e-06
5.71771   0.00032493   3.09818e-06
5.72414   0.000321351   3.00753e-06
5.73058   0.000317737   2.91803e-06
5.73702   0.000314087   2.82968e-06
5.74346   0.0003104   2.7425e-06
5.7499   0.000306674   2.65648e-06
5.75634   0.000302909   2.57164e-06
5.76278   0.000299102   2.48799e-06
5.76922   0.000295253   2.40553e-06
5.77565   0.000291359   2.32428e-06
5.78209   0.000287419   2.24424e-06
5.78853   0.000283431   2.16542e-06
5.79497   0.000279393   2.08784e-06
5.80141   0.000275304   2.0115e-06
5.80785   0.00027116   1.93642e-06
5.81429   0.000266959   1.86261e-06
5.82073   0.000262699   1.79008e-06
5.82717   0.000258377   1.71884e-06
5.8336   0.000253991   1.64892e-06
5.84004   0.000249536   1.58031e-06
5.84648   0.000245009   1.51305e-06
5.85292   0.000240407   1.44714e-06
5.85936   0.000235727   1.3826e-06
5.8658   0.000230962   1.31945e-06
5.87224   0.00022611   1.25771e-06
5.87868   0.000221164   1.19741e-06
5.88512   0.00021612   1.13855e-06
5.89155   0.000210972   1.08117e-06
5.89799   0.000205714   1.02528e-06
5.90443   0.000200339   9.70924e-07
5.91087   0.00019484   9.18118e-07
5.91731   0.000189212   8.66893e-07
5.92375   0.000183447   8.1728e-07
5.93019   0.000177537   7.69311e-07
5.93663   0.000171478   7.2302e-07
5.94307   0.000165265   6.78442e-07
5.9495   0.000158896   6.35611e-07
5.95594   0.000152372   5.94564e-07
5.96238   0.000145701   5.55335e-07
5.96882   0.000138896   5.17953e-07
5.97526   0.000131985   4.82444e-07
5.9817   0.000125006   4.48825e-07
5.98814   0.00011801   4.171e-07
5.99458   0.000111066   3.87258e-07
6.00101   0.000104248   3.59268e-07
6.00745   9.76352e-05   3.33081e-07
6.01389   9.12974e-05   3.08628e-07
6.02033   8.52894e-05   2.85822e-07
6.02677   7.96456e-05   2.64568e-07
6.03321   7.43794e-05   2.44763e-07
6.03965   6.94872e-05   2.26305e-07
6.04609   6.49526e-05   2.09094e-07
6.05253   6.07517e-05   1.93037e-07
6.05896   5.6857e-05   1.78047e-07
6.0654   5.32403e-05   1.64045e-07
6.07184   4.9874e-05   1.5096e-07
6.07828   4.67327e-05   1.38728e-07
6.08472   4.37931e-05   1.27292e-07
6.09116   4.10346e-05   1.16599e-07
6.0976   3.84386e-05   1.06604e-07
6.10404   3.5989e-05   9.72647e-08
6.11048   3.36714e-05   8.8543e-08
6.11691   3.14735e-05   8.04052e-08
6.12335   2.93842e-05   7.28201e-08
6.12979   2.7394e-05   6.57596e-08
6.13623   2.54946e-05   5.91977e-08
6.14267   2.36788e-05   5.31108e-08
6.14911   2.19406e-05   4.74766e-08
6.15555   2.02748e-05   4.22749e-08
6.16199   1.86772e-05   3.74863e-08
6.16843   1.71447e-05   3.30926e-08
6.17486   1.56751e-05   2.90765e-08
6.1813   1.42672e-05   2.54211e-08
6.18774   1.29213e-05   2.21096e-08
6.19418   1.16385e-05   1.91253e-08
6.20062   1.04215e-05   1.64512e-08
6.20706   9.27401e-06   1.40694e-08
6.2135   8.20043e-06   1.19613e-08
6.21994   7.20536e-06   1.01074e-08
6.22637   6.29257e-06   8.48706e-09
6.23281   5.46415e-06   7.07923e-09
6.23925   4.71976e-06   5.86276e-09
6.24569   4.05648e-06   4.817e-09
6.25213   3.46911e-06   3.92244e-09
6.25857   2.95097e-06   3.16112e-09
6.26501   2.49469e-06   2.51688e-09
6.27145   2.09291e-06   1.97545e-09
6.27789   1.73883e-06   1.52431e-09
6.28432   1.42652e-06   1.15253e-09
6.29076   1.15112e-06   8.50534e-10
6.2972   9.08968e-07   6.09807e-10
6.30364   6.9787e-07   4.22583e-10
6.31008   5.17216e-07   2.81476e-10
6.31652   3.67748e-07   1.79124e-10
6.32296   2.50096e-07   1.08011e-10
6.3294   1.62345e-07   6.07777e-11
6.33584   9.93359e-08   3.09537e-11
6.34227   5.49045e-08   1.34752e-11
6.34871   2.4798e-08   4.56338e-12
6.35515   8.12537e-09   1.0322e-12
6.36159   1.29924e-09   8.40567e-14
6.36803   2.90949e-12   5.27956e-18
6.37447   0   0
6.38091   0   0
6.38735   0   0
6.39379   0   0
6.40022   0   0
6.40666   0   0
6.4131   0   0
6.41954   0   0
6.42598   0   0
6.43242   0   0
