# PiecewisePolytrope(Gammas=1.36,3.00; Rhos=2.45e-4; Kappa0=0.102; Smooth=0; GammaTh=2;)
# rho_c = 0.0014
# r (iso) = 6.38471
#[1] r (isotropic coords)
#[2] rho (baryon density)
#[3] P
0   0.0014   0.00023375
0.00645502   0.0014   0.000233749
0.01291   0.00139999   0.000233747
0.0193651   0.00139999   0.000233743
0.0258201   0.00139998   0.000233738
0.0322751   0.00139996   0.000233731
0.0387301   0.00139995   0.000233723
0.0451851   0.00139993   0.000233713
0.0516401   0.0013999   0.000233702
0.0580952   0.00139988   0.000233689
0.0645502   0.00139985   0.000233674
0.0710052   0.00139982   0.000233659
0.0774602   0.00139978   0.000233641
0.0839152   0.00139974   0.000233622
0.0903702   0.0013997   0.000233602
0.0968253   0.00139966   0.00023358
0.10328   0.00139961   0.000233557
0.109735   0.00139956   0.000233532
0.11619   0.00139951   0.000233505
0.122645   0.00139945   0.000233477
0.1291   0.0013994   0.000233448
0.135555   0.00139933   0.000233417
0.14201   0.00139927   0.000233384
0.148465   0.0013992   0.00023335
0.15492   0.00139913   0.000233315
0.161375   0.00139906   0.000233278
0.16783   0.00139898   0.000233239
0.174285   0.0013989   0.000233199
0.18074   0.00139882   0.000233158
0.187195   0.00139873   0.000233115
0.193651   0.00139864   0.00023307
0.200106   0.00139855   0.000233024
0.206561   0.00139845   0.000232976
0.213016   0.00139836   0.000232927
0.219471   0.00139825   0.000232877
0.225926   0.00139815   0.000232825
0.232381   0.00139804   0.000232771
0.238836   0.00139793   0.000232716
0.245291   0.00139782   0.00023266
0.251746   0.0013977   0.000232602
0.258201   0.00139758   0.000232542
0.264656   0.00139746   0.000232481
0.271111   0.00139734   0.000232419
0.277566   0.00139721   0.000232355
0.284021   0.00139708   0.000232289
0.290476   0.00139694   0.000232223
0.296931   0.00139681   0.000232154
0.303386   0.00139667   0.000232084
0.309841   0.00139652   0.000232013
0.316296   0.00139638   0.00023194
0.322751   0.00139623   0.000231866
0.329206   0.00139608   0.00023179
0.335661   0.00139592   0.000231712
0.342116   0.00139576   0.000231634
0.348571   0.0013956   0.000231553
0.355026   0.00139544   0.000231472
0.361481   0.00139527   0.000231388
0.367936   0.0013951   0.000231304
0.374391   0.00139493   0.000231218
0.380846   0.00139475   0.00023113
0.387301   0.00139457   0.000231041
0.393756   0.00139439   0.00023095
0.400211   0.0013942   0.000230858
0.406666   0.00139401   0.000230765
0.413121   0.00139382   0.00023067
0.419576   0.00139363   0.000230574
0.426031   0.00139343   0.000230476
0.432486   0.00139323   0.000230376
0.438941   0.00139303   0.000230276
0.445396   0.00139282   0.000230173
0.451851   0.00139261   0.00023007
0.458306   0.0013924   0.000229965
0.464761   0.00139219   0.000229858
0.471216   0.00139197   0.00022975
0.477671   0.00139175   0.000229641
0.484126   0.00139152   0.00022953
0.490581   0.0013913   0.000229418
0.497036   0.00139107   0.000229304
0.503491   0.00139083   0.000229189
0.509946   0.0013906   0.000229072
0.516401   0.00139036   0.000228954
0.522856   0.00139012   0.000228835
0.529311   0.00138987   0.000228714
0.535766   0.00138962   0.000228591
0.542221   0.00138937   0.000228468
0.548676   0.00138912   0.000228342
0.555131   0.00138886   0.000228216
0.561586   0.0013886   0.000228088
0.568042   0.00138834   0.000227959
0.574497   0.00138808   0.000227828
0.580952   0.00138781   0.000227696
0.587407   0.00138754   0.000227562
0.593862   0.00138726   0.000227427
0.600317   0.00138698   0.000227291
0.606772   0.0013867   0.000227153
0.613227   0.00138642   0.000227014
0.619682   0.00138613   0.000226873
0.626137   0.00138584   0.000226731
0.632592   0.00138555   0.000226588
0.639047   0.00138526   0.000226443
0.645502   0.00138496   0.000226297
0.651957   0.00138466   0.000226149
0.658412   0.00138435   0.000226
0.664867   0.00138405   0.00022585
0.671322   0.00138374   0.000225698
0.677777   0.00138342   0.000225545
0.684232   0.00138311   0.000225391
0.690687   0.00138279   0.000225235
0.697142   0.00138247   0.000225078
0.703597   0.00138214   0.00022492
0.710052   0.00138182   0.00022476
0.716507   0.00138149   0.000224599
0.722962   0.00138115   0.000224436
0.729417   0.00138082   0.000224272
0.735872   0.00138048   0.000224107
0.742327   0.00138014   0.000223941
0.748782   0.00137979   0.000223773
0.755237   0.00137944   0.000223604
0.761692   0.00137909   0.000223433
0.768147   0.00137874   0.000223261
0.774602   0.00137838   0.000223088
0.781057   0.00137802   0.000222913
0.787512   0.00137766   0.000222738
0.793967   0.00137729   0.00022256
0.800422   0.00137693   0.000222382
0.806877   0.00137655   0.000222202
0.813332   0.00137618   0.000222021
0.819787   0.0013758   0.000221839
0.826242   0.00137542   0.000221655
0.832697   0.00137504   0.00022147
0.839152   0.00137466   0.000221284
0.845607   0.00137427   0.000221096
0.852062   0.00137388   0.000220907
0.858517   0.00137348   0.000220717
0.864972   0.00137308   0.000220525
0.871427   0.00137268   0.000220333
0.877882   0.00137228   0.000220139
0.884337   0.00137187   0.000219943
0.890792   0.00137147   0.000219747
0.897247   0.00137105   0.000219549
0.903702   0.00137064   0.00021935
0.910157   0.00137022   0.00021915
0.916612   0.0013698   0.000218948
0.923067   0.00136938   0.000218745
0.929522   0.00136895   0.000218541
0.935977   0.00136852   0.000218336
0.942433   0.00136809   0.000218129
0.948888   0.00136766   0.000217922
0.955343   0.00136722   0.000217713
0.961798   0.00136678   0.000217502
0.968253   0.00136634   0.000217291
0.974708   0.00136589   0.000217078
0.981163   0.00136544   0.000216864
0.987618   0.00136499   0.000216649
0.994073   0.00136454   0.000216433
1.00053   0.00136408   0.000216215
1.00698   0.00136362   0.000215996
1.01344   0.00136316   0.000215776
1.01989   0.00136269   0.000215555
1.02635   0.00136222   0.000215333
1.0328   0.00136175   0.000215109
1.03926   0.00136127   0.000214884
1.04571   0.0013608   0.000214659
1.05217   0.00136032   0.000214431
1.05862   0.00135983   0.000214203
1.06508   0.00135935   0.000213974
1.07153   0.00135886   0.000213743
1.07799   0.00135837   0.000213511
1.08444   0.00135787   0.000213278
1.0909   0.00135738   0.000213044
1.09735   0.00135688   0.000212809
1.10381   0.00135638   0.000212573
1.11026   0.00135587   0.000212335
1.11672   0.00135536   0.000212096
1.12317   0.00135485   0.000211857
1.12963   0.00135434   0.000211616
1.13608   0.00135382   0.000211374
1.14254   0.0013533   0.00021113
1.14899   0.00135278   0.000210886
1.15545   0.00135225   0.000210641
1.1619   0.00135173   0.000210394
1.16836   0.0013512   0.000210147
1.17481   0.00135066   0.000209898
1.18127   0.00135013   0.000209648
1.18772   0.00134959   0.000209397
1.19418   0.00134905   0.000209145
1.20063   0.0013485   0.000208892
1.20709   0.00134795   0.000208638
1.21354   0.0013474   0.000208382
1.22   0.00134685   0.000208126
1.22645   0.0013463   0.000207869
1.23291   0.00134574   0.00020761
1.23936   0.00134518   0.000207351
1.24582   0.00134461   0.00020709
1.25227   0.00134405   0.000206828
1.25873   0.00134348   0.000206566
1.26518   0.0013429   0.000206302
1.27164   0.00134233   0.000206037
1.27809   0.00134175   0.000205771
1.28455   0.00134117   0.000205504
1.291   0.00134059   0.000205237
1.29746   0.00134   0.000204968
1.30391   0.00133941   0.000204698
1.31037   0.00133882   0.000204427
1.31682   0.00133823   0.000204155
1.32328   0.00133763   0.000203882
1.32973   0.00133703   0.000203608
1.33619   0.00133643   0.000203333
1.34264   0.00133583   0.000203057
1.3491   0.00133522   0.00020278
1.35555   0.00133461   0.000202502
1.36201   0.001334   0.000202223
1.36846   0.00133338   0.000201944
1.37492   0.00133276   0.000201663
1.38137   0.00133214   0.000201381
1.38783   0.00133152   0.000201098
1.39428   0.00133089   0.000200814
1.40074   0.00133026   0.00020053
1.40719   0.00132963   0.000200244
1.41365   0.001329   0.000199958
1.4201   0.00132836   0.00019967
1.42656   0.00132772   0.000199382
1.43301   0.00132708   0.000199092
1.43947   0.00132643   0.000198802
1.44592   0.00132578   0.000198511
1.45238   0.00132513   0.000198219
1.45883   0.00132448   0.000197926
1.46529   0.00132382   0.000197632
1.47174   0.00132316   0.000197337
1.4782   0.0013225   0.000197041
1.48465   0.00132184   0.000196745
1.49111   0.00132117   0.000196447
1.49756   0.0013205   0.000196149
1.50402   0.00131983   0.00019585
1.51047   0.00131916   0.00019555
1.51693   0.00131848   0.000195249
1.52338   0.0013178   0.000194947
1.52984   0.00131712   0.000194644
1.53629   0.00131643   0.00019434
1.54275   0.00131574   0.000194036
1.5492   0.00131505   0.000193731
1.55566   0.00131436   0.000193425
1.56211   0.00131367   0.000193118
1.56857   0.00131297   0.00019281
1.57502   0.00131227   0.000192501
1.58148   0.00131156   0.000192192
1.58793   0.00131086   0.000191882
1.59439   0.00131015   0.000191571
1.60084   0.00130944   0.000191259
1.6073   0.00130872   0.000190946
1.61375   0.00130801   0.000190633
1.62021   0.00130729   0.000190318
1.62666   0.00130657   0.000190003
1.63312   0.00130584   0.000189688
1.63957   0.00130511   0.000189371
1.64603   0.00130438   0.000189054
1.65248   0.00130365   0.000188736
1.65894   0.00130292   0.000188417
1.66539   0.00130218   0.000188097
1.67185   0.00130144   0.000187777
1.6783   0.0013007   0.000187455
1.68476   0.00129995   0.000187133
1.69121   0.00129921   0.000186811
1.69767   0.00129846   0.000186487
1.70412   0.0012977   0.000186163
1.71058   0.00129695   0.000185839
1.71703   0.00129619   0.000185513
1.72349   0.00129543   0.000185187
1.72994   0.00129467   0.00018486
1.7364   0.0012939   0.000184532
1.74285   0.00129313   0.000184204
1.74931   0.00129236   0.000183875
1.75576   0.00129159   0.000183545
1.76222   0.00129081   0.000183214
1.76867   0.00129004   0.000182883
1.77513   0.00128926   0.000182551
1.78158   0.00128847   0.000182219
1.78804   0.00128769   0.000181886
1.79449   0.0012869   0.000181552
1.80095   0.00128611   0.000181217
1.8074   0.00128531   0.000180882
1.81386   0.00128452   0.000180547
1.82031   0.00128372   0.00018021
1.82677   0.00128292   0.000179873
1.83322   0.00128212   0.000179535
1.83968   0.00128131   0.000179197
1.84613   0.0012805   0.000178858
1.85259   0.00127969   0.000178519
1.85904   0.00127888   0.000178178
1.8655   0.00127806   0.000177838
1.87195   0.00127724   0.000177496
1.87841   0.00127642   0.000177154
1.88487   0.0012756   0.000176812
1.89132   0.00127477   0.000176469
1.89778   0.00127395   0.000176125
1.90423   0.00127312   0.000175781
1.91069   0.00127228   0.000175436
1.91714   0.00127145   0.00017509
1.9236   0.00127061   0.000174744
1.93005   0.00126977   0.000174398
1.93651   0.00126892   0.00017405
1.94296   0.00126808   0.000173703
1.94942   0.00126723   0.000173355
1.95587   0.00126638   0.000173006
1.96233   0.00126553   0.000172656
1.96878   0.00126467   0.000172307
1.97524   0.00126381   0.000171956
1.98169   0.00126295   0.000171605
1.98815   0.00126209   0.000171254
1.9946   0.00126123   0.000170902
2.00106   0.00126036   0.00017055
2.00751   0.00125949   0.000170197
2.01397   0.00125862   0.000169843
2.02042   0.00125774   0.000169489
2.02688   0.00125686   0.000169135
2.03333   0.00125599   0.00016878
2.03979   0.0012551   0.000168425
2.04624   0.00125422   0.000168069
2.0527   0.00125333   0.000167713
2.05915   0.00125244   0.000167356
2.06561   0.00125155   0.000166999
2.07206   0.00125066   0.000166641
2.07852   0.00124976   0.000166283
2.08497   0.00124886   0.000165925
2.09143   0.00124796   0.000165566
2.09788   0.00124706   0.000165206
2.10434   0.00124615   0.000164846
2.11079   0.00124524   0.000164486
2.11725   0.00124433   0.000164125
2.1237   0.00124342   0.000163764
2.13016   0.0012425   0.000163403
2.13661   0.00124158   0.000163041
2.14307   0.00124066   0.000162679
2.14952   0.00123974   0.000162316
2.15598   0.00123882   0.000161953
2.16243   0.00123789   0.000161589
2.16889   0.00123696   0.000161226
2.17534   0.00123603   0.000160861
2.1818   0.00123509   0.000160497
2.18825   0.00123416   0.000160132
2.19471   0.00123322   0.000159767
2.20116   0.00123227   0.000159401
2.20762   0.00123133   0.000159035
2.21407   0.00123038   0.000158668
2.22053   0.00122944   0.000158302
2.22698   0.00122849   0.000157935
2.23344   0.00122753   0.000157567
2.23989   0.00122658   0.0001572
2.24635   0.00122562   0.000156832
2.2528   0.00122466   0.000156463
2.25926   0.0012237   0.000156095
2.26571   0.00122273   0.000155726
2.27217   0.00122176   0.000155356
2.27862   0.00122079   0.000154987
2.28508   0.00121982   0.000154617
2.29153   0.00121885   0.000154247
2.29799   0.00121787   0.000153877
2.30444   0.00121689   0.000153506
2.3109   0.00121591   0.000153135
2.31735   0.00121493   0.000152764
2.32381   0.00121394   0.000152392
2.33026   0.00121296   0.00015202
2.33672   0.00121196   0.000151648
2.34317   0.00121097   0.000151276
2.34963   0.00120998   0.000150904
2.35608   0.00120898   0.000150531
2.36254   0.00120798   0.000150158
2.36899   0.00120698   0.000149785
2.37545   0.00120598   0.000149411
2.3819   0.00120497   0.000149038
2.38836   0.00120396   0.000148664
2.39481   0.00120295   0.00014829
2.40127   0.00120194   0.000147915
2.40772   0.00120092   0.000147541
2.41418   0.0011999   0.000147166
2.42063   0.00119888   0.000146791
2.42709   0.00119786   0.000146416
2.43354   0.00119684   0.000146041
2.44   0.00119581   0.000145665
2.44645   0.00119478   0.00014529
2.45291   0.00119375   0.000144914
2.45936   0.00119272   0.000144538
2.46582   0.00119168   0.000144162
2.47227   0.00119064   0.000143785
2.47873   0.0011896   0.000143409
2.48518   0.00118856   0.000143032
2.49164   0.00118752   0.000142655
2.49809   0.00118647   0.000142279
2.50455   0.00118542   0.000141901
2.511   0.00118437   0.000141524
2.51746   0.00118332   0.000141147
2.52391   0.00118226   0.00014077
2.53037   0.0011812   0.000140392
2.53682   0.00118014   0.000140014
2.54328   0.00117908   0.000139637
2.54973   0.00117802   0.000139259
2.55619   0.00117695   0.000138881
2.56264   0.00117588   0.000138503
2.5691   0.00117481   0.000138125
2.57555   0.00117374   0.000137746
2.58201   0.00117266   0.000137368
2.58846   0.00117158   0.00013699
2.59492   0.0011705   0.000136611
2.60137   0.00116942   0.000136233
2.60783   0.00116834   0.000135854
2.61428   0.00116725   0.000135475
2.62074   0.00116616   0.000135097
2.62719   0.00116507   0.000134718
2.63365   0.00116398   0.000134339
2.6401   0.00116288   0.00013396
2.64656   0.00116179   0.000133581
2.65301   0.00116069   0.000133202
2.65947   0.00115958   0.000132823
2.66592   0.00115848   0.000132444
2.67238   0.00115737   0.000132065
2.67883   0.00115627   0.000131686
2.68529   0.00115516   0.000131307
2.69174   0.00115404   0.000130928
2.6982   0.00115293   0.000130549
2.70465   0.00115181   0.00013017
2.71111   0.00115069   0.000129791
2.71756   0.00114957   0.000129412
2.72402   0.00114845   0.000129033
2.73047   0.00114732   0.000128654
2.73693   0.00114619   0.000128275
2.74338   0.00114506   0.000127896
2.74984   0.00114393   0.000127517
2.75629   0.0011428   0.000127138
2.76275   0.00114166   0.000126759
2.7692   0.00114052   0.00012638
2.77566   0.00113938   0.000126001
2.78211   0.00113824   0.000125623
2.78857   0.00113709   0.000125244
2.79502   0.00113595   0.000124865
2.80148   0.0011348   0.000124487
2.80793   0.00113365   0.000124108
2.81439   0.00113249   0.00012373
2.82084   0.00113134   0.000123351
2.8273   0.00113018   0.000122973
2.83375   0.00112902   0.000122595
2.84021   0.00112786   0.000122217
2.84666   0.00112669   0.000121839
2.85312   0.00112553   0.000121461
2.85957   0.00112436   0.000121083
2.86603   0.00112319   0.000120705
2.87248   0.00112202   0.000120327
2.87894   0.00112084   0.00011995
2.88539   0.00111966   0.000119572
2.89185   0.00111849   0.000119195
2.8983   0.0011173   0.000118818
2.90476   0.00111612   0.000118441
2.91121   0.00111494   0.000118064
2.91767   0.00111375   0.000117687
2.92412   0.00111256   0.00011731
2.93058   0.00111137   0.000116934
2.93703   0.00111017   0.000116558
2.94349   0.00110898   0.000116181
2.94994   0.00110778   0.000115805
2.9564   0.00110658   0.000115429
2.96285   0.00110538   0.000115054
2.96931   0.00110417   0.000114678
2.97576   0.00110297   0.000114303
2.98222   0.00110176   0.000113927
2.98867   0.00110055   0.000113552
2.99513   0.00109934   0.000113177
3.00158   0.00109812   0.000112803
3.00804   0.0010969   0.000112428
3.01449   0.00109569   0.000112054
3.02095   0.00109446   0.000111679
3.0274   0.00109324   0.000111305
3.03386   0.00109202   0.000110932
3.04031   0.00109079   0.000110558
3.04677   0.00108956   0.000110185
3.05322   0.00108833   0.000109812
3.05968   0.0010871   0.000109439
3.06613   0.00108586   0.000109066
3.07259   0.00108462   0.000108693
3.07904   0.00108338   0.000108321
3.0855   0.00108214   0.000107949
3.09195   0.0010809   0.000107577
3.09841   0.00107965   0.000107206
3.10486   0.0010784   0.000106834
3.11132   0.00107715   0.000106463
3.11777   0.0010759   0.000106093
3.12423   0.00107465   0.000105722
3.13068   0.00107339   0.000105352
3.13714   0.00107213   0.000104982
3.14359   0.00107087   0.000104612
3.15005   0.00106961   0.000104242
3.1565   0.00106834   0.000103873
3.16296   0.00106708   0.000103504
3.16941   0.00106581   0.000103135
3.17587   0.00106454   0.000102767
3.18232   0.00106327   0.000102399
3.18878   0.00106199   0.000102031
3.19523   0.00106071   0.000101663
3.20169   0.00105944   0.000101296
3.20814   0.00105815   0.000100929
3.2146   0.00105687   0.000100562
3.22105   0.00105559   0.000100196
3.22751   0.0010543   9.98294e-05
3.23396   0.00105301   9.94636e-05
3.24042   0.00105172   9.90981e-05
3.24687   0.00105042   9.87329e-05
3.25333   0.00104913   9.83681e-05
3.25978   0.00104783   9.80035e-05
3.26624   0.00104653   9.76393e-05
3.27269   0.00104523   9.72754e-05
3.27915   0.00104393   9.69118e-05
3.2856   0.00104262   9.65486e-05
3.29206   0.00104131   9.61857e-05
3.29851   0.00104   9.58232e-05
3.30497   0.00103869   9.5461e-05
3.31142   0.00103738   9.50991e-05
3.31788   0.00103606   9.47376e-05
3.32433   0.00103474   9.43764e-05
3.33079   0.00103342   9.40156e-05
3.33724   0.0010321   9.36552e-05
3.3437   0.00103077   9.32951e-05
3.35015   0.00102945   9.29354e-05
3.35661   0.00102812   9.25761e-05
3.36306   0.00102679   9.22171e-05
3.36952   0.00102546   9.18585e-05
3.37597   0.00102412   9.15003e-05
3.38243   0.00102278   9.11424e-05
3.38888   0.00102145   9.0785e-05
3.39534   0.00102011   9.04279e-05
3.40179   0.00101876   9.00712e-05
3.40825   0.00101742   8.97149e-05
3.4147   0.00101607   8.9359e-05
3.42116   0.00101472   8.90036e-05
3.42761   0.00101337   8.86485e-05
3.43407   0.00101202   8.82938e-05
3.44052   0.00101066   8.79395e-05
3.44698   0.0010093   8.75856e-05
3.45343   0.00100794   8.72322e-05
3.45989   0.00100658   8.68791e-05
3.46634   0.00100522   8.65265e-05
3.4728   0.00100385   8.61743e-05
3.47925   0.00100248   8.58225e-05
3.48571   0.00100112   8.54712e-05
3.49216   0.000999743   8.51203e-05
3.49862   0.000998369   8.47698e-05
3.50507   0.000996993   8.44197e-05
3.51153   0.000995615   8.40701e-05
3.51798   0.000994234   8.3721e-05
3.52444   0.000992852   8.33722e-05
3.53089   0.000991468   8.3024e-05
3.53735   0.000990081   8.26761e-05
3.5438   0.000988692   8.23287e-05
3.55026   0.000987302   8.19818e-05
3.55671   0.000985909   8.16354e-05
3.56317   0.000984514   8.12894e-05
3.56962   0.000983117   8.09438e-05
3.57608   0.000981718   8.05987e-05
3.58253   0.000980317   8.02541e-05
3.58899   0.000978914   7.991e-05
3.59544   0.000977509   7.95663e-05
3.6019   0.000976101   7.92232e-05
3.60835   0.000974692   7.88805e-05
3.61481   0.00097328   7.85382e-05
3.62126   0.000971866   7.81965e-05
3.62772   0.00097045   7.78552e-05
3.63417   0.000969033   7.75145e-05
3.64063   0.000967613   7.71742e-05
3.64708   0.00096619   7.68344e-05
3.65354   0.000964766   7.64952e-05
3.65999   0.00096334   7.61564e-05
3.66645   0.000961911   7.58181e-05
3.6729   0.000960481   7.54803e-05
3.67936   0.000959048   7.51431e-05
3.68581   0.000957613   7.48063e-05
3.69227   0.000956176   7.44701e-05
3.69872   0.000954737   7.41343e-05
3.70518   0.000953296   7.37991e-05
3.71163   0.000951853   7.34644e-05
3.71809   0.000950407   7.31302e-05
3.72454   0.00094896   7.27966e-05
3.731   0.00094751   7.24635e-05
3.73745   0.000946058   7.21309e-05
3.74391   0.000944604   7.17988e-05
3.75036   0.000943148   7.14673e-05
3.75682   0.00094169   7.11363e-05
3.76327   0.000940229   7.08058e-05
3.76973   0.000938767   7.04759e-05
3.77619   0.000937302   7.01465e-05
3.78264   0.000935835   6.98177e-05
3.7891   0.000934366   6.94894e-05
3.79555   0.000932895   6.91617e-05
3.80201   0.000931421   6.88345e-05
3.80846   0.000929946   6.85079e-05
3.81492   0.000928468   6.81818e-05
3.82137   0.000926988   6.78563e-05
3.82783   0.000925506   6.75314e-05
3.83428   0.000924022   6.7207e-05
3.84074   0.000922535   6.68831e-05
3.84719   0.000921047   6.65599e-05
3.85365   0.000919556   6.62372e-05
3.8601   0.000918063   6.59151e-05
3.86656   0.000916567   6.55936e-05
3.87301   0.00091507   6.52726e-05
3.87947   0.00091357   6.49522e-05
3.88592   0.000912069   6.46324e-05
3.89238   0.000910565   6.43132e-05
3.89883   0.000909058   6.39945e-05
3.90529   0.00090755   6.36765e-05
3.91174   0.000906039   6.3359e-05
3.9182   0.000904526   6.30422e-05
3.92465   0.000903011   6.27259e-05
3.93111   0.000901493   6.24102e-05
3.93756   0.000899974   6.20951e-05
3.94402   0.000898452   6.17806e-05
3.95047   0.000896928   6.14667e-05
3.95693   0.000895401   6.11534e-05
3.96338   0.000893873   6.08408e-05
3.96984   0.000892342   6.05287e-05
3.97629   0.000890808   6.02172e-05
3.98275   0.000889273   5.99064e-05
3.9892   0.000887735   5.95961e-05
3.99566   0.000886195   5.92865e-05
4.00211   0.000884653   5.89775e-05
4.00857   0.000883108   5.86691e-05
4.01502   0.000881561   5.83613e-05
4.02148   0.000880012   5.80542e-05
4.02793   0.000878461   5.77477e-05
4.03439   0.000876907   5.74418e-05
4.04084   0.000875351   5.71365e-05
4.0473   0.000873792   5.68319e-05
4.05375   0.000872231   5.65279e-05
4.06021   0.000870668   5.62245e-05
4.06666   0.000869103   5.59218e-05
4.07312   0.000867535   5.56197e-05
4.07957   0.000865965   5.53182e-05
4.08603   0.000864392   5.50174e-05
4.09248   0.000862817   5.47172e-05
4.09894   0.00086124   5.44177e-05
4.10539   0.00085966   5.41188e-05
4.11185   0.000858078   5.38206e-05
4.1183   0.000856494   5.3523e-05
4.12476   0.000854907   5.3226e-05
4.13121   0.000853318   5.29297e-05
4.13767   0.000851726   5.26341e-05
4.14412   0.000850132   5.23392e-05
4.15058   0.000848535   5.20448e-05
4.15703   0.000846936   5.17512e-05
4.16349   0.000845335   5.14582e-05
4.16994   0.000843731   5.11659e-05
4.1764   0.000842125   5.08742e-05
4.18285   0.000840516   5.05832e-05
4.18931   0.000838905   5.02929e-05
4.19576   0.000837292   5.00032e-05
4.20222   0.000835676   4.97143e-05
4.20867   0.000834057   4.94259e-05
4.21513   0.000832436   4.91383e-05
4.22158   0.000830812   4.88513e-05
4.22804   0.000829186   4.85651e-05
4.23449   0.000827558   4.82795e-05
4.24095   0.000825926   4.79946e-05
4.2474   0.000824293   4.77103e-05
4.25386   0.000822657   4.74268e-05
4.26031   0.000821018   4.71439e-05
4.26677   0.000819376   4.68617e-05
4.27322   0.000817733   4.65802e-05
4.27968   0.000816086   4.62994e-05
4.28613   0.000814437   4.60193e-05
4.29259   0.000812785   4.57399e-05
4.29904   0.000811131   4.54612e-05
4.3055   0.000809474   4.51832e-05
4.31195   0.000807815   4.49059e-05
4.31841   0.000806153   4.46293e-05
4.32486   0.000804488   4.43533e-05
4.33132   0.00080282   4.40781e-05
4.33777   0.00080115   4.38036e-05
4.34423   0.000799478   4.35298e-05
4.35068   0.000797802   4.32567e-05
4.35714   0.000796124   4.29843e-05
4.36359   0.000794443   4.27126e-05
4.37005   0.00079276   4.24417e-05
4.3765   0.000791073   4.21714e-05
4.38296   0.000789384   4.19019e-05
4.38941   0.000787693   4.16331e-05
4.39587   0.000785998   4.13649e-05
4.40232   0.000784301   4.10976e-05
4.40878   0.000782601   4.08309e-05
4.41523   0.000780898   4.05649e-05
4.42169   0.000779192   4.02997e-05
4.42814   0.000777484   4.00352e-05
4.4346   0.000775773   3.97714e-05
4.44105   0.000774059   3.95084e-05
4.44751   0.000772342   3.92461e-05
4.45396   0.000770622   3.89845e-05
4.46042   0.000768899   3.87236e-05
4.46687   0.000767174   3.84635e-05
4.47333   0.000765445   3.82041e-05
4.47978   0.000763714   3.79454e-05
4.48624   0.000761979   3.76875e-05
4.49269   0.000760242   3.74303e-05
4.49915   0.000758502   3.71739e-05
4.5056   0.000756759   3.69182e-05
4.51206   0.000755012   3.66632e-05
4.51851   0.000753263   3.6409e-05
4.52497   0.000751511   3.61555e-05
4.53142   0.000749756   3.59027e-05
4.53788   0.000747998   3.56507e-05
4.54433   0.000746236   3.53995e-05
4.55079   0.000744472   3.5149e-05
4.55724   0.000742705   3.48992e-05
4.5637   0.000740934   3.46503e-05
4.57015   0.00073916   3.4402e-05
4.57661   0.000737384   3.41545e-05
4.58306   0.000735604   3.39078e-05
4.58952   0.000733821   3.36618e-05
4.59597   0.000732034   3.34166e-05
4.60243   0.000730245   3.31721e-05
4.60888   0.000728452   3.29284e-05
4.61534   0.000726656   3.26855e-05
4.62179   0.000724857   3.24433e-05
4.62825   0.000723054   3.22018e-05
4.6347   0.000721249   3.19612e-05
4.64116   0.00071944   3.17213e-05
4.64761   0.000717627   3.14822e-05
4.65407   0.000715812   3.12438e-05
4.66052   0.000713993   3.10062e-05
4.66698   0.00071217   3.07694e-05
4.67343   0.000710344   3.05333e-05
4.67989   0.000708515   3.02981e-05
4.68634   0.000706682   3.00636e-05
4.6928   0.000704846   2.98298e-05
4.69925   0.000703007   2.95969e-05
4.70571   0.000701163   2.93647e-05
4.71216   0.000699317   2.91333e-05
4.71862   0.000697467   2.89027e-05
4.72507   0.000695613   2.86728e-05
4.73153   0.000693755   2.84438e-05
4.73798   0.000691895   2.82155e-05
4.74444   0.00069003   2.7988e-05
4.75089   0.000688162   2.77613e-05
4.75735   0.00068629   2.75353e-05
4.7638   0.000684414   2.73102e-05
4.77026   0.000682535   2.70858e-05
4.77671   0.000680652   2.68623e-05
4.78317   0.000678765   2.66395e-05
4.78962   0.000676874   2.64175e-05
4.79608   0.00067498   2.61963e-05
4.80253   0.000673082   2.59759e-05
4.80899   0.000671179   2.57563e-05
4.81544   0.000669273   2.55375e-05
4.8219   0.000667363   2.53195e-05
4.82835   0.000665449   2.51022e-05
4.83481   0.000663531   2.48858e-05
4.84126   0.000661609   2.46702e-05
4.84772   0.000659683   2.44554e-05
4.85417   0.000657753   2.42414e-05
4.86063   0.000655819   2.40281e-05
4.86708   0.000653881   2.38157e-05
4.87354   0.000651938   2.36041e-05
4.87999   0.000649992   2.33933e-05
4.88645   0.000648041   2.31833e-05
4.8929   0.000646086   2.29741e-05
4.89936   0.000644126   2.27657e-05
4.90581   0.000642163   2.25581e-05
4.91227   0.000640195   2.23513e-05
4.91872   0.000638222   2.21454e-05
4.92518   0.000636245   2.19402e-05
4.93163   0.000634264   2.17359e-05
4.93809   0.000632278   2.15324e-05
4.94454   0.000630288   2.13297e-05
4.951   0.000628293   2.11278e-05
4.95745   0.000626294   2.09267e-05
4.96391   0.000624289   2.07265e-05
4.97036   0.000622281   2.05271e-05
4.97682   0.000620267   2.03284e-05
4.98327   0.000618249   2.01307e-05
4.98973   0.000616226   1.99337e-05
4.99618   0.000614198   1.97376e-05
5.00264   0.000612165   1.95422e-05
5.00909   0.000610128   1.93477e-05
5.01555   0.000608085   1.91541e-05
5.022   0.000606038   1.89612e-05
5.02846   0.000603985   1.87692e-05
5.03491   0.000601927   1.85781e-05
5.04137   0.000599865   1.83877e-05
5.04782   0.000597797   1.81982e-05
5.05428   0.000595723   1.80095e-05
5.06073   0.000593645   1.78217e-05
5.06719   0.000591561   1.76347e-05
5.07364   0.000589472   1.74485e-05
5.0801   0.000587377   1.72631e-05
5.08655   0.000585277   1.70786e-05
5.09301   0.000583172   1.6895e-05
5.09946   0.000581061   1.67122e-05
5.10592   0.000578944   1.65302e-05
5.11237   0.000576822   1.6349e-05
5.11883   0.000574693   1.61687e-05
5.12528   0.000572559   1.59893e-05
5.13174   0.00057042   1.58107e-05
5.13819   0.000568274   1.56329e-05
5.14465   0.000566122   1.5456e-05
5.1511   0.000563964   1.528e-05
5.15756   0.0005618   1.51048e-05
5.16401   0.00055963   1.49304e-05
5.17047   0.000557454   1.47569e-05
5.17692   0.000555272   1.45843e-05
5.18338   0.000553083   1.44125e-05
5.18983   0.000550887   1.42415e-05
5.19629   0.000548686   1.40714e-05
5.20274   0.000546477   1.39022e-05
5.2092   0.000544262   1.37339e-05
5.21565   0.000542041   1.35664e-05
5.22211   0.000539812   1.33997e-05
5.22856   0.000537577   1.32339e-05
5.23502   0.000535334   1.3069e-05
5.24147   0.000533085   1.2905e-05
5.24793   0.000530829   1.27418e-05
5.25438   0.000528565   1.25795e-05
5.26084   0.000526294   1.24181e-05
5.26729   0.000524016   1.22575e-05
5.27375   0.00052173   1.20978e-05
5.2802   0.000519437   1.1939e-05
5.28666   0.000517136   1.1781e-05
5.29311   0.000514828   1.16239e-05
5.29957   0.000512511   1.14677e-05
5.30602   0.000510187   1.13124e-05
5.31248   0.000507854   1.1158e-05
5.31893   0.000505514   1.10044e-05
5.32539   0.000503165   1.08518e-05
5.33184   0.000500808   1.07e-05
5.3383   0.000498443   1.05491e-05
5.34475   0.000496069   1.0399e-05
5.35121   0.000493686   1.02499e-05
5.35766   0.000491295   1.01017e-05
5.36412   0.000488894   9.95434e-06
5.37057   0.000486485   9.80789e-06
5.37703   0.000484066   9.66233e-06
5.38348   0.000481638   9.51767e-06
5.38994   0.000479201   9.37391e-06
5.39639   0.000476754   9.23105e-06
5.40285   0.000474298   9.08909e-06
5.4093   0.000471831   8.94803e-06
5.41576   0.000469355   8.80788e-06
5.42221   0.000466868   8.66863e-06
5.42867   0.000464371   8.5303e-06
5.43512   0.000461864   8.39287e-06
5.44158   0.000459346   8.25635e-06
5.44803   0.000456818   8.12075e-06
5.45449   0.000454278   7.98607e-06
5.46094   0.000451727   7.8523e-06
5.4674   0.000449165   7.71945e-06
5.47385   0.000446592   7.58752e-06
5.48031   0.000444007   7.45652e-06
5.48676   0.00044141   7.32644e-06
5.49322   0.0004388   7.19729e-06
5.49967   0.000436179   7.06907e-06
5.50613   0.000433545   6.94178e-06
5.51258   0.000430899   6.81543e-06
5.51904   0.000428239   6.69001e-06
5.52549   0.000425566   6.56553e-06
5.53195   0.00042288   6.442e-06
5.5384   0.000420181   6.3194e-06
5.54486   0.000417467   6.19775e-06
5.55131   0.000414739   6.07705e-06
5.55777   0.000411997   5.9573e-06
5.56422   0.00040924   5.83851e-06
5.57068   0.000406468   5.72067e-06
5.57713   0.000403681   5.60379e-06
5.58359   0.000400878   5.48787e-06
5.59004   0.000398059   5.37292e-06
5.5965   0.000395224   5.25893e-06
5.60295   0.000392372   5.14592e-06
5.60941   0.000389504   5.03388e-06
5.61586   0.000386618   4.92281e-06
5.62232   0.000383714   4.81273e-06
5.62877   0.000380792   4.70363e-06
5.63523   0.000377852   4.59551e-06
5.64168   0.000374893   4.48839e-06
5.64814   0.000371915   4.38226e-06
5.6546   0.000368916   4.27713e-06
5.66105   0.000365898   4.17299e-06
5.66751   0.000362859   4.06987e-06
5.67396   0.000359798   3.96775e-06
5.68042   0.000356716   3.86664e-06
5.68687   0.000353611   3.76656e-06
5.69333   0.000350483   3.66749e-06
5.69978   0.000347332   3.56945e-06
5.70624   0.000344156   3.47244e-06
5.71269   0.000340956   3.37647e-06
5.71915   0.00033773   3.28154e-06
5.7256   0.000334478   3.18765e-06
5.73206   0.000331199   3.09481e-06
5.73851   0.000327892   3.00303e-06
5.74497   0.000324556   2.91231e-06
5.75142   0.000321191   2.82266e-06
5.75788   0.000317796   2.73408e-06
5.76433   0.000314369   2.64659e-06
5.77079   0.000310909   2.56017e-06
5.77724   0.000307417   2.47485e-06
5.7837   0.000303889   2.39063e-06
5.79015   0.000300326   2.30752e-06
5.79661   0.000296725   2.22552e-06
5.80306   0.000293086   2.14464e-06
5.80952   0.000289408   2.06489e-06
5.81597   0.000285687   1.98628e-06
5.82243   0.000281924   1.90882e-06
5.82888   0.000278116   1.83251e-06
5.83534   0.000274262   1.75737e-06
5.84179   0.000270359   1.68341e-06
5.84825   0.000266405   1.61063e-06
5.8547   0.000262399   1.53905e-06
5.86116   0.000258337   1.46868e-06
5.86761   0.000254217   1.39953e-06
5.87407   0.000250036   1.33161e-06
5.88052   0.000245792   1.26494e-06
5.88698   0.000237369   1.19998e-06
5.89343   0.000228231   1.1376e-06
5.89989   0.000219337   1.07774e-06
5.90634   0.000210683   1.02032e-06
5.9128   0.000202266   9.65286e-07
5.91925   0.000194082   9.12559e-07
5.92571   0.000186128   8.62072e-07
5.93216   0.0001784   8.13759e-07
5.93862   0.000170894   7.67551e-07
5.94507   0.000163607   7.23386e-07
5.95153   0.000156535   6.81198e-07
5.95798   0.000149676   6.40924e-07
5.96444   0.000143025   6.02503e-07
5.97089   0.000136579   5.65875e-07
5.97735   0.000130334   5.30979e-07
5.9838   0.000124287   4.97758e-07
5.99026   0.000118434   4.66153e-07
5.99671   0.000112773   4.3611e-07
6.00317   0.000107298   4.07574e-07
6.00962   0.000102008   3.8049e-07
6.01608   9.68983e-05   3.54805e-07
6.02253   9.19656e-05   3.30469e-07
6.02899   8.72067e-05   3.07431e-07
6.03544   8.2618e-05   2.85642e-07
6.0419   7.81962e-05   2.65053e-07
6.04835   7.39379e-05   2.45617e-07
6.05481   6.98397e-05   2.2729e-07
6.06126   6.58984e-05   2.10024e-07
6.06772   6.21105e-05   1.93778e-07
6.07417   5.84728e-05   1.78508e-07
6.08063   5.4982e-05   1.64173e-07
6.08708   5.16348e-05   1.50731e-07
6.09354   4.8428e-05   1.38144e-07
6.09999   4.53583e-05   1.26373e-07
6.10645   4.24225e-05   1.1538e-07
6.1129   3.96175e-05   1.0513e-07
6.11936   3.69399e-05   9.55861e-08
6.12581   3.43867e-05   8.67146e-08
6.13227   3.19548e-05   7.84819e-08
6.13872   2.9641e-05   7.08556e-08
6.14518   2.74422e-05   6.38043e-08
6.15163   2.53553e-05   5.72973e-08
6.15809   2.33773e-05   5.13051e-08
6.16454   2.15051e-05   4.5799e-08
6.171   1.97357e-05   4.07514e-08
6.17745   1.8066e-05   3.61355e-08
6.18391   1.64932e-05   3.19252e-08
6.19036   1.50141e-05   2.80957e-08
6.19682   1.36259e-05   2.46229e-08
6.20327   1.23257e-05   2.14833e-08
6.20973   1.11104e-05   1.86548e-08
6.21618   9.97713e-06   1.61156e-08
6.22264   8.92308e-06   1.38452e-08
6.22909   7.94534e-06   1.18237e-08
6.23555   7.04103e-06   1.00319e-08
6.242   6.20729e-06   8.45176e-09
6.24846   5.44129e-06   7.0657e-09
6.25491   4.7402e-06   5.85711e-09
6.26137   4.10118e-06   4.81013e-09
6.26782   3.52143e-06   3.90966e-09
6.27428   2.99815e-06   3.14138e-09
6.28073   2.52852e-06   2.49172e-09
6.28719   2.10976e-06   1.94785e-09
6.29364   1.73905e-06   1.4977e-09
6.3001   1.41362e-06   1.12993e-09
6.30655   1.13065e-06   8.33925e-10
6.31301   8.87341e-07   5.99796e-10
6.31946   6.80871e-07   4.18378e-10
6.32592   5.08408e-07   2.81222e-10
6.33237   3.67098e-07   1.80594e-10
6.33883   2.54058e-07   1.09473e-10
6.34528   1.66371e-07   6.15551e-11
6.35174   1.01068e-07   3.12519e-11
6.35819   5.51197e-08   1.37016e-11
6.36465   2.54032e-08   4.77784e-12
6.3711   8.67044e-09   1.10731e-12
6.37756   1.47513e-09   9.94919e-14
6.38401   2.7981e-12   1.53021e-17
6.39047   0   0
6.39692   0   0
6.40338   0   0
6.40983   0   0
6.41629   0   0
6.42274   0   0
6.4292   0   0
6.43565   0   0
6.44211   0   0
6.44856   0   0
