rho_c = 0.0014, P_c = 0.000205407, eps_c = 0.00152633
Scale = 100, Pressure Depletion = 1
finished odeint with kount = 3916, r = 7.78294, and P = 1.40532e-22
Found TOV solution for rho_c = 0.0014
       Mass   = 1.27184
       Radius = 6.44839
       Circ Radius = 7.78294
       Surf Lapse =  0.820471  0.820471  7.78294
#r (iso)        rho          P
0   0.0014   0.000205407
0.00651939   0.0014   0.000205406
0.0130388   0.00139999   0.000205404
0.0195582   0.00139999   0.000205401
0.0260776   0.00139998   0.000205396
0.032597   0.00139996   0.00020539
0.0391164   0.00139995   0.000205383
0.0456357   0.00139993   0.000205374
0.0521551   0.0013999   0.000205364
0.0586745   0.00139988   0.000205352
0.0651939   0.00139985   0.000205339
0.0717133   0.00139982   0.000205325
0.0782327   0.00139978   0.000205309
0.0847521   0.00139975   0.000205292
0.0912715   0.0013997   0.000205274
0.0977909   0.00139966   0.000205254
0.10431   0.00139961   0.000205233
0.11083   0.00139956   0.000205211
0.117349   0.00139951   0.000205187
0.123868   0.00139946   0.000205162
0.130388   0.0013994   0.000205136
0.136907   0.00139933   0.000205108
0.143427   0.00139927   0.000205079
0.149946   0.0013992   0.000205048
0.156465   0.00139913   0.000205017
0.162985   0.00139906   0.000204983
0.169504   0.00139898   0.000204949
0.176024   0.0013989   0.000204913
0.182543   0.00139882   0.000204876
0.189062   0.00139873   0.000204837
0.195582   0.00139864   0.000204797
0.202101   0.00139855   0.000204756
0.208621   0.00139846   0.000204713
0.21514   0.00139836   0.000204669
0.221659   0.00139826   0.000204624
0.228179   0.00139815   0.000204577
0.234698   0.00139805   0.000204529
0.241218   0.00139794   0.00020448
0.247737   0.00139782   0.000204429
0.254256   0.00139771   0.000204377
0.260776   0.00139759   0.000204324
0.267295   0.00139747   0.000204269
0.273814   0.00139734   0.000204213
0.280334   0.00139721   0.000204156
0.286853   0.00139708   0.000204097
0.293373   0.00139695   0.000204037
0.299892   0.00139681   0.000203976
0.306411   0.00139667   0.000203913
0.312931   0.00139653   0.000203849
0.31945   0.00139638   0.000203783
0.32597   0.00139623   0.000203717
0.332489   0.00139608   0.000203649
0.339008   0.00139592   0.000203579
0.345528   0.00139577   0.000203509
0.352047   0.00139561   0.000203437
0.358567   0.00139544   0.000203363
0.365086   0.00139527   0.000203289
0.371605   0.0013951   0.000203213
0.378125   0.00139493   0.000203135
0.384644   0.00139475   0.000203057
0.391164   0.00139458   0.000202977
0.397683   0.00139439   0.000202896
0.404202   0.00139421   0.000202813
0.410722   0.00139402   0.000202729
0.417241   0.00139383   0.000202644
0.423761   0.00139363   0.000202557
0.43028   0.00139344   0.00020247
0.436799   0.00139324   0.000202381
0.443319   0.00139303   0.00020229
0.449838   0.00139283   0.000202198
0.456357   0.00139262   0.000202105
0.462877   0.00139241   0.000202011
0.469396   0.00139219   0.000201916
0.475916   0.00139197   0.000201819
0.482435   0.00139175   0.00020172
0.488954   0.00139153   0.000201621
0.495474   0.0013913   0.00020152
0.501993   0.00139107   0.000201418
0.508513   0.00139084   0.000201315
0.515032   0.0013906   0.00020121
0.521551   0.00139036   0.000201104
0.528071   0.00139012   0.000200997
0.53459   0.00138988   0.000200889
0.54111   0.00138963   0.000200779
0.547629   0.00138938   0.000200668
0.554148   0.00138912   0.000200555
0.560668   0.00138887   0.000200442
0.567187   0.00138861   0.000200327
0.573707   0.00138834   0.000200211
0.580226   0.00138808   0.000200093
0.586745   0.00138781   0.000199975
0.593265   0.00138754   0.000199855
0.599784   0.00138726   0.000199734
0.606304   0.00138699   0.000199611
0.612823   0.00138671   0.000199488
0.619342   0.00138642   0.000199363
0.625862   0.00138613   0.000199236
0.632381   0.00138585   0.000199109
0.6389   0.00138555   0.00019898
0.64542   0.00138526   0.00019885
0.651939   0.00138496   0.000198719
0.658459   0.00138466   0.000198587
0.664978   0.00138435   0.000198453
0.671497   0.00138405   0.000198318
0.678017   0.00138373   0.000198182
0.684536   0.00138342   0.000198045
0.691056   0.00138311   0.000197906
0.697575   0.00138279   0.000197766
0.704094   0.00138246   0.000197625
0.710614   0.00138214   0.000197483
0.717133   0.00138181   0.000197339
0.723653   0.00138148   0.000197195
0.730172   0.00138115   0.000197049
0.736691   0.00138081   0.000196902
0.743211   0.00138047   0.000196753
0.74973   0.00138013   0.000196604
0.75625   0.00137978   0.000196453
0.762769   0.00137943   0.000196301
0.769288   0.00137908   0.000196148
0.775808   0.00137872   0.000195994
0.782327   0.00137837   0.000195838
0.788847   0.00137801   0.000195681
0.795366   0.00137764   0.000195523
0.801885   0.00137728   0.000195364
0.808405   0.00137691   0.000195204
0.814924   0.00137653   0.000195043
0.821443   0.00137616   0.00019488
0.827963   0.00137578   0.000194716
0.834482   0.0013754   0.000194551
0.841002   0.00137501   0.000194385
0.847521   0.00137463   0.000194218
0.85404   0.00137424   0.000194049
0.86056   0.00137384   0.000193879
0.867079   0.00137345   0.000193709
0.873599   0.00137305   0.000193537
0.880118   0.00137265   0.000193363
0.886637   0.00137224   0.000193189
0.893157   0.00137184   0.000193014
0.899676   0.00137142   0.000192837
0.906196   0.00137101   0.00019266
0.912715   0.00137059   0.000192481
0.919234   0.00137018   0.000192301
0.925754   0.00136975   0.00019212
0.932273   0.00136933   0.000191937
0.938793   0.0013689   0.000191754
0.945312   0.00136847   0.00019157
0.951831   0.00136803   0.000191384
0.958351   0.0013676   0.000191197
0.96487   0.00136716   0.000191009
0.97139   0.00136672   0.00019082
0.977909   0.00136627   0.00019063
0.984428   0.00136582   0.000190439
0.990948   0.00136537   0.000190247
0.997467   0.00136492   0.000190054
1.00399   0.00136446   0.000189859
1.01051   0.001364   0.000189664
1.01703   0.00136354   0.000189467
1.02354   0.00136307   0.000189269
1.03006   0.0013626   0.00018907
1.03658   0.00136213   0.000188871
1.0431   0.00136165   0.00018867
1.04962   0.00136118   0.000188468
1.05614   0.0013607   0.000188265
1.06266   0.00136021   0.00018806
1.06918   0.00135973   0.000187855
1.0757   0.00135924   0.000187649
1.08222   0.00135875   0.000187442
1.08874   0.00135825   0.000187233
1.09526   0.00135775   0.000187024
1.10178   0.00135725   0.000186813
1.1083   0.00135675   0.000186602
1.11482   0.00135624   0.000186389
1.12134   0.00135573   0.000186176
1.12785   0.00135522   0.000185961
1.13437   0.0013547   0.000185746
1.14089   0.00135419   0.000185529
1.14741   0.00135367   0.000185311
1.15393   0.00135314   0.000185093
1.16045   0.00135262   0.000184873
1.16697   0.00135209   0.000184652
1.17349   0.00135155   0.000184431
1.18001   0.00135102   0.000184208
1.18653   0.00135048   0.000183984
1.19305   0.00134994   0.000183759
1.19957   0.0013494   0.000183534
1.20609   0.00134885   0.000183307
1.21261   0.0013483   0.000183079
1.21913   0.00134775   0.000182851
1.22565   0.00134719   0.000182621
1.23217   0.00134663   0.000182391
1.23868   0.00134607   0.000182159
1.2452   0.00134551   0.000181927
1.25172   0.00134494   0.000181693
1.25824   0.00134437   0.000181459
1.26476   0.0013438   0.000181223
1.27128   0.00134323   0.000180987
1.2778   0.00134265   0.00018075
1.28432   0.00134207   0.000180511
1.29084   0.00134148   0.000180272
1.29736   0.0013409   0.000180032
1.30388   0.00134031   0.000179791
1.3104   0.00133971   0.000179549
1.31692   0.00133912   0.000179306
1.32344   0.00133852   0.000179062
1.32996   0.00133792   0.000178818
1.33648   0.00133732   0.000178572
1.34299   0.00133671   0.000178326
1.34951   0.0013361   0.000178078
1.35603   0.00133549   0.00017783
1.36255   0.00133487   0.000177581
1.36907   0.00133426   0.000177331
1.37559   0.00133363   0.00017708
1.38211   0.00133301   0.000176828
1.38863   0.00133239   0.000176575
1.39515   0.00133176   0.000176321
1.40167   0.00133112   0.000176067
1.40819   0.00133049   0.000175811
1.41471   0.00132985   0.000175555
1.42123   0.00132921   0.000175298
1.42775   0.00132857   0.00017504
1.43427   0.00132792   0.000174781
1.44079   0.00132727   0.000174522
1.44731   0.00132662   0.000174261
1.45382   0.00132597   0.000174
1.46034   0.00132531   0.000173738
1.46686   0.00132465   0.000173475
1.47338   0.00132399   0.000173211
1.4799   0.00132332   0.000172946
1.48642   0.00132265   0.000172681
1.49294   0.00132198   0.000172414
1.49946   0.00132131   0.000172147
1.50598   0.00132063   0.000171879
1.5125   0.00131995   0.000171611
1.51902   0.00131927   0.000171341
1.52554   0.00131859   0.000171071
1.53206   0.0013179   0.0001708
1.53858   0.00131721   0.000170528
1.5451   0.00131651   0.000170255
1.55162   0.00131582   0.000169982
1.55813   0.00131512   0.000169708
1.56465   0.00131442   0.000169433
1.57117   0.00131371   0.000169157
1.57769   0.001313   0.000168881
1.58421   0.00131229   0.000168603
1.59073   0.00131158   0.000168325
1.59725   0.00131087   0.000168047
1.60377   0.00131015   0.000167767
1.61029   0.00130943   0.000167487
1.61681   0.0013087   0.000167206
1.62333   0.00130797   0.000166924
1.62985   0.00130725   0.000166642
1.63637   0.00130651   0.000166359
1.64289   0.00130578   0.000166075
1.64941   0.00130504   0.00016579
1.65593   0.0013043   0.000165505
1.66245   0.00130356   0.000165219
1.66896   0.00130281   0.000164932
1.67548   0.00130206   0.000164645
1.682   0.00130131   0.000164357
1.68852   0.00130056   0.000164068
1.69504   0.0012998   0.000163779
1.70156   0.00129904   0.000163489
1.70808   0.00129828   0.000163198
1.7146   0.00129751   0.000162906
1.72112   0.00129674   0.000162614
1.72764   0.00129597   0.000162322
1.73416   0.0012952   0.000162028
1.74068   0.00129442   0.000161734
1.7472   0.00129364   0.000161439
1.75372   0.00129286   0.000161144
1.76024   0.00129208   0.000160848
1.76676   0.00129129   0.000160551
1.77327   0.0012905   0.000160254
1.77979   0.00128971   0.000159956
1.78631   0.00128891   0.000159658
1.79283   0.00128811   0.000159358
1.79935   0.00128731   0.000159059
1.80587   0.00128651   0.000158758
1.81239   0.0012857   0.000158457
1.81891   0.0012849   0.000158156
1.82543   0.00128408   0.000157854
1.83195   0.00128327   0.000157551
1.83847   0.00128245   0.000157248
1.84499   0.00128163   0.000156944
1.85151   0.00128081   0.000156639
1.85803   0.00127999   0.000156334
1.86455   0.00127916   0.000156028
1.87107   0.00127833   0.000155722
1.87759   0.00127749   0.000155415
1.8841   0.00127666   0.000155108
1.89062   0.00127582   0.0001548
1.89714   0.00127498   0.000154492
1.90366   0.00127413   0.000154183
1.91018   0.00127329   0.000153873
1.9167   0.00127244   0.000153563
1.92322   0.00127159   0.000153253
1.92974   0.00127073   0.000152942
1.93626   0.00126987   0.00015263
1.94278   0.00126901   0.000152318
1.9493   0.00126815   0.000152005
1.95582   0.00126728   0.000151692
1.96234   0.00126642   0.000151379
1.96886   0.00126555   0.000151064
1.97538   0.00126467   0.00015075
1.9819   0.0012638   0.000150435
1.98841   0.00126292   0.000150119
1.99493   0.00126204   0.000149803
2.00145   0.00126115   0.000149486
2.00797   0.00126026   0.000149169
2.01449   0.00125937   0.000148852
2.02101   0.00125848   0.000148534
2.02753   0.00125759   0.000148216
2.03405   0.00125669   0.000147897
2.04057   0.00125579   0.000147577
2.04709   0.00125489   0.000147258
2.05361   0.00125398   0.000146937
2.06013   0.00125307   0.000146617
2.06665   0.00125216   0.000146296
2.07317   0.00125125   0.000145974
2.07969   0.00125033   0.000145652
2.08621   0.00124941   0.00014533
2.09273   0.00124849   0.000145007
2.09924   0.00124757   0.000144684
2.10576   0.00124664   0.000144361
2.11228   0.00124571   0.000144037
2.1188   0.00124478   0.000143712
2.12532   0.00124384   0.000143388
2.13184   0.00124291   0.000143062
2.13836   0.00124197   0.000142737
2.14488   0.00124102   0.000142411
2.1514   0.00124008   0.000142085
2.15792   0.00123913   0.000141758
2.16444   0.00123818   0.000141431
2.17096   0.00123723   0.000141104
2.17748   0.00123627   0.000140776
2.184   0.00123531   0.000140448
2.19052   0.00123435   0.00014012
2.19704   0.00123339   0.000139791
2.20355   0.00123242   0.000139462
2.21007   0.00123145   0.000139132
2.21659   0.00123048   0.000138803
2.22311   0.00122951   0.000138473
2.22963   0.00122853   0.000138142
2.23615   0.00122755   0.000137812
2.24267   0.00122657   0.000137481
2.24919   0.00122558   0.000137149
2.25571   0.0012246   0.000136818
2.26223   0.00122361   0.000136486
2.26875   0.00122261   0.000136153
2.27527   0.00122162   0.000135821
2.28179   0.00122062   0.000135488
2.28831   0.00121962   0.000135155
2.29483   0.00121862   0.000134822
2.30135   0.00121761   0.000134488
2.30787   0.0012166   0.000134154
2.31438   0.00121559   0.00013382
2.3209   0.00121458   0.000133486
2.32742   0.00121356   0.000133151
2.33394   0.00121254   0.000132816
2.34046   0.00121152   0.000132481
2.34698   0.0012105   0.000132146
2.3535   0.00120947   0.00013181
2.36002   0.00120844   0.000131474
2.36654   0.00120741   0.000131138
2.37306   0.00120638   0.000130802
2.37958   0.00120534   0.000130465
2.3861   0.0012043   0.000130128
2.39262   0.00120326   0.000129791
2.39914   0.00120222   0.000129454
2.40566   0.00120117   0.000129117
2.41218   0.00120012   0.000128779
2.41869   0.00119907   0.000128442
2.42521   0.00119801   0.000128104
2.43173   0.00119695   0.000127766
2.43825   0.00119589   0.000127427
2.44477   0.00119483   0.000127089
2.45129   0.00119377   0.00012675
2.45781   0.0011927   0.000126411
2.46433   0.00119163   0.000126072
2.47085   0.00119055   0.000125733
2.47737   0.00118948   0.000125394
2.48389   0.0011884   0.000125054
2.49041   0.00118732   0.000124715
2.49693   0.00118624   0.000124375
2.50345   0.00118515   0.000124035
2.50997   0.00118406   0.000123695
2.51649   0.00118297   0.000123355
2.523   0.00118188   0.000123015
2.52952   0.00118078   0.000122674
2.53604   0.00117968   0.000122334
2.54256   0.00117858   0.000121993
2.54908   0.00117748   0.000121652
2.5556   0.00117637   0.000121311
2.56212   0.00117526   0.000120971
2.56864   0.00117415   0.00012063
2.57516   0.00117304   0.000120288
2.58168   0.00117192   0.000119947
2.5882   0.0011708   0.000119606
2.59472   0.00116968   0.000119264
2.60124   0.00116855   0.000118923
2.60776   0.00116743   0.000118581
2.61428   0.0011663   0.00011824
2.6208   0.00116516   0.000117898
2.62732   0.00116403   0.000117557
2.63383   0.00116289   0.000117215
2.64035   0.00116175   0.000116873
2.64687   0.00116061   0.000116531
2.65339   0.00115946   0.000116189
2.65991   0.00115832   0.000115847
2.66643   0.00115717   0.000115505
2.67295   0.00115601   0.000115163
2.67947   0.00115486   0.000114821
2.68599   0.0011537   0.000114479
2.69251   0.00115254   0.000114137
2.69903   0.00115138   0.000113795
2.70555   0.00115021   0.000113453
2.71207   0.00114905   0.000113111
2.71859   0.00114787   0.000112769
2.72511   0.0011467   0.000112426
2.73163   0.00114553   0.000112084
2.73814   0.00114435   0.000111742
2.74466   0.00114317   0.0001114
2.75118   0.00114198   0.000111058
2.7577   0.0011408   0.000110716
2.76422   0.00113961   0.000110374
2.77074   0.00113842   0.000110032
2.77726   0.00113723   0.00010969
2.78378   0.00113603   0.000109348
2.7903   0.00113483   0.000109006
2.79682   0.00113363   0.000108664
2.80334   0.00113243   0.000108323
2.80986   0.00113122   0.000107981
2.81638   0.00113001   0.000107639
2.8229   0.0011288   0.000107298
2.82942   0.00112759   0.000106956
2.83594   0.00112637   0.000106615
2.84246   0.00112515   0.000106273
2.84897   0.00112393   0.000105932
2.85549   0.00112271   0.000105591
2.86201   0.00112148   0.000105249
2.86853   0.00112025   0.000104908
2.87505   0.00111902   0.000104567
2.88157   0.00111778   0.000104226
2.88809   0.00111655   0.000103886
2.89461   0.00111531   0.000103545
2.90113   0.00111407   0.000103204
2.90765   0.00111282   0.000102864
2.91417   0.00111158   0.000102524
2.92069   0.00111033   0.000102183
2.92721   0.00110907   0.000101843
2.93373   0.00110782   0.000101503
2.94025   0.00110656   0.000101163
2.94677   0.0011053   0.000100824
2.95328   0.00110404   0.000100484
2.9598   0.00110278   0.000100145
2.96632   0.00110151   9.98052e-05
2.97284   0.00110024   9.94661e-05
2.97936   0.00109897   9.91271e-05
2.98588   0.00109769   9.87882e-05
2.9924   0.00109641   9.84495e-05
2.99892   0.00109513   9.8111e-05
3.00544   0.00109385   9.77726e-05
3.01196   0.00109257   9.74344e-05
3.01848   0.00109128   9.70964e-05
3.025   0.00108999   9.67585e-05
3.03152   0.0010887   9.64208e-05
3.03804   0.0010874   9.60833e-05
3.04456   0.0010861   9.5746e-05
3.05108   0.0010848   9.54089e-05
3.0576   0.0010835   9.5072e-05
3.06411   0.00108219   9.47353e-05
3.07063   0.00108089   9.43988e-05
3.07715   0.00107958   9.40625e-05
3.08367   0.00107826   9.37264e-05
3.09019   0.00107695   9.33905e-05
3.09671   0.00107563   9.30548e-05
3.10323   0.00107431   9.27193e-05
3.10975   0.00107298   9.23841e-05
3.11627   0.00107166   9.20491e-05
3.12279   0.00107033   9.17143e-05
3.12931   0.001069   9.13798e-05
3.13583   0.00106766   9.10455e-05
3.14235   0.00106633   9.07114e-05
3.14887   0.00106499   9.03776e-05
3.15539   0.00106365   9.0044e-05
3.16191   0.0010623   8.97107e-05
3.16842   0.00106096   8.93776e-05
3.17494   0.00105961   8.90448e-05
3.18146   0.00105826   8.87122e-05
3.18798   0.0010569   8.83799e-05
3.1945   0.00105555   8.80479e-05
3.20102   0.00105419   8.77162e-05
3.20754   0.00105283   8.73847e-05
3.21406   0.00105146   8.70535e-05
3.22058   0.0010501   8.67225e-05
3.2271   0.00104873   8.63919e-05
3.23362   0.00104735   8.60615e-05
3.24014   0.00104598   8.57315e-05
3.24666   0.0010446   8.54017e-05
3.25318   0.00104322   8.50722e-05
3.2597   0.00104184   8.47431e-05
3.26622   0.00104045   8.44142e-05
3.27274   0.00103907   8.40856e-05
3.27925   0.00103768   8.37574e-05
3.28577   0.00103628   8.34294e-05
3.29229   0.00103489   8.31018e-05
3.29881   0.00103349   8.27745e-05
3.30533   0.00103209   8.24475e-05
3.31185   0.00103069   8.21208e-05
3.31837   0.00102928   8.17945e-05
3.32489   0.00102787   8.14685e-05
3.33141   0.00102646   8.11428e-05
3.33793   0.00102505   8.08175e-05
3.34445   0.00102363   8.04925e-05
3.35097   0.00102222   8.01679e-05
3.35749   0.00102079   7.98436e-05
3.36401   0.00101937   7.95197e-05
3.37053   0.00101794   7.91961e-05
3.37705   0.00101652   7.88728e-05
3.38356   0.00101508   7.855e-05
3.39008   0.00101365   7.82275e-05
3.3966   0.00101221   7.79053e-05
3.40312   0.00101077   7.75835e-05
3.40964   0.00100933   7.72621e-05
3.41616   0.00100789   7.69411e-05
3.42268   0.00100644   7.66204e-05
3.4292   0.00100499   7.63002e-05
3.43572   0.00100354   7.59803e-05
3.44224   0.00100208   7.56608e-05
3.44876   0.00100062   7.53417e-05
3.45528   0.000999164   7.5023e-05
3.4618   0.000997701   7.47046e-05
3.46832   0.000996236   7.43867e-05
3.47484   0.000994768   7.40692e-05
3.48136   0.000993297   7.37521e-05
3.48788   0.000991823   7.34353e-05
3.49439   0.000990347   7.3119e-05
3.50091   0.000988869   7.28032e-05
3.50743   0.000987387   7.24877e-05
3.51395   0.000985903   7.21726e-05
3.52047   0.000984416   7.1858e-05
3.52699   0.000982927   7.15438e-05
3.53351   0.000981435   7.123e-05
3.54003   0.00097994   7.09166e-05
3.54655   0.000978443   7.06037e-05
3.55307   0.000976943   7.02912e-05
3.55959   0.000975441   6.99792e-05
3.56611   0.000973935   6.96676e-05
3.57263   0.000972427   6.93564e-05
3.57915   0.000970917   6.90457e-05
3.58567   0.000969404   6.87354e-05
3.59219   0.000967888   6.84256e-05
3.5987   0.000966369   6.81162e-05
3.60522   0.000964848   6.78073e-05
3.61174   0.000963324   6.74989e-05
3.61826   0.000961797   6.71909e-05
3.62478   0.000960268   6.68834e-05
3.6313   0.000958735   6.65763e-05
3.63782   0.000957201   6.62698e-05
3.64434   0.000955663   6.59637e-05
3.65086   0.000954123   6.5658e-05
3.65738   0.00095258   6.53529e-05
3.6639   0.000951035   6.50482e-05
3.67042   0.000949486   6.4744e-05
3.67694   0.000947935   6.44403e-05
3.68346   0.000946382   6.41371e-05
3.68998   0.000944825   6.38344e-05
3.6965   0.000943266   6.35321e-05
3.70302   0.000941704   6.32304e-05
3.70953   0.000940139   6.29292e-05
3.71605   0.000938572   6.26284e-05
3.72257   0.000937002   6.23282e-05
3.72909   0.000935429   6.20285e-05
3.73561   0.000933853   6.17293e-05
3.74213   0.000932275   6.14306e-05
3.74865   0.000930694   6.11324e-05
3.75517   0.00092911   6.08347e-05
3.76169   0.000927523   6.05376e-05
3.76821   0.000925934   6.02409e-05
3.77473   0.000924342   5.99448e-05
3.78125   0.000922747   5.96492e-05
3.78777   0.000921149   5.93542e-05
3.79429   0.000919549   5.90597e-05
3.80081   0.000917945   5.87657e-05
3.80733   0.000916339   5.84722e-05
3.81384   0.00091473   5.81793e-05
3.82036   0.000913119   5.78869e-05
3.82688   0.000911504   5.75951e-05
3.8334   0.000909887   5.73038e-05
3.83992   0.000908267   5.7013e-05
3.84644   0.000906644   5.67228e-05
3.85296   0.000905018   5.64332e-05
3.85948   0.00090339   5.61441e-05
3.866   0.000901758   5.58556e-05
3.87252   0.000900124   5.55676e-05
3.87904   0.000898487   5.52802e-05
3.88556   0.000896847   5.49933e-05
3.89208   0.000895204   5.47071e-05
3.8986   0.000893559   5.44213e-05
3.90512   0.00089191   5.41362e-05
3.91164   0.000890259   5.38516e-05
3.91816   0.000888604   5.35676e-05
3.92467   0.000886947   5.32842e-05
3.93119   0.000885287   5.30013e-05
3.93771   0.000883625   5.27191e-05
3.94423   0.000881959   5.24374e-05
3.95075   0.00088029   5.21563e-05
3.95727   0.000878619   5.18758e-05
3.96379   0.000876944   5.15959e-05
3.97031   0.000875267   5.13165e-05
3.97683   0.000873586   5.10378e-05
3.98335   0.000871903   5.07597e-05
3.98987   0.000870217   5.04821e-05
3.99639   0.000868528   5.02052e-05
4.00291   0.000866836   4.99288e-05
4.00943   0.000865141   4.96531e-05
4.01595   0.000863443   4.9378e-05
4.02247   0.000861742   4.91034e-05
4.02898   0.000860038   4.88295e-05
4.0355   0.000858332   4.85562e-05
4.04202   0.000856622   4.82835e-05
4.04854   0.000854909   4.80115e-05
4.05506   0.000853193   4.774e-05
4.06158   0.000851474   4.74692e-05
4.0681   0.000849753   4.7199e-05
4.07462   0.000848028   4.69294e-05
4.08114   0.0008463   4.66604e-05
4.08766   0.000844569   4.63921e-05
4.09418   0.000842835   4.61244e-05
4.1007   0.000841099   4.58573e-05
4.10722   0.000839359   4.55908e-05
4.11374   0.000837616   4.5325e-05
4.12026   0.00083587   4.50599e-05
4.12678   0.000834121   4.47953e-05
4.13329   0.000832368   4.45315e-05
4.13981   0.000830613   4.42682e-05
4.14633   0.000828855   4.40056e-05
4.15285   0.000827093   4.37437e-05
4.15937   0.000825329   4.34823e-05
4.16589   0.000823561   4.32217e-05
4.17241   0.000821791   4.29617e-05
4.17893   0.000820017   4.27023e-05
4.18545   0.00081824   4.24436e-05
4.19197   0.00081646   4.21856e-05
4.19849   0.000814676   4.19282e-05
4.20501   0.00081289   4.16715e-05
4.21153   0.0008111   4.14155e-05
4.21805   0.000809307   4.11601e-05
4.22457   0.000807511   4.09054e-05
4.23109   0.000805712   4.06513e-05
4.23761   0.00080391   4.03979e-05
4.24412   0.000802104   4.01452e-05
4.25064   0.000800296   3.98932e-05
4.25716   0.000798484   3.96418e-05
4.26368   0.000796669   3.93911e-05
4.2702   0.00079485   3.91411e-05
4.27672   0.000793028   3.88918e-05
4.28324   0.000791203   3.86431e-05
4.28976   0.000789375   3.83952e-05
4.29628   0.000787544   3.81479e-05
4.3028   0.000785709   3.79013e-05
4.30932   0.000783871   3.76554e-05
4.31584   0.000782029   3.74102e-05
4.32236   0.000780185   3.71656e-05
4.32888   0.000778337   3.69218e-05
4.3354   0.000776485   3.66787e-05
4.34192   0.000774631   3.64362e-05
4.34843   0.000772773   3.61945e-05
4.35495   0.000770911   3.59534e-05
4.36147   0.000769047   3.57131e-05
4.36799   0.000767178   3.54734e-05
4.37451   0.000765307   3.52345e-05
4.38103   0.000763432   3.49963e-05
4.38755   0.000761553   3.47587e-05
4.39407   0.000759672   3.45219e-05
4.40059   0.000757786   3.42858e-05
4.40711   0.000755898   3.40504e-05
4.41363   0.000754006   3.38157e-05
4.42015   0.00075211   3.35818e-05
4.42667   0.000750211   3.33485e-05
4.43319   0.000748308   3.3116e-05
4.43971   0.000746402   3.28842e-05
4.44623   0.000744493   3.26531e-05
4.45275   0.00074258   3.24227e-05
4.45926   0.000740663   3.2193e-05
4.46578   0.000738743   3.19641e-05
4.4723   0.000736819   3.17359e-05
4.47882   0.000734892   3.15084e-05
4.48534   0.000732961   3.12817e-05
4.49186   0.000731026   3.10557e-05
4.49838   0.000729088   3.08304e-05
4.5049   0.000727146   3.06058e-05
4.51142   0.000725201   3.0382e-05
4.51794   0.000723252   3.01589e-05
4.52446   0.000721299   2.99366e-05
4.53098   0.000719343   2.9715e-05
4.5375   0.000717383   2.94941e-05
4.54402   0.000715419   2.9274e-05
4.55054   0.000713451   2.90546e-05
4.55706   0.00071148   2.88359e-05
4.56357   0.000709505   2.8618e-05
4.57009   0.000707527   2.84009e-05
4.57661   0.000705544   2.81845e-05
4.58313   0.000703558   2.79688e-05
4.58965   0.000701568   2.77539e-05
4.59617   0.000699574   2.75398e-05
4.60269   0.000697576   2.73264e-05
4.60921   0.000695575   2.71137e-05
4.61573   0.000693569   2.69018e-05
4.62225   0.00069156   2.66907e-05
4.62877   0.000689547   2.64803e-05
4.63529   0.00068753   2.62707e-05
4.64181   0.000685509   2.60619e-05
4.64833   0.000683484   2.58538e-05
4.65485   0.000681455   2.56464e-05
4.66137   0.000679422   2.54398e-05
4.66789   0.000677385   2.5234e-05
4.6744   0.000675344   2.5029e-05
4.68092   0.0006733   2.48247e-05
4.68744   0.000671251   2.46212e-05
4.69396   0.000669198   2.44185e-05
4.70048   0.000667141   2.42165e-05
4.707   0.00066508   2.40153e-05
4.71352   0.000663015   2.38149e-05
4.72004   0.000660945   2.36152e-05
4.72656   0.000658872   2.34164e-05
4.73308   0.000656794   2.32183e-05
4.7396   0.000654712   2.30209e-05
4.74612   0.000652626   2.28244e-05
4.75264   0.000650536   2.26286e-05
4.75916   0.000648442   2.24337e-05
4.76568   0.000646343   2.22395e-05
4.7722   0.00064424   2.2046e-05
4.77871   0.000642133   2.18534e-05
4.78523   0.000640022   2.16616e-05
4.79175   0.000637906   2.14705e-05
4.79827   0.000635786   2.12802e-05
4.80479   0.000633661   2.10907e-05
4.81131   0.000631532   2.0902e-05
4.81783   0.000629399   2.07141e-05
4.82435   0.000627261   2.0527e-05
4.83087   0.000625119   2.03407e-05
4.83739   0.000622972   2.01551e-05
4.84391   0.000620821   1.99704e-05
4.85043   0.000618665   1.97865e-05
4.85695   0.000616505   1.96033e-05
4.86347   0.00061434   1.9421e-05
4.86999   0.000612171   1.92394e-05
4.87651   0.000609997   1.90587e-05
4.88303   0.000607818   1.88787e-05
4.88954   0.000605635   1.86995e-05
4.89606   0.000603447   1.85212e-05
4.90258   0.000601255   1.83436e-05
4.9091   0.000599057   1.81669e-05
4.91562   0.000596855   1.7991e-05
4.92214   0.000594648   1.78158e-05
4.92866   0.000592437   1.76415e-05
4.93518   0.00059022   1.7468e-05
4.9417   0.000587999   1.72953e-05
4.94822   0.000585773   1.71234e-05
4.95474   0.000583542   1.69523e-05
4.96126   0.000581306   1.6782e-05
4.96778   0.000579065   1.66125e-05
4.9743   0.000576819   1.64439e-05
4.98082   0.000574568   1.6276e-05
4.98734   0.000572312   1.6109e-05
4.99385   0.000570051   1.59428e-05
5.00037   0.000567785   1.57774e-05
5.00689   0.000565514   1.56128e-05
5.01341   0.000563238   1.54491e-05
5.01993   0.000560956   1.52862e-05
5.02645   0.000558669   1.5124e-05
5.03297   0.000556377   1.49627e-05
5.03949   0.00055408   1.48023e-05
5.04601   0.000551778   1.46426e-05
5.05253   0.00054947   1.44838e-05
5.05905   0.000547157   1.43258e-05
5.06557   0.000544838   1.41686e-05
5.07209   0.000542514   1.40123e-05
5.07861   0.000540185   1.38567e-05
5.08513   0.00053785   1.3702e-05
5.09165   0.00053551   1.35482e-05
5.09817   0.000533164   1.33951e-05
5.10468   0.000530812   1.32429e-05
5.1112   0.000528455   1.30915e-05
5.11772   0.000526092   1.2941e-05
5.12424   0.000523724   1.27913e-05
5.13076   0.00052135   1.26424e-05
5.13728   0.00051897   1.24944e-05
5.1438   0.000516584   1.23471e-05
5.15032   0.000514192   1.22008e-05
5.15684   0.000511795   1.20552e-05
5.16336   0.000509392   1.19105e-05
5.16988   0.000506982   1.17667e-05
5.1764   0.000504567   1.16236e-05
5.18292   0.000502146   1.14815e-05
5.18944   0.000499719   1.13401e-05
5.19596   0.000497285   1.11996e-05
5.20248   0.000494846   1.10599e-05
5.20899   0.0004924   1.09211e-05
5.21551   0.000489948   1.07832e-05
5.22203   0.00048749   1.0646e-05
5.22855   0.000485025   1.05097e-05
5.23507   0.000482554   1.03743e-05
5.24159   0.000480077   1.02397e-05
5.24811   0.000477593   1.0106e-05
5.25463   0.000475103   9.97305e-06
5.26115   0.000472607   9.841e-06
5.26767   0.000470103   9.7098e-06
5.27419   0.000467593   9.57945e-06
5.28071   0.000465077   9.44995e-06
5.28723   0.000462554   9.32131e-06
5.29375   0.000460024   9.19351e-06
5.30027   0.000457487   9.06657e-06
5.30679   0.000454943   8.94048e-06
5.31331   0.000452392   8.81524e-06
5.31982   0.000449835   8.69087e-06
5.32634   0.00044727   8.56734e-06
5.33286   0.000444699   8.44468e-06
5.33938   0.00044212   8.32287e-06
5.3459   0.000439534   8.20192e-06
5.35242   0.000436941   8.08183e-06
5.35894   0.00043434   7.96259e-06
5.36546   0.000431733   7.84422e-06
5.37198   0.000429117   7.72671e-06
5.3785   0.000426495   7.61006e-06
5.38502   0.000423865   7.49428e-06
5.39154   0.000421227   7.37935e-06
5.39806   0.000418582   7.26529e-06
5.40458   0.000415929   7.1521e-06
5.4111   0.000413268   7.03977e-06
5.41762   0.000410599   6.9283e-06
5.42413   0.000407923   6.81771e-06
5.43065   0.000405238   6.70798e-06
5.43717   0.000402546   6.59912e-06
5.44369   0.000399846   6.49112e-06
5.45021   0.000397137   6.384e-06
5.45673   0.00039442   6.27775e-06
5.46325   0.000391695   6.17237e-06
5.46977   0.000388962   6.06786e-06
5.47629   0.00038622   5.96422e-06
5.48281   0.000383469   5.86146e-06
5.48933   0.00038071   5.75957e-06
5.49585   0.000377943   5.65855e-06
5.50237   0.000375167   5.55841e-06
5.50889   0.000372382   5.45915e-06
5.51541   0.000369588   5.36076e-06
5.52193   0.000366785   5.26325e-06
5.52845   0.000363973   5.16662e-06
5.53496   0.000361152   5.07086e-06
5.54148   0.000358322   4.97599e-06
5.548   0.000355482   4.882e-06
5.55452   0.000352634   4.78889e-06
5.56104   0.000349776   4.69666e-06
5.56756   0.000346908   4.60531e-06
5.57408   0.000344031   4.51485e-06
5.5806   0.000341143   4.42527e-06
5.58712   0.000338247   4.33658e-06
5.59364   0.00033534   4.24877e-06
5.60016   0.000332423   4.16185e-06
5.60668   0.000329497   4.07581e-06
5.6132   0.00032656   3.99067e-06
5.61972   0.000323613   3.90641e-06
5.62624   0.000320655   3.82304e-06
5.63276   0.000317687   3.74057e-06
5.63927   0.000314709   3.65898e-06
5.64579   0.000311719   3.57829e-06
5.65231   0.000308719   3.49848e-06
5.65883   0.000305709   3.41958e-06
5.66535   0.000302687   3.34156e-06
5.67187   0.000299654   3.26445e-06
5.67839   0.00029661   3.18822e-06
5.68491   0.000293554   3.1129e-06
5.69143   0.000290488   3.03847e-06
5.69795   0.000287409   2.96494e-06
5.70447   0.000284319   2.89231e-06
5.71099   0.000281217   2.82058e-06
5.71751   0.000278104   2.74975e-06
5.72403   0.000274978   2.67982e-06
5.73055   0.00027184   2.6108e-06
5.73707   0.00026869   2.54268e-06
5.74358   0.000265528   2.47546e-06
5.7501   0.000262353   2.40915e-06
5.75662   0.000259165   2.34375e-06
5.76314   0.000255965   2.27925e-06
5.76966   0.000252752   2.21566e-06
5.77618   0.000249525   2.15298e-06
5.7827   0.000246286   2.09121e-06
5.78922   0.000243033   2.03035e-06
5.79574   0.000239767   1.9704e-06
5.80226   0.000236488   1.91136e-06
5.80878   0.000233194   1.85324e-06
5.8153   0.000229887   1.79603e-06
5.82182   0.000226566   1.73974e-06
5.82834   0.000223231   1.68436e-06
5.83486   0.000219882   1.6299e-06
5.84138   0.000216518   1.57636e-06
5.8479   0.00021314   1.52373e-06
5.85441   0.000209748   1.47203e-06
5.86093   0.000206341   1.42125e-06
5.86745   0.000202919   1.37139e-06
5.87397   0.000199482   1.32245e-06
5.88049   0.000196029   1.27444e-06
5.88701   0.000192562   1.22735e-06
5.89353   0.00018908   1.18119e-06
5.90005   0.000185582   1.13595e-06
5.90657   0.000182069   1.09164e-06
5.91309   0.00017854   1.04826e-06
5.91961   0.000174996   1.00581e-06
5.92613   0.000171437   9.64284e-07
5.93265   0.000167862   9.23693e-07
5.93917   0.000164271   8.84032e-07
5.94569   0.000160665   8.45304e-07
5.95221   0.000157043   8.07509e-07
5.95872   0.000153406   7.70648e-07
5.96524   0.000149753   7.3472e-07
5.97176   0.000146085   6.99727e-07
5.97828   0.000142403   6.65669e-07
5.9848   0.000138706   6.32547e-07
5.99132   0.000134994   6.0036e-07
5.99784   0.000131269   5.69108e-07
6.00436   0.00012753   5.38793e-07
6.01088   0.000123779   5.09413e-07
6.0174   0.000120015   4.80968e-07
6.02392   0.00011624   4.53457e-07
6.03044   0.000112455   4.2688e-07
6.03696   0.000108661   4.01236e-07
6.04348   0.000104859   3.76523e-07
6.05   0.000101051   3.52739e-07
6.05652   9.72387e-05   3.29882e-07
6.06304   9.34248e-05   3.0795e-07
6.06955   8.96116e-05   2.86938e-07
6.07607   8.58022e-05   2.66843e-07
6.08259   8.20001e-05   2.47661e-07
6.08911   7.82095e-05   2.29385e-07
6.09563   7.44352e-05   2.12008e-07
6.10215   7.06827e-05   1.95524e-07
6.10867   6.69582e-05   1.79922e-07
6.11519   6.32689e-05   1.65192e-07
6.12171   5.96231e-05   1.51322e-07
6.12823   5.60297e-05   1.38298e-07
6.13475   5.24988e-05   1.26102e-07
6.14127   4.90415e-05   1.14717e-07
6.14779   4.56693e-05   1.04122e-07
6.15431   4.23947e-05   9.42916e-08
6.16083   3.923e-05   8.52007e-08
6.16735   3.61874e-05   7.68201e-08
6.17386   3.32784e-05   6.91185e-08
6.18038   3.0513e-05   6.20621e-08
6.1869   2.78995e-05   5.56155e-08
6.19342   2.54439e-05   4.97419e-08
6.19994   2.31493e-05   4.44036e-08
6.20646   2.10165e-05   3.9563e-08
6.21298   1.90434e-05   3.51825e-08
6.2195   1.72258e-05   3.12257e-08
6.22602   1.55574e-05   2.76574e-08
6.23254   1.40305e-05   2.44443e-08
6.23906   1.26364e-05   2.15551e-08
6.24558   1.13658e-05   1.89606e-08
6.2521   1.02094e-05   1.66338e-08
6.25862   9.15778e-06   1.455e-08
6.26514   8.20211e-06   1.26864e-08
6.27166   7.33391e-06   1.10224e-08
6.27818   6.5453e-06   9.53932e-09
6.28469   5.82905e-06   8.22007e-09
6.29121   5.17852e-06   7.04924e-09
6.29773   4.58773e-06   6.01284e-09
6.30425   4.05126e-06   5.09818e-09
6.31077   3.56425e-06   4.29375e-09
6.31729   3.12235e-06   3.58908e-09
6.32381   2.72166e-06   2.97464e-09
6.33033   2.35873e-06   2.44174e-09
6.33685   2.03047e-06   1.98242e-09
6.34337   1.73417e-06   1.5894e-09
6.34989   1.4674e-06   1.25596e-09
6.35641   1.22805e-06   9.75916e-10
6.36293   1.01426e-06   7.43526e-10
6.36945   8.24428e-07   5.53449e-10
6.37597   6.57177e-07   4.00689e-10
6.38249   5.11342e-07   2.80544e-10
6.389   3.85964e-07   1.88561e-10
6.39552   2.80255e-07   1.20497e-10
6.40204   1.93555e-07   7.22835e-11
6.40856   1.25208e-07   4.00123e-11
6.41508   7.43279e-08   1.9952e-11
6.4216   3.93879e-08   8.63444e-12
6.42812   1.78366e-08   3.02421e-12
6.43464   6.22632e-09   7.23687e-13
6.44116   1.11663e-09   6.65216e-14
6.44768   2.08941e-12   1.13642e-17
6.4542   0   0
6.46072   0   0
6.46724   0   0
6.47376   0   0
6.48028   0   0
6.4868   0   0
6.49332   0   0
6.49983   0   0
6.50635   0   0
6.51287   0   0
