#EoSType = ColdTable
#Nrho = 450
#rhomin = 1.61865e-15	rhomax = 0.0161865
#HeatCapacity = 0.0016
#GammaTh = 1.66667
#kappa = 100
#RhoSpacing = Log
#[1] rho
#[2] eps
#[3] Gamma
#[4] Cs
#[5] h
1.61865e-15   0.00101606   2.06864   1.76602e-07   1.00102
1.73024e-15   0.00101606   2.06878   1.82588e-07   1.00102
1.84952e-15   0.00101606   2.06891   1.88777e-07   1.00102
1.97703e-15   0.00101606   2.06905   1.95175e-07   1.00102
2.11332e-15   0.00101606   2.06919   2.01791e-07   1.00102
2.25901e-15   0.00101606   2.06932   2.0863e-07   1.00102
2.41475e-15   0.00101606   2.06946   2.15702e-07   1.00102
2.58122e-15   0.00101606   2.0696   2.23013e-07   1.00102
2.75917e-15   0.00101606   2.06974   2.30573e-07   1.00102
2.94939e-15   0.00101606   2.06988   2.38388e-07   1.00102
3.15272e-15   0.00101606   2.07002   2.46468e-07   1.00102
3.37007e-15   0.00101606   2.07016   2.54822e-07   1.00102
3.6024e-15   0.00101606   2.0703   2.6346e-07   1.00102
3.85075e-15   0.00101606   2.07044   2.7239e-07   1.00102
4.11622e-15   0.00101606   2.07058   2.81622e-07   1.00102
4.39999e-15   0.00101606   2.07072   2.91168e-07   1.00102
4.70332e-15   0.00101606   2.07086   3.01037e-07   1.00102
5.02757e-15   0.00101606   2.07101   3.11241e-07   1.00102
5.37417e-15   0.00101606   2.07115   3.21791e-07   1.00102
5.74466e-15   0.00101606   2.0713   3.32698e-07   1.00102
6.1407e-15   0.00101606   2.07144   3.43975e-07   1.00102
6.56403e-15   0.00101606   2.07159   3.55634e-07   1.00102
7.01656e-15   0.00101606   2.07173   3.67689e-07   1.00102
7.50028e-15   0.00101606   2.07188   3.80152e-07   1.00102
8.01734e-15   0.00101606   2.07203   3.93037e-07   1.00102
8.57006e-15   0.00101606   2.07218   4.06359e-07   1.00102
9.16087e-15   0.00101606   2.07233   4.20133e-07   1.00102
9.79242e-15   0.00101606   2.07248   4.34373e-07   1.00102
1.04675e-14   0.00101606   2.07263   4.49097e-07   1.00102
1.11891e-14   0.00101606   2.07278   4.64319e-07   1.00102
1.19605e-14   0.00101606   2.07293   4.80057e-07   1.00102
1.27851e-14   0.00101606   2.07308   4.96329e-07   1.00102
1.36665e-14   0.00101606   2.07323   5.13152e-07   1.00102
1.46086e-14   0.00101606   2.07339   5.30546e-07   1.00102
1.56157e-14   0.00101606   2.07354   5.48529e-07   1.00102
1.66923e-14   0.00101606   2.07369   5.67122e-07   1.00102
1.78431e-14   0.00101606   2.07385   5.86344e-07   1.00102
1.90732e-14   0.00101606   2.074   6.06219e-07   1.00102
2.0388e-14   0.00101606   2.07416   6.26767e-07   1.00102
2.17936e-14   0.00101606   2.07432   6.48011e-07   1.00102
2.3296e-14   0.00101606   2.07448   6.69976e-07   1.00102
2.49021e-14   0.00101606   2.07463   6.92685e-07   1.00102
2.66188e-14   0.00101606   2.07479   7.16164e-07   1.00102
2.84539e-14   0.00101606   2.07495   7.40439e-07   1.00102
3.04155e-14   0.00101606   2.07511   7.65536e-07   1.00102
3.25123e-14   0.00101606   2.07528   7.91484e-07   1.00102
3.47537e-14   0.00101606   2.07544   8.18312e-07   1.00102
3.71497e-14   0.00101606   2.0756   8.46049e-07   1.00102
3.97107e-14   0.00101606   2.07576   8.74726e-07   1.00102
4.24484e-14   0.00101606   2.07593   9.04376e-07   1.00102
4.53748e-14   0.00101606   2.07609   9.3503e-07   1.00102
4.85029e-14   0.00101606   2.07626   9.66723e-07   1.00102
5.18467e-14   0.00101606   2.07642   9.99491e-07   1.00102
5.5421e-14   0.00101606   2.07659   1.03337e-06   1.00102
5.92417e-14   0.00101606   2.07676   1.0684e-06   1.00102
6.33258e-14   0.00101606   2.07693   1.10461e-06   1.00102
6.76914e-14   0.00101606   2.0771   1.14205e-06   1.00102
7.23581e-14   0.00101606   2.07727   1.18076e-06   1.00102
7.73464e-14   0.00101606   2.07744   1.22078e-06   1.00102
8.26787e-14   0.00101606   2.07761   1.26216e-06   1.00102
8.83785e-14   0.00101606   2.07778   1.30494e-06   1.00102
9.44713e-14   0.00101606   2.07795   1.34917e-06   1.00102
1.00984e-13   0.00101606   2.07813   1.39491e-06   1.00102
1.07946e-13   0.00101606   2.0783   1.44219e-06   1.00102
1.15388e-13   0.00101606   2.07848   1.49107e-06   1.00102
1.23343e-13   0.00101606   2.07865   1.54161e-06   1.00102
1.31846e-13   0.00101606   2.07883   1.59386e-06   1.00102
1.40935e-13   0.00101606   2.07901   1.64789e-06   1.00102
1.50651e-13   0.00101606   2.07918   1.70374e-06   1.00102
1.61037e-13   0.00101606   2.07936   1.76149e-06   1.00102
1.72139e-13   0.00101606   2.07954   1.8212e-06   1.00102
1.84006e-13   0.00101606   2.07973   1.88293e-06   1.00102
1.96691e-13   0.00101606   2.07991   1.94675e-06   1.00102
2.10251e-13   0.00101606   2.08009   2.01274e-06   1.00102
2.24746e-13   0.00101606   2.08027   2.08096e-06   1.00102
2.4024e-13   0.00101606   2.08046   2.1515e-06   1.00102
2.56802e-13   0.00101606   2.08064   2.22442e-06   1.00102
2.74506e-13   0.00101606   2.08083   2.29982e-06   1.00102
2.9343e-13   0.00101606   2.08101   2.37777e-06   1.00102
3.13659e-13   0.00101606   2.0812   2.45837e-06   1.00102
3.35283e-13   0.00101606   2.08139   2.5417e-06   1.00102
3.58397e-13   0.00101606   2.08158   2.62785e-06   1.00102
3.83105e-13   0.00101606   2.08177   2.71692e-06   1.00102
4.09516e-13   0.00101606   2.08196   2.80901e-06   1.00102
4.37748e-13   0.00101606   2.08215   2.90423e-06   1.00102
4.67926e-13   0.00101606   2.08235   3.00267e-06   1.00102
5.00185e-13   0.00101606   2.08254   3.10444e-06   1.00102
5.34668e-13   0.00101606   2.08273   3.20967e-06   1.00102
5.71528e-13   0.00101606   2.08293   3.31846e-06   1.00102
6.10928e-13   0.00101606   2.08313   3.43094e-06   1.00102
6.53046e-13   0.00101606   2.08332   3.54724e-06   1.00102
6.98067e-13   0.00101606   2.08352   3.66747e-06   1.00102
7.46191e-13   0.00101606   2.08372   3.79178e-06   1.00102
7.97633e-13   0.00101606   2.08392   3.92031e-06   1.00102
8.52622e-13   0.00101606   2.08412   4.05319e-06   1.00102
9.11402e-13   0.00101606   2.08433   4.19057e-06   1.00102
9.74233e-13   0.00101606   2.08453   4.33261e-06   1.00102
1.0414e-12   0.00101606   2.08473   4.47947e-06   1.00102
1.11319e-12   0.00101606   2.08494   4.6313e-06   1.00102
1.18993e-12   0.00101606   2.08515   4.78828e-06   1.00102
1.27197e-12   0.00101606   2.08535   4.95058e-06   1.00102
1.35966e-12   0.00101606   2.08556   5.11838e-06   1.00102
1.45339e-12   0.00101606   2.08577   5.29187e-06   1.00102
1.55359e-12   0.00101606   2.08598   5.47124e-06   1.00102
1.66069e-12   0.00101606   2.08619   5.65669e-06   1.00102
1.77518e-12   0.00101606   2.0864   5.84843e-06   1.00102
1.89756e-12   0.00101606   2.08662   6.04666e-06   1.00102
2.02838e-12   0.00101606   2.08683   6.25162e-06   1.00102
2.16821e-12   0.00101606   2.08705   6.46352e-06   1.00102
2.31769e-12   0.00101606   2.08726   6.6826e-06   1.00102
2.47747e-12   0.00101606   2.08748   6.90911e-06   1.00102
2.64826e-12   0.00101606   2.0877   7.1433e-06   1.00102
2.83084e-12   0.00101606   2.08792   7.38543e-06   1.00102
3.02599e-12   0.00101606   2.08814   7.63576e-06   1.00102
3.2346e-12   0.00101606   2.08836   7.89458e-06   1.00102
3.4576e-12   0.00101606   2.08859   8.16217e-06   1.00102
3.69596e-12   0.00101606   2.08881   8.43883e-06   1.00102
3.95076e-12   0.00101606   2.08904   8.72486e-06   1.00102
4.22313e-12   0.00101606   2.08926   9.0206e-06   1.00102
4.51427e-12   0.00101606   2.08949   9.32635e-06   1.00102
4.82548e-12   0.00101606   2.08972   9.64247e-06   1.00102
5.15815e-12   0.00101606   2.08995   9.96931e-06   1.00102
5.51375e-12   0.00101606   2.09018   1.03072e-05   1.00102
5.89386e-12   0.00101606   2.09041   1.06566e-05   1.00102
6.30019e-12   0.00101606   2.09065   1.10178e-05   1.00102
6.73452e-12   0.00101606   2.09088   1.13913e-05   1.00102
7.1988e-12   0.00101606   2.09112   1.17774e-05   1.00102
7.69508e-12   0.00101606   2.09136   1.21766e-05   1.00102
8.22558e-12   0.00101606   2.09159   1.25893e-05   1.00102
8.79265e-12   0.00101606   2.09183   1.3016e-05   1.00102
9.39881e-12   0.00101606   2.09208   1.34572e-05   1.00102
1.00468e-11   0.00101606   2.09232   1.39133e-05   1.00102
1.07394e-11   0.00101606   2.09256   1.43849e-05   1.00102
1.14798e-11   0.00101606   2.09281   1.48725e-05   1.00102
1.22712e-11   0.00101606   2.09305   1.53766e-05   1.00102
1.31171e-11   0.00101606   2.0933   1.58978e-05   1.00102
1.40214e-11   0.00101606   2.09355   1.64367e-05   1.00102
1.49881e-11   0.00101606   2.0938   1.69938e-05   1.00102
1.60213e-11   0.00101606   2.09405   1.75698e-05   1.00102
1.71258e-11   0.00101606   2.0943   1.81654e-05   1.00102
1.83065e-11   0.00101606   2.09456   1.87811e-05   1.00102
1.95685e-11   0.00101606   2.09481   1.94177e-05   1.00102
2.09176e-11   0.00101606   2.09507   2.00759e-05   1.00102
2.23596e-11   0.00101606   2.09533   2.07563e-05   1.00102
2.39011e-11   0.00101606   2.09559   2.14599e-05   1.00102
2.55488e-11   0.00101606   2.09585   2.21873e-05   1.00102
2.73102e-11   0.00101606   2.09611   2.29393e-05   1.00102
2.91929e-11   0.00101606   2.09638   2.37169e-05   1.00102
3.12055e-11   0.00101606   2.09664   2.45207e-05   1.00102
3.33568e-11   0.00101606   2.09691   2.53519e-05   1.00102
3.56564e-11   0.00101606   2.09718   2.62112e-05   1.00102
3.81145e-11   0.00101606   2.09745   2.70996e-05   1.00102
4.07421e-11   0.00101606   2.09772   2.80182e-05   1.00102
4.35509e-11   0.00101606   2.09799   2.89679e-05   1.00102
4.65533e-11   0.00101606   2.09827   2.99498e-05   1.00102
4.97627e-11   0.00101606   2.09854   3.09649e-05   1.00102
5.31933e-11   0.00101606   2.09882   3.20145e-05   1.00102
5.68604e-11   0.00101606   2.0991   3.30996e-05   1.00102
6.07803e-11   0.00101606   2.09938   3.42216e-05   1.00102
6.49705e-11   0.00101606   2.09966   3.53815e-05   1.00102
6.94496e-11   0.00101606   2.09995   3.65808e-05   1.00102
7.42374e-11   0.00101606   2.10023   3.78207e-05   1.00102
7.93553e-11   0.00101606   2.10052   3.91027e-05   1.00102
8.48261e-11   0.00101606   2.10081   4.04281e-05   1.00102
9.0674e-11   0.00101606   2.1011   4.17984e-05   1.00102
9.6925e-11   0.00101606   2.10139   4.32152e-05   1.00102
1.03607e-10   0.00101606   2.10169   4.468e-05   1.00102
1.1075e-10   0.00101606   2.10198   4.61944e-05   1.00102
1.18385e-10   0.00101606   2.10228   4.77602e-05   1.00102
1.26546e-10   0.00101606   2.10258   4.9379e-05   1.00102
1.3527e-10   0.00101606   2.10288   5.10528e-05   1.00102
1.44596e-10   0.00101606   2.10318   5.27832e-05   1.00102
1.54564e-10   0.00101606   2.10349   5.45723e-05   1.00102
1.6522e-10   0.00101606   2.10379   5.64221e-05   1.00102
1.7661e-10   0.00101606   2.1041   5.83345e-05   1.00102
1.88785e-10   0.00101606   2.10441   6.03118e-05   1.00102
2.018e-10   0.00101606   2.10472   6.23561e-05   1.00102
2.15712e-10   0.00101607   2.10504   6.44697e-05   1.00102
2.30583e-10   0.00101607   2.10535   6.66549e-05   1.00102
2.4648e-10   0.00101607   2.10567   6.89142e-05   1.00102
2.63472e-10   0.00101607   2.10599   7.12501e-05   1.00102
2.81636e-10   0.00101607   2.10631   7.36651e-05   1.00102
3.01051e-10   0.00101607   2.10664   7.6162e-05   1.00102
3.21806e-10   0.00101607   2.10696   7.87436e-05   1.00102
3.43991e-10   0.00101607   2.10729   8.14126e-05   1.00102
3.67706e-10   0.00101607   2.10762   8.41722e-05   1.00102
3.93055e-10   0.00101607   2.10795   8.70252e-05   1.00102
4.20152e-10   0.00101607   2.10828   8.9975e-05   1.00102
4.49118e-10   0.00101607   2.10862   9.30247e-05   1.00102
4.8008e-10   0.00101607   2.10895   9.61778e-05   1.00102
5.13176e-10   0.00101607   2.10929   9.94378e-05   1.00102
5.48554e-10   0.00101607   2.10964   0.000102808   1.00102
5.86372e-10   0.00101607   2.10998   0.000106293   1.00102
6.26796e-10   0.00101607   2.11033   0.000109896   1.00102
6.70007e-10   0.00101607   2.11067   0.000113621   1.00102
7.16197e-10   0.00101607   2.11102   0.000117472   1.00102
7.65572e-10   0.00101607   2.11138   0.000121454   1.00102
8.1835e-10   0.00101607   2.11173   0.000125571   1.00102
8.74767e-10   0.00101607   2.11209   0.000129827   1.00102
9.35073e-10   0.00101607   2.11245   0.000134227   1.00102
9.99537e-10   0.00101607   2.11281   0.000138777   1.00102
1.06844e-09   0.00101607   2.11317   0.000143481   1.00102
1.1421e-09   0.00101607   2.11354   0.000148344   1.00102
1.22084e-09   0.00101607   2.11391   0.000153372   1.00102
1.305e-09   0.00101608   2.11428   0.000158571   1.00102
1.39497e-09   0.00101608   2.11465   0.000163946   1.00102
1.49114e-09   0.00101608   2.11503   0.000169503   1.00102
1.59394e-09   0.00101608   2.11541   0.000175248   1.00102
1.70382e-09   0.00101608   2.11579   0.000181188   1.00102
1.82128e-09   0.00101608   2.11617   0.00018733   1.00102
1.94684e-09   0.00101608   2.11656   0.00019368   1.00102
2.08106e-09   0.00101608   2.11695   0.000200244   1.00102
2.22453e-09   0.00101608   2.11734   0.000207032   1.00102
2.37788e-09   0.00101609   2.11773   0.000214049   1.00102
2.54182e-09   0.00101609   2.11813   0.000221305   1.00102
2.71705e-09   0.00101609   2.11853   0.000228806   1.00102
2.90436e-09   0.00101609   2.11893   0.000236561   1.00102
3.10459e-09   0.00101609   2.11934   0.00024458   1.00102
3.31862e-09   0.00101609   2.11974   0.00025287   1.00102
3.5474e-09   0.0010161   2.12015   0.000261441   1.00102
3.79196e-09   0.0010161   2.12057   0.000270302   1.00102
4.05337e-09   0.0010161   2.12098   0.000279464   1.00102
4.33281e-09   0.0010161   2.1214   0.000288937   1.00102
4.63152e-09   0.00101611   2.12182   0.000298731   1.00102
4.95081e-09   0.00101611   2.12225   0.000308856   1.00102
5.29212e-09   0.00101611   2.12268   0.000319325   1.00102
5.65696e-09   0.00101612   2.12311   0.000330149   1.00102
6.04695e-09   0.00101612   2.12354   0.000341339   1.00102
6.46382e-09   0.00101613   2.12398   0.000352909   1.00102
6.90943e-09   0.00101613   2.12442   0.000364871   1.00102
7.38577e-09   0.00101613   2.12486   0.000377239   1.00102
7.89494e-09   0.00101614   2.12531   0.000390025   1.00102
8.43922e-09   0.00101614   2.12576   0.000403245   1.00102
9.02101e-09   0.00101615   2.12621   0.000416913   1.00102
9.64292e-09   0.00101616   2.12666   0.000431045   1.00102
1.03077e-08   0.00101616   2.12712   0.000445655   1.00102
1.10183e-08   0.00101617   2.12759   0.000460761   1.00102
1.17779e-08   0.00101618   2.12805   0.000476379   1.00102
1.25899e-08   0.00101618   2.12852   0.000492526   1.00102
1.34578e-08   0.00101619   2.12899   0.00050922   1.00102
1.43856e-08   0.0010162   2.12947   0.00052648   1.00102
1.53773e-08   0.00101621   2.12995   0.000544326   1.00102
1.64375e-08   0.00101622   2.13043   0.000562776   1.00102
1.75706e-08   0.00101623   2.13092   0.000581851   1.00102
1.8782e-08   0.00101624   2.13141   0.000601573   1.00102
2.00768e-08   0.00101626   2.1319   0.000621964   1.00102
2.14609e-08   0.00101627   2.1324   0.000643046   1.00102
2.29404e-08   0.00101628   2.1329   0.000664842   1.00102
2.45219e-08   0.0010163   2.13341   0.000687377   1.00102
2.62124e-08   0.00101632   2.13392   0.000710676   1.00102
2.80195e-08   0.00101633   2.13443   0.000734765   1.00102
2.99512e-08   0.00101635   2.13495   0.00075967   1.00102
3.2016e-08   0.00101637   2.13547   0.000785419   1.00102
3.42232e-08   0.00101639   2.136   0.000812041   1.00102
3.65825e-08   0.00101642   2.13653   0.000839566   1.00102
3.91045e-08   0.00101644   2.13706   0.000868023   1.00102
4.18003e-08   0.00101647   2.1376   0.000897445   1.00102
4.4682e-08   0.00101649   2.13814   0.000927864   1.00102
4.77624e-08   0.00101652   2.13869   0.000959315   1.00102
5.10551e-08   0.00101656   2.13924   0.000991831   1.00102
5.45749e-08   0.00101659   2.13979   0.00102545   1.00102
5.83372e-08   0.00101663   2.14035   0.00106021   1.00102
6.2359e-08   0.00101666   2.14092   0.00109614   1.00102
6.6658e-08   0.00101671   2.14148   0.0011333   1.00102
7.12534e-08   0.00101675   2.14206   0.00117171   1.00102
7.61656e-08   0.0010168   2.14264   0.00121143   1.00102
8.14164e-08   0.00101685   2.14322   0.00125249   1.00102
8.70292e-08   0.0010169   2.14381   0.00129494   1.00102
9.3029e-08   0.00101696   2.1444   0.00133884   1.00102
9.94424e-08   0.00101702   2.14499   0.00138422   1.00102
1.06298e-07   0.00101709   2.1456   0.00143113   1.00102
1.13626e-07   0.00101716   2.1462   0.00147964   1.00102
1.21459e-07   0.00101724   2.14682   0.0015298   1.00102
1.29833e-07   0.00101732   2.14743   0.00158165   1.00102
1.38783e-07   0.0010174   2.14806   0.00163526   1.00102
1.48351e-07   0.0010175   2.14868   0.00169069   1.00102
1.58578e-07   0.00101759   2.14932   0.00174799   1.00102
1.69511e-07   0.0010177   2.14995   0.00180724   1.00102
1.81197e-07   0.00101781   2.1506   0.0018685   1.00102
1.93689e-07   0.00101793   2.15125   0.00193183   1.00102
2.07041e-07   0.00101806   2.1519   0.00199731   1.00102
2.21315e-07   0.0010182   2.15256   0.00206501   1.00102
2.36572e-07   0.00101835   2.15323   0.00213501   1.00102
2.52881e-07   0.0010185   2.1539   0.00220737   1.00102
2.70315e-07   0.00101867   2.15458   0.00228219   1.00102
2.8895e-07   0.00101885   2.15527   0.00235955   1.00102
3.08871e-07   0.00101904   2.15596   0.00243952   1.00102
3.30164e-07   0.00101925   2.15665   0.00252221   1.00102
3.52925e-07   0.00101947   2.15736   0.0026077   1.00102
3.77256e-07   0.0010197   2.15807   0.00269609   1.00102
4.03264e-07   0.00101996   2.15878   0.00278748   1.00102
4.31065e-07   0.00102022   2.1595   0.00288196   1.00102
4.60782e-07   0.00102051   2.16023   0.00297964   1.00102
4.92549e-07   0.00102082   2.16097   0.00308064   1.00103
5.26505e-07   0.00102115   2.16171   0.00318506   1.00103
5.62802e-07   0.0010215   2.16246   0.00329301   1.00103
6.01601e-07   0.00102187   2.16322   0.00340463   1.00103
6.43076e-07   0.00102227   2.16398   0.00352003   1.00103
6.87409e-07   0.0010227   2.16475   0.00363934   1.00103
7.34799e-07   0.00102316   2.16553   0.0037627   1.00103
7.85456e-07   0.00102365   2.16631   0.00389024   1.00103
8.39605e-07   0.00102417   2.1671   0.00402209   1.00103
8.97487e-07   0.00102473   2.1679   0.00415842   1.00103
9.5936e-07   0.00102532   2.16871   0.00429937   1.00103
1.0255e-06   0.00102596   2.16953   0.0044451   1.00104
1.0962e-06   0.00102665   2.17035   0.00459576   1.00104
1.17177e-06   0.00102737   2.17118   0.00475153   1.00104
1.25255e-06   0.00102815   2.17202   0.00491259   1.00104
1.3389e-06   0.00102899   2.17287   0.0050791   1.00104
1.4312e-06   0.00102988   2.17373   0.00525125   1.00104
1.52987e-06   0.00103083   2.17459   0.00542924   1.00105
1.63534e-06   0.00103185   2.17547   0.00561326   1.00105
1.74808e-06   0.00103294   2.17635   0.00580352   1.00105
1.86859e-06   0.0010341   2.17724   0.00600022   1.00105
1.99741e-06   0.00103535   2.17814   0.00620359   1.00105
2.13511e-06   0.00103667   2.17905   0.00641386   1.00106
2.2823e-06   0.0010381   2.17997   0.00663125   1.00106
2.43965e-06   0.00103961   2.1809   0.00685601   1.00106
2.60783e-06   0.00104124   2.18183   0.00708838   1.00107
2.78762e-06   0.00104297   2.18278   0.00732864   1.00107
2.97979e-06   0.00104483   2.18374   0.00757703   1.00107
3.18522e-06   0.00104681   2.18471   0.00783384   1.00108
3.40481e-06   0.00104893   2.18569   0.00809935   1.00108
3.63954e-06   0.0010512   2.18667   0.00837387   1.00109
3.89044e-06   0.00105362   2.18767   0.00865768   1.00109
4.15865e-06   0.00105621   2.18868   0.00895111   1.0011
4.44535e-06   0.00105898   2.1897   0.00925449   1.0011
4.75181e-06   0.00106193   2.19074   0.00956815   1.00111
5.0794e-06   0.0010651   2.19178   0.00989243   1.00111
5.42957e-06   0.00106848   2.19283   0.0102277   1.00112
5.80388e-06   0.00107209   2.1939   0.0105743   1.00113
6.204e-06   0.00107595   2.19498   0.0109327   1.00114
6.6317e-06   0.00108008   2.19607   0.0113032   1.00114
7.08889e-06   0.0010845   2.19717   0.0116863   1.00115
7.5776e-06   0.00108921   2.19828   0.0120824   1.00116
8.1e-06   0.00109426   2.19941   0.0124918   1.00117
8.65841e-06   0.00109965   2.20055   0.0129152   1.00118
9.25532e-06   0.00110541   2.20171   0.0133529   1.00119
9.89338e-06   0.00111157   2.20287   0.0138054   1.00121
1.05754e-05   0.00111815   2.20405   0.0142732   1.00122
1.13045e-05   0.00112519   2.20525   0.0147569   1.00123
1.20838e-05   0.00113271   2.20646   0.015257   1.00125
1.29169e-05   0.00114076   2.20768   0.015774   1.00127
1.38074e-05   0.00114935   2.20892   0.0163086   1.00128
1.47592e-05   0.00115854   2.21017   0.0168612   1.0013
1.57767e-05   0.00116836   2.21144   0.0174325   1.00132
1.68644e-05   0.00117886   2.21272   0.0180232   1.00134
1.8027e-05   0.00119009   2.21402   0.0186339   1.00136
1.92698e-05   0.00120209   2.21533   0.0192653   1.00139
2.05982e-05   0.00121491   2.21666   0.0199181   1.00141
2.20183e-05   0.00122862   2.21801   0.0205929   1.00144
2.35362e-05   0.00124327   2.21937   0.0212906   1.00147
2.51588e-05   0.00125894   2.22075   0.0220119   1.0015
2.68932e-05   0.00127568   2.22215   0.0227576   1.00154
2.87472e-05   0.00129358   2.22357   0.0235286   1.00157
3.07291e-05   0.00131271   2.225   0.0243256   1.00161
3.28475e-05   0.00133316   2.22646   0.0251497   1.00165
3.5112e-05   0.00135502   2.22793   0.0260016   1.00169
3.75326e-05   0.00137839   2.22942   0.0268823   1.00174
4.01201e-05   0.00140337   2.23093   0.0277928   1.00179
4.2886e-05   0.00143007   2.23246   0.028734   1.00184
4.58425e-05   0.00145861   2.23401   0.0297071   1.0019
4.90029e-05   0.00148912   2.23558   0.0307131   1.00196
5.23812e-05   0.00152173   2.23718   0.0317531   1.00203
5.59923e-05   0.00155659   2.23879   0.0328283   1.0021
5.98524e-05   0.00159385   2.24043   0.0339398   1.00217
6.39786e-05   0.00163369   2.24209   0.0350888   1.00225
6.83893e-05   0.00167626   2.24377   0.0362766   1.00234
7.3104e-05   0.00172131   2.24545   0.0383107   1.00243
7.81438e-05   0.00177007   2.24608   0.0411763   1.00253
8.3531e-05   0.00182301   2.24571   0.0443013   1.00265
8.92896e-05   0.00188102   2.24439   0.0476924   1.0028
9.54452e-05   0.00194514   2.24217   0.051362   1.00296
0.000102025   0.00201653   2.23914   0.0553326   1.00315
0.000109059   0.00209657   2.23536   0.0596428   1.00337
0.000116577   0.00218686   2.23087   0.0643575   1.00363
0.000124614   0.00228927   2.22571   0.0695803   1.00393
0.000133205   0.00240607   2.21986   0.0754581   1.00428
0.000142388   0.00254   2.21323   0.0821463   1.00469
0.000152204   0.00269582   2.20675   0.0903373   1.00517
0.000162697   0.0028757   2.20095   0.102087   1.00569
0.000173914   0.00308208   2.18885   0.108073   1.00647
0.000185903   0.00332644   2.17883   0.118587   1.00733
0.000198719   0.00361672   2.16848   0.127456   1.00834
0.000212419   0.00395886   2.15853   0.136762   1.00952
0.000227063   0.0043603   2.14894   0.146521   1.01087
0.000242717   0.00482934   2.13967   0.156754   1.01242
0.000259449   0.00537531   2.1307   0.167477   1.01419
0.000277336   0.00600863   2.12198   0.178708   1.01622
0.000296455   0.00674091   2.1135   0.190466   1.01853
0.000316893   0.00758514   2.10523   0.202768   1.02116
0.000338739   0.00855577   2.09715   0.21563   1.02414
0.000362092   0.00966893   2.08924   0.22907   1.02752
0.000387054   0.0109458   2.08165   0.242981   1.03132
0.000413738   0.0124066   2.07502   0.256883   1.03547
0.000442261   0.014045   2.06846   0.271375   1.04011
0.00047275   0.0158814   2.06197   0.286467   1.0453
0.000505342   0.0179766   2.05558   0.302126   1.05112
0.00054018   0.0203268   2.04924   0.318389   1.05762
0.00057742   0.0229515   2.04295   0.335273   1.06487
0.000617227   0.0259339   2.03672   0.352739   1.07299
0.000659778   0.0292544   2.03052   0.370826   1.08202
0.000705263   0.032988   2.02435   0.389513   1.09209
0.000753884   0.037163   2.0182   0.408797   1.1033
0.000805856   0.0418326   2.01206   0.428669   1.11578
0.000861412   0.0470537   2.00593   0.449109   1.12967
0.000920797   0.0528827   1.99979   0.4701   1.1451
0.000984277   0.0593834   1.99364   0.491614   1.16224
0.00105213   0.0666417   1.98747   0.51362   1.1813
0.00112467   0.0747067   1.98128   0.536082   1.20242
0.0012022   0.0837209   1.97505   0.558951   1.2259
0.00128508   0.0937284   1.96878   0.582182   1.25192
0.00137367   0.104865   1.96247   0.605714   1.28078
0.00146837   0.117256   1.95611   0.629485   1.31278
0.0015696   0.131005   1.94969   0.653427   1.34822
0.00167781   0.146288   1.9432   0.677463   1.38749
0.00179348   0.163261   1.93664   0.701516   1.43099
0.00191712   0.182078   1.93002   0.725503   1.47912
0.00204929   0.202954   1.92331   0.749339   1.5324
0.00219056   0.226122   1.91651   0.772936   1.59137
0.00234158   0.251785   1.90962   0.796209   1.65658
0.00250301   0.280203   1.90265   0.819072   1.72867
0.00267557   0.311721   1.89556   0.841443   1.80842
0.00286002   0.346606   1.88837   0.863245   1.89653
0.00305719   0.385202   1.88108   0.884407   1.99386
0.00326795   0.427926   1.87367   0.904861   2.10138
0.00349324   0.475206   1.86613   0.924551   2.22014
0.00373407   0.527471   1.85847   0.943429   2.35122
0.00399149   0.585241   1.85068   0.961456   2.49585
0.00426666   0.649141   1.84275   0.978597   2.65552
0.00456081   0.719718   1.83468   0.994836   2.83159
0.00487523   0.797649   1.82646   1.01016   3.0257
0.00521132   0.88378   1.81808   1.02456   3.23982
0.00557059   0.97883   1.80955   1.03805   3.47576
0.00595463   1.08371   1.80085   1.05064   3.73569
0.00636514   1.19951   1.79196   1.06234   4.02214
0.00680395   1.32719   1.7829   1.07319   4.33751
0.00727301   1.46802   1.77365   1.0832   4.6848
0.00777441   1.6233   1.76419   1.09242   5.0671
0.00831038   1.79439   1.75453   1.10088   5.48771
0.00888329   1.98303   1.74465   1.10861   5.95065
0.0094957   2.19074   1.73454   1.11565   6.45969
0.0101503   2.41961   1.72419   1.12205   7.01965
0.0108501   2.67155   1.7136   1.12785   7.63516
0.0115981   2.94895   1.70274   1.13307   8.31184
0.0123977   3.2542   1.6916   1.13777   9.05537
0.0132524   3.59014   1.68018   1.14198   9.87241
0.014166   3.95961   1.66846   1.14574   10.7698
0.0151426   4.36604   1.65641   1.14908   11.7555
0.0161865   4.81281   1.64404   1.15203   12.8375
