#EoSType = ColdTable
#Nrho = 450
#rhomin = 1.61865e-15	rhomax = 0.0161865
#HeatCapacity = 0.001
#GammaTh = 2
#kappa = 100
#RhoSpacing = Log
1.61865e-15   0.00914747   1.28712   0.082657
1.73024e-15   0.0079083   1.28964   0.0800149
1.84952e-15   0.00674917   1.29217   0.077454
1.97703e-15   0.00566494   1.29471   0.0749721
2.11332e-15   0.00465077   1.29727   0.0725673
2.25901e-15   0.00370216   1.29983   0.0702374
2.41475e-15   0.00281489   1.3024   0.0679805
2.58122e-15   0.00198502   1.30498   0.0657946
2.75917e-15   0.00120885   1.30757   0.0636778
2.94939e-15   0.00048293   1.31017   0.0616281
3.15272e-15   -0.000195962   1.31278   0.0596439
3.37007e-15   -0.000830849   1.3154   0.0577231
3.6024e-15   -0.00142456   1.31803   0.0558642
3.85075e-15   -0.00197972   1.32067   0.0540653
4.11622e-15   -0.00249882   1.32332   0.0523248
4.39999e-15   -0.00298416   1.32597   0.050641
4.70332e-15   -0.0034379   1.32864   0.0490124
5.02757e-15   -0.00386207   1.33132   0.0474375
5.37417e-15   -0.00425854   1.334   0.0459146
5.74466e-15   -0.0046291   1.3367   0.0444425
6.1407e-15   -0.00497539   1.3394   0.0430197
6.56403e-15   -0.00529896   1.34211   0.0416448
7.01656e-15   -0.00560126   1.34483   0.0403166
7.50028e-15   -0.00588364   1.34756   0.0390337
8.01734e-15   -0.00614736   1.35029   0.037795
8.57006e-15   -0.00639362   1.35303   0.0365992
9.16087e-15   -0.00662352   1.35578   0.0354451
9.79242e-15   -0.00683811   1.35854   0.0343317
1.04675e-14   -0.00703835   1.3613   0.0332579
1.11891e-14   -0.00722516   1.36407   0.0322225
1.19605e-14   -0.00739939   1.36684   0.0312245
1.27851e-14   -0.00756186   1.36961   0.0302628
1.36665e-14   -0.0077133   1.37239   0.0293365
1.46086e-14   -0.00785445   1.37517   0.0284444
1.56157e-14   -0.00798595   1.37795   0.0275857
1.66923e-14   -0.00810843   1.38073   0.0267593
1.78431e-14   -0.00822249   1.38351   0.0259641
1.90732e-14   -0.00832868   1.38629   0.0251993
2.0388e-14   -0.00842752   1.38907   0.0244637
2.17936e-14   -0.00851951   1.39185   0.0237565
2.3296e-14   -0.00860509   1.39462   0.0230766
2.49021e-14   -0.00868472   1.39739   0.0224232
2.66188e-14   -0.00875879   1.40015   0.0217952
2.84539e-14   -0.00882768   1.4029   0.0211918
3.04155e-14   -0.00889176   1.40565   0.0206121
3.25123e-14   -0.00895137   1.40838   0.0200552
3.47537e-14   -0.00900681   1.41111   0.0195203
3.71497e-14   -0.00905838   1.41383   0.0190066
3.97107e-14   -0.00910636   1.41653   0.0185134
4.24484e-14   -0.00915099   1.41922   0.0180398
4.53748e-14   -0.00919252   1.4219   0.0175853
4.85029e-14   -0.00923117   1.42456   0.017149
5.18467e-14   -0.00926714   1.4272   0.0167305
5.5421e-14   -0.00930063   1.42983   0.0163292
5.92417e-14   -0.00933181   1.43244   0.0159443
6.33258e-14   -0.00936084   1.43503   0.0155755
6.76914e-14   -0.00938788   1.43761   0.0152221
7.23581e-14   -0.00941307   1.44016   0.0148836
7.73464e-14   -0.00943654   1.44268   0.0145597
8.26787e-14   -0.00945842   1.44519   0.0142497
8.83785e-14   -0.0094788   1.44767   0.0139533
9.44713e-14   -0.0094978   1.45013   0.0136701
1.00984e-13   -0.00951552   1.45256   0.0133995
1.07946e-13   -0.00953204   1.45496   0.0131413
1.15388e-13   -0.00954744   1.45734   0.0128949
1.23343e-13   -0.00956181   1.45969   0.0126601
1.31846e-13   -0.00957521   1.46201   0.0124364
1.40935e-13   -0.00958772   1.46431   0.0122235
1.50651e-13   -0.00959938   1.46657   0.012021
1.61037e-13   -0.00961026   1.46881   0.0118285
1.72139e-13   -0.00962041   1.47101   0.0116458
1.84006e-13   -0.00962988   1.47319   0.0114725
1.96691e-13   -0.00963871   1.47533   0.0113082
2.10251e-13   -0.00964695   1.47744   0.0111526
2.24746e-13   -0.00965464   1.47952   0.0110055
2.4024e-13   -0.00966181   1.48158   0.0108665
2.56802e-13   -0.0096685   1.4836   0.0107353
2.74506e-13   -0.00967473   1.48558   0.0106116
2.9343e-13   -0.00968054   1.48754   0.0104953
3.13659e-13   -0.00968595   1.48947   0.0103859
3.35283e-13   -0.00969099   1.49137   0.0102832
3.58397e-13   -0.00969569   1.49324   0.010187
3.83105e-13   -0.00970006   1.49508   0.0100971
4.09516e-13   -0.00970412   1.49688   0.0100131
4.37748e-13   -0.00970789   1.49866   0.00993493
4.67926e-13   -0.0097114   1.50042   0.00986232
5.00185e-13   -0.00971464   1.50214   0.00979505
5.34668e-13   -0.00971765   1.50384   0.00973295
5.71528e-13   -0.00972044   1.50551   0.00967582
6.10928e-13   -0.00972301   1.50715   0.00962348
6.53046e-13   -0.00972538   1.50877   0.00957578
6.98067e-13   -0.00972756   1.51036   0.00953254
7.46191e-13   -0.00972955   1.51192   0.00949363
7.97633e-13   -0.00973138   1.51346   0.00945891
8.52622e-13   -0.00973304   1.51498   0.00942825
9.11402e-13   -0.00973454   1.51647   0.00940153
9.74233e-13   -0.0097359   1.51794   0.00937865
1.0414e-12   -0.00973711   1.51939   0.00935949
1.11319e-12   -0.00973819   1.52081   0.00934398
1.18993e-12   -0.00973913   1.52221   0.00933202
1.27197e-12   -0.00973995   1.52358   0.00932354
1.35966e-12   -0.00974064   1.52494   0.00931849
1.45339e-12   -0.00974121   1.52627   0.00931679
1.55359e-12   -0.00974167   1.52758   0.0093184
1.66069e-12   -0.00974201   1.52887   0.00932328
1.77518e-12   -0.00974224   1.53014   0.00933138
1.89756e-12   -0.00974236   1.53138   0.00934268
2.02838e-12   -0.00974236   1.53261   0.00935715
2.16821e-12   -0.00974227   1.53381   0.00937476
2.31769e-12   -0.00974206   1.53499   0.00939551
2.47747e-12   -0.00974175   1.53615   0.00941937
2.64826e-12   -0.00974133   1.53729   0.00944635
2.83084e-12   -0.0097408   1.53841   0.00947644
3.02599e-12   -0.00974017   1.53951   0.00950963
3.2346e-12   -0.00973943   1.54058   0.00954591
3.4576e-12   -0.00973858   1.54164   0.0095853
3.69596e-12   -0.00973762   1.54267   0.00962778
3.95076e-12   -0.00973655   1.54369   0.00967336
4.22313e-12   -0.00973537   1.54468   0.00972204
4.51427e-12   -0.00973408   1.54565   0.00977382
4.82548e-12   -0.00973267   1.54661   0.00982869
5.15815e-12   -0.00973114   1.54754   0.00988665
5.51375e-12   -0.00972949   1.54846   0.00994768
5.89386e-12   -0.00972771   1.54935   0.0100118
6.30019e-12   -0.00972582   1.55023   0.010079
6.73452e-12   -0.00972379   1.55109   0.0101492
7.1988e-12   -0.00972164   1.55194   0.0102224
7.69508e-12   -0.00971936   1.55276   0.0102986
8.22558e-12   -0.00971694   1.55357   0.0103779
8.79265e-12   -0.00971438   1.55437   0.01046
9.39881e-12   -0.00971168   1.55514   0.0105451
1.00468e-11   -0.00970884   1.55591   0.0106331
1.07394e-11   -0.00970585   1.55666   0.0107239
1.14798e-11   -0.00970272   1.5574   0.0108176
1.22712e-11   -0.00969943   1.55812   0.010914
1.31171e-11   -0.00969599   1.55884   0.0110132
1.40214e-11   -0.00969239   1.55954   0.011115
1.49881e-11   -0.00968863   1.56024   0.0112195
1.60213e-11   -0.0096847   1.56092   0.0113265
1.71258e-11   -0.00968061   1.5616   0.0114362
1.83065e-11   -0.00967635   1.56226   0.0115483
1.95685e-11   -0.00967192   1.56293   0.0116629
2.09176e-11   -0.00966732   1.56358   0.0117798
2.23596e-11   -0.00966253   1.56423   0.0118992
2.39011e-11   -0.00965756   1.56488   0.0120208
2.55488e-11   -0.00965241   1.56552   0.0121448
2.73102e-11   -0.00964701   1.56616   0.0122709
2.91929e-11   -0.00964125   1.5668   0.0123992
3.12055e-11   -0.0096353   1.56743   0.0125297
3.33568e-11   -0.00962914   1.56806   0.0126623
3.56564e-11   -0.00962277   1.56869   0.012797
3.81145e-11   -0.00961619   1.56933   0.0129337
4.07421e-11   -0.0096094   1.56996   0.0130724
4.35509e-11   -0.0096024   1.57059   0.0132131
4.65533e-11   -0.00959517   1.57123   0.0133557
4.97627e-11   -0.00958772   1.57186   0.0135003
5.31933e-11   -0.00958004   1.5725   0.0136467
5.68604e-11   -0.00957213   1.57314   0.013795
6.07803e-11   -0.00956399   1.57378   0.0139452
6.49705e-11   -0.00955561   1.57443   0.0140972
6.94496e-11   -0.00954698   1.57508   0.014251
7.42374e-11   -0.00953811   1.57573   0.0144067
7.93553e-11   -0.00952899   1.57639   0.0145641
8.48261e-11   -0.00951962   1.57705   0.0147233
9.0674e-11   -0.00950998   1.57772   0.0148843
9.6925e-11   -0.00950009   1.57839   0.0150471
1.03607e-10   -0.00948993   1.57907   0.0152116
1.1075e-10   -0.0094795   1.57975   0.0153779
1.18385e-10   -0.00946879   1.58044   0.015546
1.26546e-10   -0.00945781   1.58113   0.0157157
1.3527e-10   -0.00944654   1.58183   0.0158873
1.44596e-10   -0.00943498   1.58253   0.0160606
1.54564e-10   -0.00942312   1.58324   0.0162356
1.6522e-10   -0.00941098   1.58408   0.0163816
1.7661e-10   -0.00939853   1.5848   0.0165603
1.88785e-10   -0.00938579   1.58553   0.0167409
2.018e-10   -0.00937273   1.58626   0.0169231
2.15712e-10   -0.00935935   1.58701   0.0171071
2.30583e-10   -0.00934564   1.58775   0.0172929
2.4648e-10   -0.00933161   1.58851   0.0174805
2.63472e-10   -0.00931725   1.58927   0.0176698
2.81636e-10   -0.00930255   1.59004   0.0178609
3.01051e-10   -0.0092875   1.59081   0.0180538
3.21806e-10   -0.0092721   1.5916   0.0182485
3.43991e-10   -0.00925635   1.59239   0.018445
3.67706e-10   -0.00924024   1.59319   0.0186432
3.93055e-10   -0.00922376   1.59399   0.0188433
4.20152e-10   -0.00920691   1.5948   0.0190452
4.49118e-10   -0.00918968   1.59562   0.0192489
4.8008e-10   -0.00917206   1.59645   0.0194545
5.13176e-10   -0.00915406   1.59729   0.0196619
5.48554e-10   -0.00913504   1.59813   0.019871
5.86372e-10   -0.00911558   1.59899   0.0200821
6.26796e-10   -0.00909571   1.59985   0.020295
6.70007e-10   -0.0090754   1.60072   0.0205097
7.16197e-10   -0.00905465   1.6016   0.0207263
7.65572e-10   -0.00903347   1.60248   0.0209448
8.1835e-10   -0.00901183   1.60338   0.0211651
8.74767e-10   -0.00898973   1.60428   0.0213874
9.35073e-10   -0.00896718   1.60519   0.0216115
9.99537e-10   -0.00894415   1.60611   0.0218375
1.06844e-09   -0.00892065   1.60704   0.0220654
1.1421e-09   -0.00889667   1.60798   0.0222952
1.22084e-09   -0.00887219   1.60893   0.0225268
1.305e-09   -0.00884722   1.60988   0.0227604
1.39497e-09   -0.00882175   1.61084   0.0229959
1.49114e-09   -0.00879577   1.61182   0.0232333
1.59394e-09   -0.00876927   1.6128   0.0234726
1.70382e-09   -0.00874224   1.61379   0.0237138
1.82128e-09   -0.00871469   1.61479   0.0239568
1.94684e-09   -0.0086866   1.6158   0.0242018
2.08106e-09   -0.00865796   1.61682   0.0244486
2.22453e-09   -0.00862845   1.61785   0.0246973
2.37788e-09   -0.00859767   1.6189   0.0249478
2.54182e-09   -0.0085663   1.61995   0.0252001
2.71705e-09   -0.00853434   1.62102   0.0254543
2.90436e-09   -0.00850177   1.62209   0.0257103
3.10459e-09   -0.0084686   1.62317   0.0259681
3.31862e-09   -0.00843482   1.62427   0.0262278
3.5474e-09   -0.00840041   1.62538   0.0264893
3.79196e-09   -0.00836538   1.62649   0.0267526
4.05337e-09   -0.00832972   1.62762   0.0270177
4.33281e-09   -0.00829342   1.62876   0.0272846
4.63152e-09   -0.00825648   1.62991   0.0275532
4.95081e-09   -0.00821888   1.63107   0.0278236
5.29212e-09   -0.00818063   1.63224   0.0280956
5.65696e-09   -0.00814172   1.63343   0.0283694
6.04695e-09   -0.00810107   1.63463   0.0286446
6.46382e-09   -0.00805938   1.63584   0.0289212
6.90943e-09   -0.00801699   1.63707   0.0291995
7.38577e-09   -0.0079739   1.63831   0.0294794
7.89494e-09   -0.00793008   1.63956   0.0297608
8.43922e-09   -0.00788556   1.64083   0.0300437
9.02101e-09   -0.00784031   1.64211   0.030328
9.64292e-09   -0.00779434   1.6434   0.0306138
1.03077e-08   -0.00774765   1.6447   0.030901
1.10183e-08   -0.00770023   1.64602   0.0311896
1.17779e-08   -0.00765208   1.64736   0.0314794
1.25899e-08   -0.00760178   1.64871   0.03177
1.34578e-08   -0.00755036   1.65008   0.0320616
1.43856e-08   -0.00749816   1.65147   0.0323543
1.53773e-08   -0.0074452   1.65287   0.0326482
1.64375e-08   -0.00739148   1.65429   0.032943
1.75706e-08   -0.00733699   1.65572   0.0332387
1.8782e-08   -0.00728175   1.65717   0.0335354
2.00768e-08   -0.00722575   1.65863   0.0338328
2.14609e-08   -0.007169   1.66011   0.034131
2.29404e-08   -0.00710939   1.66162   0.0344289
2.45219e-08   -0.00704896   1.66315   0.0347274
2.62124e-08   -0.00698775   1.66469   0.0350262
2.80195e-08   -0.00692578   1.66625   0.0353255
2.99512e-08   -0.00686306   1.66783   0.035625
3.2016e-08   -0.00679959   1.66943   0.0359247
3.42232e-08   -0.00673538   1.67105   0.0362245
3.65825e-08   -0.0066689   1.67269   0.0365235
3.91045e-08   -0.00660073   1.67436   0.0368217
4.18003e-08   -0.00653183   1.67605   0.0371197
4.4682e-08   -0.0064622   1.67776   0.0374173
4.77624e-08   -0.00639188   1.6795   0.0377143
5.10551e-08   -0.00632088   1.68125   0.0380106
5.45749e-08   -0.00624836   1.68303   0.0383056
5.83372e-08   -0.00617319   1.68485   0.0385984
6.2359e-08   -0.00609737   1.68668   0.0388901
6.6658e-08   -0.00602093   1.68855   0.0391805
7.12534e-08   -0.00594388   1.69043   0.0394693
7.61656e-08   -0.00586627   1.69234   0.0397565
8.14164e-08   -0.00578568   1.69429   0.0400404
8.70292e-08   -0.00570382   1.69627   0.0403219
9.3029e-08   -0.00562144   1.69828   0.040601
9.94424e-08   -0.00553861   1.70031   0.0408776
1.06298e-07   -0.00545535   1.70237   0.0411515
1.13626e-07   -0.00536877   1.70448   0.0414208
1.21459e-07   -0.00528125   1.70662   0.0416867
1.29833e-07   -0.0051934   1.70879   0.0419491
1.38783e-07   -0.00510528   1.71099   0.0422078
1.48351e-07   -0.00501549   1.71323   0.0424619
1.58578e-07   -0.00492315   1.71552   0.0427106
1.69511e-07   -0.00483068   1.71784   0.0429548
1.81197e-07   -0.00473812   1.72019   0.0431941
1.93689e-07   -0.00464428   1.72258   0.0434279
2.07041e-07   -0.00454764   1.72503   0.0436554
2.21315e-07   -0.00445109   1.72752   0.043877
2.36572e-07   -0.00435471   1.73004   0.0440925
2.52881e-07   -0.00425616   1.73261   0.0443012
2.70315e-07   -0.00415591   1.73524   0.0445028
2.8895e-07   -0.00405604   1.7379   0.0446973
3.08871e-07   -0.00395646   1.7406   0.0448841
3.30164e-07   -0.0038529   1.74338   0.0450635
3.52925e-07   -0.00374994   1.7462   0.0452346
3.77256e-07   -0.00364769   1.74905   0.0453968
4.03264e-07   -0.00354261   1.75198   0.0455513
4.31065e-07   -0.00343705   1.75496   0.0456967
4.60782e-07   -0.00333246   1.75798   0.045832
4.92549e-07   -0.00322587   1.76108   0.045959
5.26505e-07   -0.00311825   1.76423   0.0460765
5.62802e-07   -0.00301189   1.76743   0.0461826
6.01601e-07   -0.00290371   1.7707   0.0462799
6.43076e-07   -0.00279464   1.77404   0.0463671
6.87409e-07   -0.00268715   1.77742   0.0464415
7.34799e-07   -0.00257738   1.78089   0.0465068
7.85456e-07   -0.00246751   1.78443   0.0465603
8.39605e-07   -0.00235956   1.78801   0.0465996
8.97487e-07   -0.00224806   1.79172   0.0466233
9.5936e-07   -0.00213799   1.79549   0.0466321
1.0255e-06   -0.00202877   1.79937   0.0466136
1.0962e-06   -0.00191628   1.80352   0.046533
1.17177e-06   -0.00180709   1.80771   0.0464373
1.25255e-06   -0.0016946   1.81254   0.0461739
1.3389e-06   -0.00158563   1.81755   0.0458549
1.4312e-06   -0.00147662   1.82321   0.0453709
1.52987e-06   -0.00137079   1.82916   0.044817
1.63534e-06   -0.00126873   1.83535   0.0442078
1.74808e-06   -0.00117003   1.84175   0.0435633
1.86859e-06   -0.00107346   1.84832   0.0429109
1.99741e-06   -0.000980671   1.85497   0.0422562
2.13511e-06   -0.000891748   1.86168   0.0416007
2.2823e-06   -0.000804545   1.86848   0.0409642
2.43965e-06   -0.000720249   1.87532   0.0403408
2.60783e-06   -0.000639946   1.88218   0.0397186
2.78762e-06   -0.000560085   1.8891   0.0391316
2.97979e-06   -0.000483898   1.89603   0.038547
3.18522e-06   -0.000409649   1.903   0.0379796
3.40481e-06   -0.000337274   1.91   0.0374298
3.63954e-06   -0.000267585   1.91702   0.0368843
3.89044e-06   -0.000198978   1.92408   0.0363608
4.15865e-06   -0.00013288   1.93117   0.035838
4.44535e-06   -6.82983e-05   1.9383   0.035327
4.75181e-06   -4.92449e-06   1.94548   0.0348269
5.0794e-06   5.5037e-05   1.95271   0.0343076
5.42957e-06   0.000116428   1.95999   0.033829
5.80388e-06   0.000173804   1.96735   0.0333148
6.204e-06   0.000230811   1.97478   0.0328131
6.6317e-06   0.000287202   1.9823   0.0323153
7.08889e-06   0.000339903   1.98993   0.0317742
7.5776e-06   0.000393107   1.99766   0.0312501
8.1e-06   0.000445609   2.00551   0.0307188
8.65841e-06   0.000494697   2.01355   0.0301349
9.25532e-06   0.00054228   2.02174   0.0295269
9.89338e-06   0.000591703   2.03007   0.0289463
1.05754e-05   0.000637966   2.03864   0.0283027
1.13045e-05   0.00068091   2.04749   0.0275881
1.20838e-05   0.000723802   2.05655   0.0268642
1.29169e-05   0.000767708   2.06585   0.0261479
1.38074e-05   0.000808542   2.07552   0.0253515
1.47592e-05   0.000846118   2.08559   0.0244659
1.57767e-05   0.000880243   2.09608   0.023481
1.68644e-05   0.00091596   2.10296   0.023278
1.8027e-05   0.000951864   2.10978   0.023115
1.92698e-05   0.00098773   2.11677   0.0229484
2.05982e-05   0.00102353   2.12391   0.022783
2.20183e-05   0.00105923   2.1312   0.0226248
2.35362e-05   0.00109481   2.13864   0.0224822
2.51588e-05   0.00113025   2.14623   0.0223653
2.68932e-05   0.00116554   2.15393   0.0222866
2.87472e-05   0.00120068   2.16173   0.0222614
3.07291e-05   0.00123566   2.16959   0.0223073
3.28475e-05   0.00127052   2.17749   0.0224441
3.5112e-05   0.00130528   2.18536   0.0226937
3.75326e-05   0.00134   2.19314   0.0230789
4.01201e-05   0.00137477   2.20077   0.0236224
4.2886e-05   0.00140969   2.20814   0.0243462
4.58425e-05   0.0014449   2.21517   0.0252696
4.90029e-05   0.00148058   2.22173   0.0264094
5.23812e-05   0.00151696   2.22772   0.0277787
5.59923e-05   0.00155432   2.23303   0.0293871
5.98524e-05   0.001593   2.23753   0.0312412
6.39786e-05   0.00163338   2.24114   0.033345
6.83893e-05   0.00167597   2.2438   0.035701
7.3104e-05   0.00172131   2.24545   0.0383107
7.81438e-05   0.00177007   2.24608   0.0411763
8.3531e-05   0.00182301   2.24571   0.0443013
8.92896e-05   0.00188102   2.24439   0.0476924
9.54452e-05   0.00194514   2.24217   0.051362
0.000102025   0.00201653   2.23914   0.0553326
0.000109059   0.00209657   2.23536   0.0596428
0.000116577   0.00218686   2.23087   0.0643575
0.000124614   0.00228927   2.22571   0.0695803
0.000133205   0.00240607   2.21986   0.0754581
0.000142388   0.00254   2.21323   0.0821463
0.000152204   0.00269582   2.20675   0.0903373
0.000162697   0.0028757   2.20095   0.102087
0.000173914   0.00308208   2.18885   0.108073
0.000185903   0.00332644   2.17883   0.118587
0.000198719   0.00361672   2.16848   0.127456
0.000212419   0.00395886   2.15853   0.136762
0.000227063   0.0043603   2.14894   0.146521
0.000242717   0.00482934   2.13967   0.156754
0.000259449   0.00537531   2.1307   0.167477
0.000277336   0.00600863   2.12198   0.178708
0.000296455   0.00674091   2.1135   0.190466
0.000316893   0.00758514   2.10523   0.202768
0.000338739   0.00855577   2.09715   0.21563
0.000362092   0.00966893   2.08924   0.22907
0.000387054   0.0109458   2.08165   0.242981
0.000413738   0.0124066   2.07502   0.256883
0.000442261   0.014045   2.06846   0.271375
0.00047275   0.0158814   2.06197   0.286467
0.000505342   0.0179766   2.05558   0.302126
0.00054018   0.0203268   2.04924   0.318389
0.00057742   0.0229515   2.04295   0.335273
0.000617227   0.0259339   2.03672   0.352739
0.000659778   0.0292544   2.03052   0.370826
0.000705263   0.032988   2.02435   0.389513
0.000753884   0.037163   2.0182   0.408797
0.000805856   0.0418326   2.01206   0.428669
0.000861412   0.0470537   2.00593   0.449109
0.000920797   0.0528827   1.99979   0.4701
0.000984277   0.0593834   1.99364   0.491614
0.00105213   0.0666417   1.98747   0.51362
0.00112467   0.0747067   1.98128   0.536082
0.0012022   0.0837209   1.97505   0.558951
0.00128508   0.0937284   1.96878   0.582182
0.00137367   0.104865   1.96247   0.605714
0.00146837   0.117256   1.95611   0.629485
0.0015696   0.131005   1.94969   0.653427
0.00167781   0.146288   1.9432   0.677463
0.00179348   0.163261   1.93664   0.701516
0.00191712   0.182078   1.93002   0.725503
0.00204929   0.202954   1.92331   0.749339
0.00219056   0.226122   1.91651   0.772936
0.00234158   0.251785   1.90962   0.796209
0.00250301   0.280203   1.90265   0.819072
0.00267557   0.311721   1.89556   0.841443
0.00286002   0.346606   1.88837   0.863245
0.00305719   0.385202   1.88108   0.884407
0.00326795   0.427926   1.87367   0.904861
0.00349324   0.475206   1.86613   0.924551
0.00373407   0.527471   1.85847   0.943429
0.00399149   0.585241   1.85068   0.961456
0.00426666   0.649141   1.84275   0.978597
0.00456081   0.719718   1.83468   0.994836
0.00487523   0.797649   1.82646   1.01016
0.00521132   0.88378   1.81808   1.02456
0.00557059   0.97883   1.80955   1.03805
0.00595463   1.08371   1.80085   1.05064
0.00636514   1.19951   1.79196   1.06234
0.00680395   1.32719   1.7829   1.07319
0.00727301   1.46802   1.77365   1.0832
0.00777441   1.6233   1.76419   1.09242
0.00831038   1.79439   1.75453   1.10088
0.00888329   1.98303   1.74465   1.10861
0.0094957   2.19074   1.73454   1.11565
0.0101503   2.41961   1.72419   1.12205
0.0108501   2.67155   1.7136   1.12785
0.0115981   2.94895   1.70274   1.13307
0.0123977   3.2542   1.6916   1.13777
0.0132524   3.59014   1.68018   1.14198
0.014166   3.95961   1.66846   1.14574
0.0151426   4.36604   1.65641   1.14908
0.0161865   4.81281   1.64404   1.15203
