# PlotEOS table
# Tabulated(filename=input/LS220_EoS.dat)
#[1] rho
#[2] eps
#[3] P
#[4] dP/drho
#[5] h
#[6] cs
1e-13  -0.00420322  9.14401e-20  7.64014e-07  0.995798  0.0112133  
1.055e-13  -0.00420322  9.97161e-20  7.91054e-07  0.995798  0.0112133  
1.11302e-13  -0.00420322  1.08741e-19  8.19049e-07  0.995798  0.0112133  
1.17423e-13  -0.00420322  1.18583e-19  8.48031e-07  0.995798  0.0112133  
1.2388e-13  -0.00420322  1.29315e-19  8.78037e-07  0.995798  0.0112133  
1.30693e-13  -0.00420322  1.41019e-19  9.09103e-07  0.995798  0.0112133  
1.37881e-13  -0.00420322  1.53782e-19  9.41264e-07  0.995798  0.0112133  
1.45464e-13  -0.00420322  1.677e-19  9.74561e-07  0.995798  0.0112133  
1.53463e-13  -0.00420322  1.82878e-19  1.00903e-06  0.995798  0.0112133  
1.61903e-13  -0.00420322  1.9943e-19  1.04472e-06  0.995798  0.0112133  
1.70807e-13  -0.00420322  2.1748e-19  1.08167e-06  0.995798  0.0112133  
1.80201e-13  -0.00420322  2.37163e-19  1.11992e-06  0.995798  0.0112133  
1.90111e-13  -0.00420322  2.58628e-19  1.15952e-06  0.995798  0.0112133  
2.00566e-13  -0.00420322  2.82035e-19  1.20052e-06  0.995798  0.0112133  
2.11597e-13  -0.00420322  3.07561e-19  1.24296e-06  0.995798  0.0112133  
2.23233e-13  -0.00420322  3.35398e-19  1.28691e-06  0.995798  0.0112133  
2.3551e-13  -0.00420322  3.65753e-19  1.3324e-06  0.995798  0.0112133  
2.48462e-13  -0.00420322  3.98856e-19  1.37949e-06  0.995798  0.0112133  
2.62127e-13  -0.00420322  4.34955e-19  1.42825e-06  0.995798  0.0112133  
2.76542e-13  -0.00420322  4.74321e-19  1.47872e-06  0.995798  0.0112133  
2.91751e-13  -0.00420322  5.17251e-19  1.53098e-06  0.995799  0.0112133  
3.07796e-13  -0.00420322  5.64065e-19  1.58508e-06  0.995799  0.0112133  
3.24723e-13  -0.00420322  6.15116e-19  1.64108e-06  0.995799  0.0112133  
3.42582e-13  -0.00420322  6.70788e-19  1.69906e-06  0.995799  0.0112133  
3.61422e-13  -0.00420322  7.31499e-19  1.75909e-06  0.995799  0.0112133  
3.81299e-13  -0.00420322  7.97704e-19  1.82123e-06  0.995799  0.0112133  
4.02269e-13  -0.00420322  8.69902e-19  1.88556e-06  0.995799  0.0112133  
4.24392e-13  -0.00420322  9.48633e-19  1.95215e-06  0.995799  0.0112133  
4.47731e-13  -0.00420322  1.03449e-18  2.0211e-06  0.995799  0.0112133  
4.72354e-13  -0.00420322  1.12812e-18  2.09247e-06  0.995799  0.0112133  
4.98332e-13  -0.00420322  1.23022e-18  2.16636e-06  0.995799  0.0112133  
5.25738e-13  -0.00420322  1.34156e-18  2.24285e-06  0.995799  0.0112133  
5.54651e-13  -0.00420322  1.46298e-18  2.32204e-06  0.995799  0.0112133  
5.85154e-13  -0.00420322  1.59539e-18  2.40401e-06  0.9958  0.0112133  
6.17335e-13  -0.00420322  1.73979e-18  2.48888e-06  0.9958  0.0112133  
6.51286e-13  -0.00420322  1.89725e-18  2.57673e-06  0.9958  0.0112133  
6.87104e-13  -0.00420322  2.06896e-18  2.66768e-06  0.9958  0.0112133  
7.24891e-13  -0.00420322  2.25621e-18  2.76183e-06  0.9958  0.0112133  
7.64757e-13  -0.00420322  2.46042e-18  2.8593e-06  0.9958  0.0112133  
8.06815e-13  -0.00420322  2.6831e-18  2.9602e-06  0.9958  0.0112133  
8.51187e-13  -0.00420322  2.92594e-18  3.06465e-06  0.9958  0.0112133  
8.97998e-13  -0.00420322  3.19075e-18  3.17278e-06  0.9958  0.0112133  
9.47384e-13  -0.00420322  3.47954e-18  3.28472e-06  0.9958  0.0112133  
9.99486e-13  -0.00420322  3.79446e-18  3.40059e-06  0.995801  0.0112133  
1.05445e-12  -0.00420322  4.13788e-18  3.52055e-06  0.995801  0.0112133  
1.11244e-12  -0.00420322  4.51238e-18  3.64473e-06  0.995801  0.0112133  
1.17362e-12  -0.00420322  4.92078e-18  3.77328e-06  0.995801  0.0112133  
1.23817e-12  -0.00420322  5.36615e-18  3.90636e-06  0.995801  0.0112133  
1.30626e-12  -0.00420322  5.85182e-18  4.04412e-06  0.995801  0.0112133  
1.3781e-12  -0.00420322  6.38144e-18  4.18672e-06  0.995801  0.0112133  
1.45389e-12  -0.00420322  6.959e-18  4.33435e-06  0.995802  0.0112133  
1.53385e-12  -0.00420322  7.58884e-18  4.48717e-06  0.995802  0.0112133  
1.6182e-12  -0.00420322  8.27568e-18  4.64537e-06  0.995802  0.0112133  
1.70719e-12  -0.00420322  9.02468e-18  4.80913e-06  0.995802  0.0112133  
1.80108e-12  -0.00420322  9.84147e-18  4.97865e-06  0.995802  0.0112133  
1.90013e-12  -0.00420322  1.07322e-17  5.15414e-06  0.995802  0.0112133  
2.00463e-12  -0.00420322  1.17035e-17  5.3358e-06  0.995803  0.0112133  
2.11488e-12  -0.00420322  1.27628e-17  5.52385e-06  0.995803  0.0112133  
2.23119e-12  -0.00420322  1.39179e-17  5.71852e-06  0.995803  0.0112133  
2.35389e-12  -0.00420322  1.51775e-17  5.92003e-06  0.995803  0.0112133  
2.48335e-12  -0.00420322  1.65512e-17  6.12863e-06  0.995803  0.0112133  
2.61992e-12  -0.00420322  1.80492e-17  6.34456e-06  0.995804  0.0112133  
2.764e-12  -0.00420322  1.96827e-17  6.56809e-06  0.995804  0.0112133  
2.91601e-12  -0.00420322  2.14641e-17  6.79947e-06  0.995804  0.0112133  
3.07638e-12  -0.00420322  2.34068e-17  7.03899e-06  0.995804  0.0112133  
3.24557e-12  -0.00420322  2.55253e-17  7.28694e-06  0.995805  0.0112133  
3.42406e-12  -0.00420322  2.78355e-17  7.54359e-06  0.995805  0.0112133  
3.61236e-12  -0.00420322  3.03547e-17  7.80927e-06  0.995805  0.0112133  
3.81103e-12  -0.00420322  3.3102e-17  8.08429e-06  0.995805  0.0112133  
4.02062e-12  -0.00420322  3.6098e-17  8.36898e-06  0.995806  0.0112133  
4.24173e-12  -0.00420322  3.93651e-17  8.66367e-06  0.995806  0.0112133  
4.47501e-12  -0.00420322  4.29279e-17  8.96872e-06  0.995806  0.0112133  
4.72112e-12  -0.00420322  4.68131e-17  9.28448e-06  0.995807  0.0112133  
4.98076e-12  -0.00420322  5.105e-17  9.61135e-06  0.995807  0.0112133  
5.25468e-12  -0.00420322  5.56703e-17  9.9497e-06  0.995807  0.0112133  
5.54366e-12  -0.00420322  6.07089e-17  1.02999e-05  0.995808  0.0112133  
5.84854e-12  -0.00420322  6.62034e-17  1.06625e-05  0.995808  0.0112133  
6.17018e-12  -0.00420322  7.21952e-17  1.10378e-05  0.995808  0.0112133  
6.50951e-12  -0.00420322  7.87294e-17  1.14262e-05  0.995809  0.0112133  
6.86751e-12  -0.00420322  8.58549e-17  1.18283e-05  0.995809  0.0112133  
7.24519e-12  -0.00420322  9.36253e-17  1.22445e-05  0.99581  0.0112133  
7.64364e-12  -0.00420322  1.02099e-16  1.26754e-05  0.99581  0.0112133  
8.06401e-12  -0.00420322  1.1134e-16  1.31214e-05  0.995811  0.0112133  
8.50749e-12  -0.00420322  1.21417e-16  1.3583e-05  0.995811  0.0112133  
8.97537e-12  -0.00420322  1.32405e-16  1.40609e-05  0.995812  0.0112133  
9.46897e-12  -0.00420322  1.44389e-16  1.45555e-05  0.995812  0.0112133  
9.98972e-12  -0.00420322  1.57457e-16  1.50675e-05  0.995813  0.0112133  
1.05391e-11  -0.00420322  1.71708e-16  1.55975e-05  0.995813  0.0112133  
1.11187e-11  -0.00420322  1.87249e-16  1.61461e-05  0.995814  0.0112133  
1.17302e-11  -0.00420322  2.04196e-16  1.67139e-05  0.995814  0.0112133  
1.23753e-11  -0.00420322  2.22677e-16  1.73017e-05  0.995815  0.0112133  
1.30559e-11  -0.00420322  2.42831e-16  1.79101e-05  0.995815  0.0112133  
1.37739e-11  -0.00420322  2.64808e-16  1.85399e-05  0.995816  0.0112133  
1.45314e-11  -0.00420322  2.88775e-16  1.91918e-05  0.995817  0.0112133  
1.53306e-11  -0.00420322  3.14911e-16  1.98665e-05  0.995817  0.0112133  
1.61737e-11  -0.00420322  3.43413e-16  2.05649e-05  0.995818  0.0112133  
1.70632e-11  -0.00420322  3.74494e-16  2.12879e-05  0.995819  0.0112133  
1.80016e-11  -0.00420322  4.08388e-16  2.20362e-05  0.995819  0.0112133  
1.89916e-11  -0.00420322  4.45349e-16  2.28107e-05  0.99582  0.0112133  
2.0036e-11  -0.00420322  4.85656e-16  2.36125e-05  0.995821  0.0112133  
2.11379e-11  -0.00420322  5.29611e-16  2.44423e-05  0.995822  0.0112133  
2.23004e-11  -0.00420322  5.77544e-16  2.53013e-05  0.995823  0.0112133  
2.35268e-11  -0.00420322  6.29816e-16  2.61904e-05  0.995824  0.0112133  
2.48207e-11  -0.00420322  6.86818e-16  2.71108e-05  0.995824  0.0112133  
2.61857e-11  -0.00420322  7.4898e-16  2.80633e-05  0.995825  0.0112133  
2.76258e-11  -0.00420322  8.16767e-16  2.90493e-05  0.995826  0.0112133  
2.91451e-11  -0.00420322  8.9069e-16  3.00699e-05  0.995827  0.0112133  
3.0748e-11  -0.00420322  9.71303e-16  3.11263e-05  0.995828  0.0112133  
3.2439e-11  -0.00420322  1.05921e-15  3.22197e-05  0.995829  0.0112133  
3.4223e-11  -0.00420322  1.15508e-15  3.33515e-05  0.995831  0.0112133  
3.61051e-11  -0.00420322  1.25962e-15  3.45229e-05  0.995832  0.0112133  
3.80907e-11  -0.00420322  1.37362e-15  3.57354e-05  0.995833  0.0112133  
4.01855e-11  -0.00420322  1.49794e-15  3.69905e-05  0.995834  0.0112133  
4.23955e-11  -0.00420322  1.63352e-15  3.82895e-05  0.995835  0.0112133  
4.47271e-11  -0.00420322  1.78136e-15  3.96341e-05  0.995837  0.0112133  
4.71869e-11  -0.00420322  1.94259e-15  4.10258e-05  0.995838  0.0112133  
4.9782e-11  -0.00420322  2.1184e-15  4.24663e-05  0.995839  0.0112133  
5.25198e-11  -0.00420322  2.31013e-15  4.39573e-05  0.995841  0.0112133  
5.54081e-11  -0.00420322  2.51921e-15  4.55005e-05  0.995842  0.0112133  
5.84553e-11  -0.00420322  2.74722e-15  4.70979e-05  0.995844  0.0112133  
6.16701e-11  -0.00420322  2.99586e-15  4.87512e-05  0.995845  0.0112133  
6.50617e-11  -0.00420322  3.267e-15  5.04624e-05  0.995847  0.0112133  
6.86398e-11  -0.00420322  3.56269e-15  5.22337e-05  0.995849  0.0112133  
7.24146e-11  -0.00420322  3.88513e-15  5.40669e-05  0.99585  0.0112133  
7.63971e-11  -0.00420322  4.23676e-15  5.59645e-05  0.995852  0.0112133  
8.05986e-11  -0.00420322  4.62022e-15  5.79285e-05  0.995854  0.0112133  
8.50312e-11  -0.00420322  5.03837e-15  5.99613e-05  0.995856  0.0112133  
8.97075e-11  -0.00420322  5.49438e-15  6.20653e-05  0.995858  0.0112133  
9.4641e-11  -0.00420322  5.99166e-15  6.42431e-05  0.99586  0.0112133  
9.98459e-11  -0.00420322  6.53394e-15  6.64971e-05  0.995862  0.0112133  
1.05337e-10  -0.00420322  7.1253e-15  6.88301e-05  0.995864  0.0112133  
1.1113e-10  -0.00420322  7.77019e-15  7.12448e-05  0.995867  0.0112133  
1.17242e-10  -0.00420322  8.47344e-15  7.3744e-05  0.995869  0.0112133  
1.23689e-10  -0.00420322  9.24034e-15  7.63308e-05  0.995871  0.0112133  
1.30492e-10  -0.00420322  1.00766e-14  7.90082e-05  0.995874  0.0112133  
1.37668e-10  -0.00420322  1.09886e-14  8.17794e-05  0.995877  0.0112133  
1.45239e-10  -0.00420322  1.19832e-14  8.46476e-05  0.995879  0.0112133  
1.53227e-10  -0.00420322  1.30677e-14  8.76162e-05  0.995882  0.0112133  
1.61654e-10  -0.00420322  1.42505e-14  9.06887e-05  0.995885  0.0112133  
1.70544e-10  -0.00420104  1.507e-14  9.11495e-05  0.995887  0.0112448  
1.79923e-10  -0.00419914  1.60496e-14  0.000105438  0.99589  0.0112976  
1.89818e-10  -0.00419726  1.70969e-14  0.000106432  0.995893  0.0113508  
2.00257e-10  -0.00419528  1.82159e-14  0.000107824  0.995896  0.0114054  
2.1127e-10  -0.00419326  1.94093e-14  0.000108987  0.995899  0.0114606  
2.22889e-10  -0.0041912  2.06827e-14  0.000110236  0.995902  0.0115163  
2.35147e-10  -0.00418903  2.20434e-14  0.000111673  0.995905  0.0115734  
2.48079e-10  -0.00418687  2.34936e-14  0.000112789  0.995908  0.0116304  
2.61723e-10  -0.00418457  2.50443e-14  0.00011436  0.995911  0.0116893  
2.76116e-10  -0.00418225  2.66979e-14  0.000115566  0.995914  0.0117482  
2.91301e-10  -0.00417986  2.84642e-14  0.000117031  0.995918  0.0118082  
3.07322e-10  -0.0041774  3.03508e-14  0.000118491  0.995921  0.0118691  
3.24223e-10  -0.0041749  3.23636e-14  0.000119811  0.995925  0.0119302  
3.42054e-10  -0.00417228  3.45155e-14  0.000121453  0.995929  0.0119931  
3.60865e-10  -0.00416965  3.68114e-14  0.000122789  0.995932  0.0120559  
3.80711e-10  -0.00416691  3.92655e-14  0.000124454  0.995936  0.0121203  
4.01649e-10  -0.00416411  4.18858e-14  0.000125929  0.99594  0.0121851  
4.23738e-10  -0.00416126  4.4684e-14  0.000127479  0.995944  0.0122507  
4.47041e-10  -0.0041583  4.76751e-14  0.000129191  0.995948  0.0123175  
4.71626e-10  -0.00415533  5.08679e-14  0.000130672  0.995953  0.0123842  
4.97564e-10  -0.00415221  5.42826e-14  0.000132538  0.995957  0.012453  
5.24928e-10  -0.00414906  5.79287e-14  0.000134084  0.995961  0.0125219  
5.53796e-10  -0.00414581  6.18256e-14  0.000135883  0.995966  0.012592  
5.84253e-10  -0.00414249  6.599e-14  0.000137628  0.99597  0.012663  
6.16384e-10  -0.00413911  7.04386e-14  0.000139353  0.995975  0.0127343  
6.50282e-10  -0.00413562  7.51963e-14  0.00014131  0.99598  0.0128073  
6.86045e-10  -0.00413209  8.02769e-14  0.00014297  0.995985  0.0128803  
7.23774e-10  -0.00412842  8.57124e-14  0.000145077  0.99599  0.0129551  
7.63579e-10  -0.0041247  9.15204e-14  0.000146863  0.995995  0.0130303  
8.05572e-10  -0.00412089  9.7728e-14  0.000148823  0.996  0.0131065  
8.49875e-10  -0.00411698  1.04368e-13  0.000150905  0.996006  0.0131838  
8.96614e-10  -0.00411303  1.11461e-13  0.000152746  0.996011  0.0132613  
9.45924e-10  -0.00410893  1.19051e-13  0.000155059  0.996017  0.0133407  
9.97946e-10  -0.00410477  1.27163e-13  0.000156929  0.996023  0.0134204  
1.05283e-09  -0.0041005  1.35839e-13  0.000159224  0.996029  0.0135014  
1.11073e-09  -0.00409614  1.45119e-13  0.00016137  0.996035  0.0135833  
1.17181e-09  -0.00409171  1.55039e-13  0.000163502  0.996041  0.0136658  
1.23626e-09  -0.00408714  1.65653e-13  0.000165884  0.996047  0.0137498  
1.30425e-09  -0.00408253  1.76999e-13  0.00016799  0.996053  0.013834  
1.37598e-09  -0.00407776  1.89143e-13  0.000170566  0.99606  0.0139201  
1.45165e-09  -0.00407291  2.02129e-13  0.000172774  0.996066  0.0140068  
1.53148e-09  -0.00406795  2.16019e-13  0.000175222  0.996073  0.0140944  
1.61571e-09  -0.00406288  2.30881e-13  0.000177726  0.99608  0.0141833  
1.70456e-09  -0.00405774  2.46779e-13  0.000180167  0.996087  0.0142726  
1.79831e-09  -0.00405244  2.63796e-13  0.000182873  0.996094  0.0143637  
1.89721e-09  -0.00404707  2.81994e-13  0.000185249  0.996102  0.0144552  
2.00154e-09  -0.00404156  3.01473e-13  0.000188104  0.996109  0.0145482  
2.11162e-09  -0.00403594  3.22318e-13  0.000190693  0.996117  0.0146421  
2.22775e-09  -0.00403022  3.4462e-13  0.000193438  0.996124  0.0147369  
2.35026e-09  -0.00402435  3.68493e-13  0.000196289  0.996132  0.0148331  
2.47952e-09  -0.00401842  3.94033e-13  0.000198969  0.99614  0.0149296  
2.61588e-09  -0.0040123  4.2138e-13  0.000202106  0.996149  0.0150281  
2.75974e-09  -0.00400608  4.50651e-13  0.000204886  0.996157  0.0151274  
2.91152e-09  -0.00399974  4.81981e-13  0.000207972  0.996166  0.0152278  
3.07164e-09  -0.00399325  5.1552e-13  0.000210982  0.996175  0.0153295  
3.24056e-09  -0.00398666  5.51417e-13  0.000214055  0.996183  0.0154317  
3.41878e-09  -0.00397991  5.89856e-13  0.000217321  0.996193  0.0155357  
3.6068e-09  -0.00397306  6.31e-13  0.000220381  0.996202  0.0156403  
3.80516e-09  -0.00396603  6.75063e-13  0.000223878  0.996211  0.0157464  
4.01442e-09  -0.00395886  7.22245e-13  0.000227086  0.996221  0.0158538  
4.2352e-09  -0.00395158  7.72751e-13  0.000230459  0.996231  0.015962  
4.46811e-09  -0.00394412  8.26846e-13  0.00023404  0.996241  0.0160718  
4.71384e-09  -0.00393656  8.84769e-13  0.000237414  0.996251  0.0161821  
4.97308e-09  -0.00392881  9.46808e-13  0.000241199  0.996262  0.0162942  
5.24658e-09  -0.00392091  1.01325e-12  0.000244655  0.996272  0.0164074  
5.53512e-09  -0.00391287  1.0844e-12  0.000248506  0.996283  0.0165218  
5.83952e-09  -0.00390464  1.16061e-12  0.000252224  0.996294  0.0166377  
6.16067e-09  -0.00389629  1.24224e-12  0.000256097  0.996305  0.0167543  
6.49948e-09  -0.00388775  1.32969e-12  0.000260097  0.996317  0.0168725  
6.85692e-09  -0.00387907  1.42333e-12  0.000263845  0.996329  0.0169915  
7.23402e-09  -0.00387021  1.52366e-12  0.000268273  0.99634  0.0171122  
7.63186e-09  -0.00386114  1.63118e-12  0.000272172  0.996353  0.0172345  
8.05158e-09  -0.00385193  1.74633e-12  0.000276492  0.996365  0.0173576  
8.49438e-09  -0.00384252  1.86971e-12  0.000280754  0.996378  0.0174824  
8.96153e-09  -0.00383297  2.00188e-12  0.000285025  0.99639  0.017608  
9.45438e-09  -0.0038232  2.14352e-12  0.000289739  0.996404  0.0177352  
9.97433e-09  -0.00381325  2.29529e-12  0.000293967  0.996417  0.0178638  
1.05229e-08  -0.00380312  2.4579e-12  0.000298857  0.99643  0.0179935  
1.11016e-08  -0.00379275  2.63219e-12  0.000303401  0.996444  0.0181252  
1.17121e-08  -0.00378224  2.81892e-12  0.00030818  0.996458  0.0182576  
1.23562e-08  -0.00377149  3.01906e-12  0.000313203  0.996473  0.0183917  
1.30358e-08  -0.00376057  3.23353e-12  0.000317866  0.996487  0.0185269  
1.37527e-08  -0.00374944  3.46335e-12  0.000323237  0.996502  0.0186635  
1.4509e-08  -0.00373803  3.70978e-12  0.000328246  0.996518  0.0188023  
1.53069e-08  -0.00372648  3.97384e-12  0.000333501  0.996533  0.0189417  
1.61488e-08  -0.00371465  4.2569e-12  0.00033887  0.996549  0.0190833  
1.70369e-08  -0.00370265  4.56029e-12  0.000344173  0.996565  0.0192256  
1.79738e-08  -0.0036904  4.8855e-12  0.00034991  0.996581  0.0193696  
1.89623e-08  -0.00367791  5.23413e-12  0.000355244  0.996598  0.0195153  
2.00051e-08  -0.00366523  5.6078e-12  0.000361301  0.996615  0.0196619  
2.11053e-08  -0.00365221  6.00854e-12  0.000366938  0.996632  0.0198113  
2.2266e-08  -0.00363903  6.43804e-12  0.000372949  0.99665  0.019961  
2.34906e-08  -0.00362556  6.89857e-12  0.000379006  0.996668  0.0201129  
2.47824e-08  -0.00361186  7.39228e-12  0.000385072  0.996686  0.020266  
2.61454e-08  -0.00359793  7.92163e-12  0.000391529  0.996705  0.0204203  
2.75832e-08  -0.00358365  8.48931e-12  0.000397753  0.996724  0.0205773  
2.91002e-08  -0.0035692  9.09788e-12  0.000404383  0.996743  0.0207347  
3.07006e-08  -0.00355438  9.75055e-12  0.000410945  0.996763  0.0208949  
3.2389e-08  -0.00353936  1.04503e-11  0.000417713  0.996783  0.0210558  
3.41702e-08  -0.00352403  1.12008e-11  0.000424649  0.996804  0.0212186  
3.60494e-08  -0.00350841  1.20056e-11  0.000431391  0.996825  0.0213831  
3.8032e-08  -0.00349258  1.28685e-11  0.000438891  0.996846  0.0215484  
4.01236e-08  -0.00347627  1.37943e-11  0.000445914  0.996868  0.0217174  
4.23302e-08  -0.00345981  1.47869e-11  0.000453394  0.99689  0.0218864  
4.46582e-08  -0.00344296  1.58516e-11  0.000460914  0.996912  0.022058  
4.71142e-08  -0.00342584  1.69935e-11  0.000468467  0.996935  0.0222309  
4.97052e-08  -0.00340843  1.82181e-11  0.000476381  0.996958  0.022405  
5.24388e-08  -0.00339059  1.95318e-11  0.000484237  0.996982  0.0225822  
5.53227e-08  -0.00337257  2.09408e-11  0.000492479  0.997006  0.0227595  
5.83652e-08  -0.00335403  2.24525e-11  0.000500641  0.997031  0.0229406  
6.1575e-08  -0.00333528  2.40738e-11  0.000508984  0.997056  0.0231219  
6.49614e-08  -0.00331614  2.58129e-11  0.000517586  0.997081  0.0233056  
6.8534e-08  -0.00329662  2.76786e-11  0.000526237  0.997107  0.0234913  
7.2303e-08  -0.00327687  2.968e-11  0.000535209  0.997134  0.0236774  
7.62794e-08  -0.00325651  3.18274e-11  0.000544096  0.997161  0.0238681  
8.04744e-08  -0.00323599  3.41308e-11  0.000553512  0.997188  0.0240582  
8.49001e-08  -0.00321493  3.66027e-11  0.00056266  0.997216  0.024252  
8.95693e-08  -0.00319357  3.92539e-11  0.000572317  0.997245  0.0244468  
9.44952e-08  -0.00317185  4.2099e-11  0.000582068  0.997274  0.024643  
9.9692e-08  -0.00314959  4.51517e-11  0.000591743  0.997303  0.0248427  
1.05175e-07  -0.00312715  4.84261e-11  0.000602024  0.997333  0.0250419  
1.10959e-07  -0.00310398  5.19406e-11  0.000612201  0.997364  0.0252464  
1.17061e-07  -0.00308061  5.57112e-11  0.000622746  0.997395  0.0254504  
1.23499e-07  -0.00305671  5.97577e-11  0.000633236  0.997427  0.0256575  
1.30291e-07  -0.00303236  6.40989e-11  0.000644039  0.99746  0.0258667  
1.37456e-07  -0.00300772  6.87573e-11  0.000655351  0.997492  0.0260762  
1.45016e-07  -0.00298234  7.3758e-11  0.000666343  0.997526  0.0262909  
1.52991e-07  -0.00295678  7.91227e-11  0.000677958  0.99756  0.0265045  
1.61405e-07  -0.00293048  8.48811e-11  0.000689528  0.997595  0.0267231  
1.70281e-07  -0.00290385  9.10601e-11  0.000701461  0.997631  0.0269421  
1.79646e-07  -0.00287674  9.76919e-11  0.000713514  0.997667  0.0271632  
1.89526e-07  -0.00284899  1.04809e-10  0.000725629  0.997704  0.0273878  
1.99949e-07  -0.00282106  1.12445e-10  0.000738601  0.997741  0.0276112  
2.10945e-07  -0.00279211  1.20646e-10  0.000751065  0.99778  0.027842  
2.22546e-07  -0.002763  1.29443e-10  0.000764235  0.997819  0.0280711  
2.34785e-07  -0.00273316  1.38888e-10  0.000777532  0.997858  0.0283044  
2.47697e-07  -0.00270281  1.49026e-10  0.000790778  0.997899  0.0285395  
2.61319e-07  -0.00267207  1.59903e-10  0.000804751  0.99794  0.0287753  
2.75691e-07  -0.00264043  1.71583e-10  0.000818519  0.997982  0.0290166  
2.90852e-07  -0.00260862  1.84115e-10  0.000833058  0.998024  0.029256  
3.06848e-07  -0.00257576  1.97573e-10  0.000847394  0.998068  0.0295024  
3.23723e-07  -0.0025426  2.12015e-10  0.000862186  0.998112  0.0297481  
3.41527e-07  -0.00250875  2.27518e-10  0.000879302  0.998157  0.0299969  
3.60309e-07  -0.00247415  2.44163e-10  0.000894905  0.998203  0.0302492  
3.80124e-07  -0.00243929  2.62026e-10  0.00091028  0.99825  0.0305004  
4.0103e-07  -0.00240322  2.81207e-10  0.000926515  0.998298  0.0307592  
4.23084e-07  -0.00236696  3.01792e-10  0.000942524  0.998346  0.0310161  
4.46352e-07  -0.0023297  3.23895e-10  0.000959215  0.998396  0.0312785  
4.709e-07  -0.00229189  3.47617e-10  0.000975855  0.998446  0.031542  
4.96797e-07  -0.0022535  3.73085e-10  0.000993057  0.998497  0.031807  
5.24119e-07  -0.0022141  4.00433e-10  0.00101076  0.99855  0.0320773  
5.52943e-07  -0.00217445  4.29784e-10  0.00102823  0.998603  0.0323456  
5.83352e-07  -0.00213347  4.61298e-10  0.0010465  0.998657  0.0326219  
6.15434e-07  -0.00209213  4.9513e-10  0.00106488  0.998712  0.0328972  
6.4928e-07  -0.00204988  5.31447e-10  0.00108348  0.998769  0.0331764  
6.84987e-07  -0.00200682  5.70443e-10  0.00110281  0.998826  0.0334584  
7.22659e-07  -0.00196325  6.12306e-10  0.00112212  0.998884  0.0337405  
7.62402e-07  -0.00191841  6.57248e-10  0.00114185  0.998944  0.0340293  
8.0433e-07  -0.00187321  7.05495e-10  0.00116192  0.999004  0.0343166  
8.48565e-07  -0.00182677  7.57303e-10  0.00118267  0.999066  0.0346101  
8.95232e-07  -0.00177968  8.12911e-10  0.00120314  0.999128  0.0349045  
9.44466e-07  -0.00173177  8.72623e-10  0.0012247  0.999192  0.0352011  
9.96408e-07  -0.00168277  9.36721e-10  0.00124602  0.999257  0.0355022  
1.05121e-06  -0.00163332  1.00553e-09  0.00126797  0.999323  0.035802  
1.10902e-06  -0.00158236  1.07941e-09  0.00129037  0.999391  0.0361098  
1.17001e-06  -0.00153086  1.15874e-09  0.00131322  0.99946  0.0364169  
1.23435e-06  -0.00147824  1.24388e-09  0.00133604  0.999529  0.0367282  
1.30224e-06  -0.00142467  1.3353e-09  0.00135978  0.999601  0.037042  
1.37385e-06  -0.00137034  1.43344e-09  0.00138353  0.999673  0.0373567  
1.44941e-06  -0.00131466  1.5388e-09  0.00140799  0.999747  0.0376772  
1.52912e-06  -0.0012584  1.65192e-09  0.00143267  0.999822  0.0379967  
1.61322e-06  -0.00120066  1.77335e-09  0.00145787  0.999899  0.0383228  
1.70194e-06  -0.0011421  1.90369e-09  0.00148328  0.999976  0.0386497  
1.79553e-06  -0.00108247  2.04363e-09  0.00150943  1.00006  0.0389794  
1.89428e-06  -0.00102163  2.19384e-09  0.00153561  1.00014  0.0393129  
1.99846e-06  -0.000960049  2.3551e-09  0.0015628  1.00022  0.0396463  
2.10836e-06  -0.000896869  2.52821e-09  0.00159005  1.0003  0.0399864  
2.22432e-06  -0.000832894  2.71402e-09  0.00161776  1.00039  0.0403264  
2.34664e-06  -0.000767544  2.91348e-09  0.00164602  1.00047  0.040671  
2.4757e-06  -0.000701072  3.1276e-09  0.00167484  1.00056  0.041018  
2.61185e-06  -0.000633562  3.35743e-09  0.00170399  1.00065  0.0413665  
2.75549e-06  -0.000564572  3.6041e-09  0.00173335  1.00074  0.0417199  
2.90703e-06  -0.000494761  3.86889e-09  0.00176387  1.00084  0.0420728  
3.0669e-06  -0.00042322  4.15312e-09  0.00179445  1.00093  0.0424325  
3.23557e-06  -0.000350607  4.45818e-09  0.00182557  1.00103  0.0427933  
3.41351e-06  -0.000276692  4.78559e-09  0.00185703  1.00113  0.0431571  
3.60124e-06  -0.000201371  5.13699e-09  0.00188933  1.00123  0.0435244  
3.79929e-06  -0.000124986  5.51421e-09  0.00192236  1.00133  0.0438924  
4.00823e-06  -4.6887e-05  5.919e-09  0.00195503  1.00143  0.0442662  
4.22867e-06  3.23037e-05  6.35348e-09  0.00198932  1.00153  0.0446405  
4.46123e-06  0.000113133  6.81975e-09  0.00202327  1.00164  0.0450197  
4.70658e-06  0.00019535  7.32015e-09  0.00205823  1.00175  0.0454014  
4.96542e-06  0.000278888  7.85722e-09  0.00209389  1.00186  0.0457851  
5.23849e-06  0.000364093  8.43359e-09  0.00212985  1.00197  0.0461733  
5.52659e-06  0.000450448  9.05215e-09  0.00216656  1.00209  0.0465616  
5.83052e-06  0.000538717  9.71588e-09  0.00220328  1.00221  0.0469562  
6.15118e-06  0.000628409  1.04282e-08  0.00224178  1.00232  0.0473528  
6.48946e-06  0.000719665  1.11926e-08  0.00227956  1.00244  0.0477523  
6.84635e-06  0.000812604  1.20128e-08  0.00231884  1.00257  0.0481556  
7.22287e-06  0.000906943  1.2893e-08  0.00235852  1.00269  0.0485602  
7.6201e-06  0.00100318  1.38375e-08  0.00239899  1.00282  0.0489698  
8.03917e-06  0.00110085  1.48511e-08  0.00243987  1.00295  0.0493806  
8.48129e-06  0.00120043  1.59386e-08  0.00248151  1.00308  0.0497962  
8.94772e-06  0.00130178  1.71056e-08  0.00252366  1.00321  0.0502152  
9.43981e-06  0.00140474  1.83577e-08  0.00256694  1.00335  0.0506361  
9.95895e-06  0.00150964  1.97012e-08  0.00260998  1.00349  0.0510615  
1.05067e-05  0.0016161  2.11428e-08  0.00265543  1.00363  0.0514878  
1.10845e-05  0.00172465  2.26895e-08  0.00269937  1.00377  0.0519193  
1.16941e-05  0.00183503  2.4349e-08  0.0027458  1.00392  0.0523536  
1.23372e-05  0.00194728  2.61295e-08  0.00279225  1.00407  0.0527907  
1.30157e-05  0.0020616  2.80398e-08  0.00283936  1.00422  0.0532321  
1.37315e-05  0.00217768  3.00893e-08  0.00288728  1.00437  0.0536748  
1.44867e-05  0.00229593  3.22881e-08  0.00293617  1.00452  0.054122  
1.52834e-05  0.00241599  3.4647e-08  0.00298574  1.00468  0.0545705  
1.61239e-05  0.00253828  3.71777e-08  0.00303563  1.00484  0.0550233  
1.70106e-05  0.00266284  3.98925e-08  0.00308706  1.00501  0.0554804  
1.79461e-05  0.00278929  4.28047e-08  0.00313824  1.00517  0.0559386  
1.89331e-05  0.00291807  4.59285e-08  0.00319122  1.00534  0.056401  
1.99743e-05  0.00304884  4.92796e-08  0.00324441  1.00552  0.0568645  
2.10728e-05  0.00318198  5.28739e-08  0.0032981  1.00569  0.0573317  
2.22317e-05  0.00331739  5.67294e-08  0.00335397  1.00587  0.0578016  
2.34544e-05  0.00345502  6.08644e-08  0.00340793  1.00605  0.0582734  
2.47442e-05  0.00359523  6.52988e-08  0.00346539  1.00623  0.0587493  
2.61051e-05  0.00373755  7.00549e-08  0.00352205  1.00642  0.0592256  
2.75407e-05  0.00388244  7.5155e-08  0.00357971  1.00661  0.059705  
2.90554e-05  0.00402961  8.06245e-08  0.00363933  1.0068  0.0601854  
3.06533e-05  0.00417929  8.64886e-08  0.00369607  1.007  0.0606676  
3.23391e-05  0.00433177  9.27752e-08  0.00375842  1.0072  0.0611533  
3.41176e-05  0.0044865  9.95166e-08  0.00381751  1.0074  0.0616383  
3.59939e-05  0.00464407  1.06742e-07  0.003879  1.00761  0.062126  
3.79734e-05  0.00480404  1.14488e-07  0.00394161  1.00782  0.0626134  
4.00617e-05  0.00496675  1.2279e-07  0.00400196  1.00803  0.0631018  
4.2265e-05  0.0051322  1.31686e-07  0.00406812  1.00825  0.063591  
4.45893e-05  0.00530021  1.41222e-07  0.00412795  1.00847  0.0640795  
4.70416e-05  0.0054714  1.51435e-07  0.00419428  1.00869  0.0645699  
4.96286e-05  0.00564503  1.6238e-07  0.00425753  1.00892  0.0650585  
5.2358e-05  0.00582168  1.74101e-07  0.00432196  1.00915  0.0655473  
5.52374e-05  0.00600109  1.86659e-07  0.00439077  1.00938  0.0660352  
5.82753e-05  0.00618334  2.00108e-07  0.00445087  1.00962  0.0665221  
6.14801e-05  0.00636883  2.14504e-07  0.00452258  1.00986  0.0670093  
6.48613e-05  0.00655695  2.29924e-07  0.00458426  1.0101  0.0674944  
6.84283e-05  0.00674842  2.46423e-07  0.00465347  1.01035  0.06798  
7.21916e-05  0.00694266  2.64091e-07  0.0047213  1.0106  0.0684637  
7.61618e-05  0.00714002  2.82997e-07  0.0047858  1.01086  0.0689467  
8.03504e-05  0.00734052  3.03229e-07  0.00486058  1.01111  0.069429  
8.47693e-05  0.0075439  3.24886e-07  0.00491889  1.01138  0.0699088  
8.94312e-05  0.00775096  3.48031e-07  0.00499471  1.01164  0.0703879  
9.43495e-05  0.00796077  3.72809e-07  0.00505853  1.01191  0.0708627  
9.95383e-05  0.008174  3.99291e-07  0.00512735  1.01219  0.0713312  
0.000105013  0.00839035  4.27613e-07  0.00519808  1.01246  0.0717935  
0.000110788  0.00860985  4.57886e-07  0.00525561  1.01274  0.0722442  
0.000116881  0.00883288  4.90208e-07  0.00533256  1.01303  0.0726786  
0.000123308  0.00905887  5.24755e-07  0.00537594  1.01331  0.0730977  
0.00013009  0.00928847  5.61543e-07  0.00544653  1.01361  0.0734729  
0.000137244  0.00952112  6.0082e-07  0.00548997  1.0139  0.0738227  
0.000144792  0.00975703  6.42578e-07  0.0055265  1.01419  0.0740981  
0.000152755  0.0099962  6.86968e-07  0.00558637  1.01449  0.0742999  
0.000161156  0.0102383  7.34068e-07  0.00550928  1.01479  0.0743711  
0.000170019  0.0104835  7.83317e-07  0.00557192  1.01509  0.0740667  
0.000179369  0.0107312  8.33489e-07  0.0043301  1.01538  0.0763117  
0.000189233  0.0109797  8.75307e-07  0.00375466  1.01561  0.0897637  
0.00019964  0.0112314  9.20474e-07  0.00691568  1.01584  0.104746  
0.00021062  0.0114934  1.01141e-06  0.0144086  1.0163  0.116856  
0.000222203  0.0117696  1.18743e-06  0.016034  1.01711  0.126371  
0.000234423  0.0120604  1.39538e-06  0.0185199  1.01801  0.134979  
0.000247315  0.0124149  1.64802e-06  0.0207872  1.01908  0.143298  
0.000260917  0.012787  1.94701e-06  0.0232323  1.02025  0.151314  
0.000275266  0.013216  2.29951e-06  0.0259652  1.02157  0.159942  
0.000290404  0.0136937  2.71507e-06  0.0290176  1.02304  0.16887  
0.000306375  0.0142101  3.20456e-06  0.0322271  1.02467  0.177835  
0.000323224  0.0148253  3.77828e-06  0.0360169  1.02651  0.187835  
0.000341  0.0154684  4.45396e-06  0.0398782  1.02853  0.197472  
0.000359754  0.016231  5.24324e-06  0.0443859  1.03081  0.20823  
0.000379539  0.0170518  6.16956e-06  0.0492452  1.03331  0.218906  
0.000400412  0.0179675  7.25306e-06  0.054437  1.03608  0.230034  
0.000422432  0.0190091  8.51675e-06  0.0605803  1.03917  0.241858  
0.000445664  0.0201068  9.99868e-06  0.0664976  1.04254  0.25326  
0.000470174  0.0214248  1.17148e-05  0.0738513  1.04634  0.266427  
0.000496031  0.0228091  1.37242e-05  0.0812905  1.05048  0.278948  
0.000523311  0.0243878  1.60566e-05  0.0896875  1.05507  0.292531  
0.000552091  0.0261248  1.87707e-05  0.0990492  1.06012  0.306318  
0.000582453  0.0280125  2.1931e-05  0.108567  1.06567  0.320149  
0.000614485  0.0301763  2.5584e-05  0.120057  1.07181  0.335334  
0.000648279  0.0324695  2.98443e-05  0.13124  1.07851  0.349682  
0.000683932  0.0351114  3.47545e-05  0.144615  1.08593  0.365949  
0.000721545  0.0379558  4.04614e-05  0.158626  1.09403  0.381627  
0.000761227  0.0411055  4.70624e-05  0.173761  1.10293  0.398044  
0.000803091  0.044607  5.46872e-05  0.190594  1.1127  0.415152  
0.000847257  0.048376  6.35359e-05  0.209635  1.12337  0.431514  
0.000893853  0.0526533  7.3699e-05  0.228038  1.1351  0.450103  
0.00094301  0.057247  8.54874e-05  0.250738  1.1479  0.467409  
0.000994872  0.0623651  9.90462e-05  0.273169  1.16192  0.486324  
0.00104959  0.0679572  0.000114699  0.298883  1.17724  0.504953  
0.00110731  0.0740648  0.000132759  0.326781  1.19396  0.523607  
0.0011682  0.080827  0.00015351  0.35566  1.21223  0.543514  
0.00123245  0.0881417  0.000177494  0.389775  1.23216  0.561899  
0.00130023  0.0962654  0.000204964  0.42268  1.2539  0.582803  
0.00137174  0.105088  0.000236652  0.462351  1.27761  0.602292  
0.00144718  0.114757  0.000273046  0.503026  1.30343  0.622592  
0.00152676  0.125341  0.000314854  0.5476  1.33156  0.643004  
0.00161073  0.136861  0.000362972  0.59745  1.36221  0.662417  
0.00169931  0.137924  0.000404247  0.629182  1.37581  0.664187  
0.00179277  0.137924  0.000448664  0.660446  1.38819  0.664187  
0.00189136  0.137924  0.000497962  0.693261  1.40121  0.664187  
0.00199538  0.137924  0.000552677  0.727703  1.4149  0.664187  
0.00210511  0.137924  0.000613403  0.763852  1.42931  0.664187  
0.00222089  0.137924  0.000680802  0.801793  1.44447  0.664187  
0.00234303  0.137924  0.000755606  0.841614  1.46042  0.664187  
0.00247188  0.137924  0.00083863  0.883408  1.47719  0.664187  
0.00260782  0.137924  0.000930776  0.927273  1.49484  0.664187  
0.00275124  0.137924  0.00103305  0.973312  1.51341  0.664187  
0.00290255  0.137924  0.00114655  1.02163  1.53294  0.664187  
0.00306218  0.137924  0.00127253  1.07234  1.55349  0.664187  
0.00323058  0.137924  0.00141236  1.12557  1.57511  0.664187  
0.00340825  0.137924  0.00156754  1.18142  1.59785  0.664187  
0.00359569  0.137924  0.00173978  1.24005  1.62178  0.664187  
0.00379344  0.137924  0.00193094  1.30158  1.64695  0.664187  
0.00400206  0.137924  0.0021431  1.36615  1.67342  0.664187  
0.00422215  0.137924  0.00237858  1.43392  1.70128  0.664187  
0.00445435  0.137924  0.00263993  1.50504  1.73059  0.664187  
0.00469932  0.137924  0.00293  1.57968  1.76142  0.664187  
0.00495776  0.137924  0.00325194  1.65802  1.79385  0.664187  
0.00523042  0.137924  0.00360925  1.74023  1.82797  0.664187  
0.00551807  0.137924  0.00400583  1.8265  1.86387  0.664187  
0.00582154  0.137924  0.00444598  1.91705  1.90164  0.664187  
0.0061417  0.137924  0.00493448  2.01207  1.94136  0.664187  
0.00647946  0.137924  0.00547667  2.11178  1.98316  0.664187  
0.0068358  0.137924  0.00607843  2.21643  2.02713  0.664187  
0.00721174  0.137924  0.00674631  2.32625  2.07339  0.664187  
0.00760835  0.137924  0.00748757  2.4415  2.12205  0.664187  
0.00802678  0.137924  0.00831028  2.56245  2.17324  0.664187  
0.00846822  0.137924  0.00922339  2.68937  2.2271  0.664187  
0.00893393  0.137924  0.0102368  2.82256  2.28376  0.664187  
0.00942526  0.137924  0.0113616  2.96234  2.34337  0.664187  
0.0099436  0.137924  0.01261  3.10901  2.40608  0.664187  
0.0104905  0.137924  0.0139955  3.26293  2.47205  0.664187  
0.0110674  0.137924  0.0155333  3.42445  2.54145  0.664187  
0.011676  0.137924  0.0172401  3.59394  2.61446  0.664187  
0.0123182  0.137924  0.0191344  3.77181  2.69127  0.664187  
0.0129956  0.137924  0.0212368  3.95845  2.77207  0.664187  
0.0137103  0.137924  0.0235702  4.1543  2.85708  0.664187  
0.0144643  0.137924  0.0261601  4.35982  2.94652  0.664187  
0.0152598  0.137924  0.0290344  4.57547  3.0406  0.664187  
0.016099  0.137924  0.0322246  4.80177  3.13958  0.664187  
0.0169844  0.137924  0.0357654  5.03923  3.2437  0.664187  
0.0179185  0.137924  0.0396952  5.2884  3.35325  0.664187  
0.0189039  0.137924  0.0440568  5.54986  3.46849  0.664187  
0.0199435  0.137924  0.0488976  5.8242  3.58973  0.664187  
0.0210403  0.137924  0.0542703  6.11208  3.71727  0.664187  
0.0221975  0.137924  0.0602333  6.41414  3.85145  0.664187  
0.0234182  0.137924  0.0668516  6.73109  3.99261  0.664187  
0.0247061  0.137924  0.074197  7.06366  4.14111  0.664187  
0.0260648  0.137924  0.0823496  7.41261  4.29734  0.664187  
0.0274983  0.137924  0.0913979  7.77875  4.46169  0.664187  
0.0290106  0.137924  0.10144  8.16293  4.63459  0.664187  
0.030606  0.137924  0.112586  8.56602  4.81649  0.664187  
0.0322892  0.137924  0.124957  8.98897  5.00785  0.664187  
0.034065  0.137924  0.138687  9.43274  5.20917  0.664187  
0.0359384  0.137924  0.153925  9.89835  5.42096  0.664187  
0.0379149  0.137924  0.170838  10.3869  5.64376  0.664187  
0.04  0.137924  0.189609  10.8995  5.87816  0.664187  
