# PlotEOS table
# ColdTable(filename=input/LS220_cbEoShr.dat)
#[1] rho
#[2] eps
#[3] P
#[4] dP/drho
#[5] h
#[6] cs
1e-13  -0.00941473  2.57309e-19  3.17408e-06  0.990588  0.0163409  
1.055e-13  -0.00941473  2.80078e-19  3.27651e-06  0.990588  0.0163409  
1.11302e-13  -0.00941473  3.04862e-19  3.38226e-06  0.990588  0.0163409  
1.17423e-13  -0.00941473  3.3184e-19  3.49141e-06  0.990588  0.0163409  
1.2388e-13  -0.00941473  3.61205e-19  3.60408e-06  0.990588  0.0163409  
1.30693e-13  -0.00941473  3.93168e-19  3.72039e-06  0.990588  0.0163409  
1.37881e-13  -0.00941473  4.27959e-19  3.84046e-06  0.990588  0.0163409  
1.45464e-13  -0.00941473  4.65829e-19  3.96439e-06  0.990588  0.0163409  
1.53463e-13  -0.00941473  5.07051e-19  4.09233e-06  0.990589  0.0163409  
1.61903e-13  -0.00941473  5.5192e-19  4.22439e-06  0.990589  0.0163409  
1.70807e-13  -0.00941473  6.0076e-19  4.36071e-06  0.990589  0.0163409  
1.80201e-13  -0.00941473  6.53921e-19  4.50143e-06  0.990589  0.0163409  
1.90111e-13  -0.00941473  7.11787e-19  4.64669e-06  0.990589  0.0163409  
2.00566e-13  -0.00941473  7.74773e-19  4.79664e-06  0.990589  0.0163409  
2.11597e-13  -0.00941473  8.43333e-19  4.95142e-06  0.990589  0.0163409  
2.23233e-13  -0.00941473  9.1796e-19  5.1112e-06  0.990589  0.0163409  
2.3551e-13  -0.00941473  9.9919e-19  5.27613e-06  0.99059  0.0163409  
2.48462e-13  -0.00941473  1.08761e-18  5.44638e-06  0.99059  0.0163409  
2.62127e-13  -0.00941473  1.18385e-18  5.62213e-06  0.99059  0.0163409  
2.76542e-13  -0.00941473  1.28861e-18  5.80354e-06  0.99059  0.0163409  
2.91751e-13  -0.00941473  1.40264e-18  5.99081e-06  0.99059  0.0163409  
3.07796e-13  -0.00941473  1.52676e-18  6.18412e-06  0.99059  0.0163409  
3.24723e-13  -0.00941473  1.66187e-18  6.38366e-06  0.99059  0.0163409  
3.42582e-13  -0.00941473  1.80892e-18  6.58964e-06  0.990591  0.0163409  
3.61422e-13  -0.00941473  1.969e-18  6.80227e-06  0.990591  0.0163409  
3.81299e-13  -0.00941473  2.14323e-18  7.02176e-06  0.990591  0.0163409  
4.02269e-13  -0.00941473  2.33289e-18  7.24832e-06  0.990591  0.0163409  
4.24392e-13  -0.00941473  2.53933e-18  7.48219e-06  0.990591  0.0163409  
4.47731e-13  -0.00941473  2.76403e-18  7.72361e-06  0.990591  0.0163409  
4.72354e-13  -0.00941473  3.00862e-18  7.97282e-06  0.990592  0.0163409  
4.98332e-13  -0.00941473  3.27486e-18  8.23006e-06  0.990592  0.0163409  
5.25738e-13  -0.00941473  3.56465e-18  8.4956e-06  0.990592  0.0163409  
5.54651e-13  -0.00941473  3.88009e-18  8.76971e-06  0.990592  0.0163409  
5.85154e-13  -0.00941473  4.22344e-18  9.05266e-06  0.990592  0.0163409  
6.17335e-13  -0.00941473  4.59717e-18  9.34474e-06  0.990593  0.0163409  
6.51286e-13  -0.00941473  5.00398e-18  9.64623e-06  0.990593  0.0163409  
6.87104e-13  -0.00941473  5.44678e-18  9.95745e-06  0.990593  0.0163409  
7.24891e-13  -0.00941473  5.92877e-18  1.02787e-05  0.990593  0.0163409  
7.64757e-13  -0.00941473  6.45341e-18  1.06103e-05  0.990594  0.0163409  
8.06815e-13  -0.00941473  7.02448e-18  1.09527e-05  0.990594  0.0163409  
8.51187e-13  -0.00941473  7.64607e-18  1.1306e-05  0.990594  0.0163409  
8.97998e-13  -0.00941473  8.32268e-18  1.16708e-05  0.990595  0.0163409  
9.47384e-13  -0.00941473  9.05916e-18  1.20473e-05  0.990595  0.0163409  
9.99486e-13  -0.00941473  9.8608e-18  1.2436e-05  0.990595  0.0163409  
1.05445e-12  -0.00941473  1.07334e-17  1.28372e-05  0.990595  0.0163409  
1.11244e-12  -0.00941473  1.16832e-17  1.32513e-05  0.990596  0.0163409  
1.17362e-12  -0.00941473  1.2717e-17  1.36788e-05  0.990596  0.0163409  
1.23817e-12  -0.00941473  1.38424e-17  1.41201e-05  0.990596  0.0163409  
1.30626e-12  -0.00941473  1.50673e-17  1.45756e-05  0.990597  0.0163409  
1.3781e-12  -0.00941473  1.64006e-17  1.50458e-05  0.990597  0.0163409  
1.45389e-12  -0.00941473  1.78519e-17  1.55312e-05  0.990598  0.0163409  
1.53385e-12  -0.00941473  1.94316e-17  1.60323e-05  0.990598  0.0163409  
1.6182e-12  -0.00941473  2.11511e-17  1.65494e-05  0.990598  0.0163409  
1.70719e-12  -0.00941473  2.30228e-17  1.70833e-05  0.990599  0.0163409  
1.80108e-12  -0.00941473  2.50601e-17  1.76344e-05  0.990599  0.0163409  
1.90013e-12  -0.00941473  2.72777e-17  1.82033e-05  0.9906  0.0163409  
2.00463e-12  -0.00941473  2.96915e-17  1.87905e-05  0.9906  0.0163409  
2.11488e-12  -0.00941473  3.23189e-17  1.93966e-05  0.990601  0.0163409  
2.23119e-12  -0.00941473  3.51788e-17  2.00223e-05  0.990601  0.0163409  
2.35389e-12  -0.00941473  3.82918e-17  2.06682e-05  0.990602  0.0163409  
2.48335e-12  -0.00941473  4.16803e-17  2.13349e-05  0.990602  0.0163409  
2.61992e-12  -0.00941473  4.53686e-17  2.20231e-05  0.990603  0.0163409  
2.764e-12  -0.00941473  4.93832e-17  2.27335e-05  0.990603  0.0163409  
2.91601e-12  -0.00941473  5.37532e-17  2.34668e-05  0.990604  0.0163409  
3.07638e-12  -0.00941473  5.85098e-17  2.42238e-05  0.990604  0.0163409  
3.24557e-12  -0.00941473  6.36874e-17  2.50051e-05  0.990605  0.0163409  
3.42406e-12  -0.00941473  6.93231e-17  2.58117e-05  0.990606  0.0163409  
3.61236e-12  -0.00941473  7.54575e-17  2.66443e-05  0.990606  0.0163409  
3.81103e-12  -0.00941473  8.21348e-17  2.75037e-05  0.990607  0.0163409  
4.02062e-12  -0.00941473  8.94029e-17  2.83908e-05  0.990608  0.0163409  
4.24173e-12  -0.00941473  9.73142e-17  2.93066e-05  0.990608  0.0163409  
4.47501e-12  -0.00941473  1.05926e-16  3.02519e-05  0.990609  0.0163409  
4.72112e-12  -0.00941473  1.15299e-16  3.12276e-05  0.99061  0.0163409  
4.98076e-12  -0.00941473  1.25502e-16  3.22349e-05  0.99061  0.0163409  
5.25468e-12  -0.00941473  1.36608e-16  3.32746e-05  0.990611  0.0163409  
5.54366e-12  -0.00941473  1.48696e-16  3.43478e-05  0.990612  0.0163409  
5.84854e-12  -0.00941473  1.61854e-16  3.54556e-05  0.990613  0.0163409  
6.17018e-12  -0.00941473  1.76177e-16  3.65992e-05  0.990614  0.0163409  
6.50951e-12  -0.00941473  1.91767e-16  3.77796e-05  0.990615  0.0163409  
6.86751e-12  -0.00941473  2.08736e-16  3.89981e-05  0.990616  0.0163409  
7.24519e-12  -0.00941473  2.27207e-16  4.02559e-05  0.990617  0.0163409  
7.64364e-12  -0.00941473  2.47313e-16  4.15542e-05  0.990618  0.0163409  
8.06401e-12  -0.00941473  2.69198e-16  4.28945e-05  0.990619  0.0163409  
8.50749e-12  -0.00941473  2.93019e-16  4.42779e-05  0.99062  0.0163409  
8.97537e-12  -0.00941473  3.18949e-16  4.57059e-05  0.990621  0.0163409  
9.46897e-12  -0.00941473  3.47172e-16  4.718e-05  0.990622  0.0163409  
9.98972e-12  -0.00941473  3.77894e-16  4.87016e-05  0.990623  0.0163409  
1.05391e-11  -0.00941473  4.11334e-16  5.02722e-05  0.990624  0.0163409  
1.11187e-11  -0.00941473  4.47733e-16  5.18936e-05  0.990626  0.0163409  
1.17302e-11  -0.00941473  4.87353e-16  5.35671e-05  0.990627  0.0163409  
1.23753e-11  -0.00941473  5.30479e-16  5.52947e-05  0.990628  0.0163409  
1.30559e-11  -0.00941473  5.77421e-16  5.70779e-05  0.99063  0.0163409  
1.37739e-11  -0.00941473  6.28518e-16  5.89187e-05  0.990631  0.0163409  
1.45314e-11  -0.00941473  6.84135e-16  6.08188e-05  0.990632  0.0163409  
1.53306e-11  -0.00941473  7.44675e-16  6.27801e-05  0.990634  0.0163409  
1.61737e-11  -0.00941473  8.10571e-16  6.48047e-05  0.990635  0.0163409  
1.70632e-11  -0.00941473  8.82299e-16  6.68946e-05  0.990637  0.0163409  
1.80016e-11  -0.00941473  9.60374e-16  6.90518e-05  0.990639  0.0163409  
1.89916e-11  -0.00941473  1.04536e-15  7.12786e-05  0.99064  0.0163409  
2.0036e-11  -0.00941473  1.13786e-15  7.35772e-05  0.990642  0.0163409  
2.11379e-11  -0.00941473  1.23855e-15  7.59499e-05  0.990644  0.0163409  
2.23004e-11  -0.00941473  1.34815e-15  7.8399e-05  0.990646  0.0163409  
2.35268e-11  -0.00941473  1.46745e-15  8.09272e-05  0.990648  0.0163409  
2.48207e-11  -0.00941473  1.59731e-15  8.35368e-05  0.99065  0.0163409  
2.61857e-11  -0.00941473  1.73865e-15  8.62306e-05  0.990652  0.0163409  
2.76258e-11  -0.00941473  1.89251e-15  8.90113e-05  0.990654  0.0163409  
2.91451e-11  -0.00941473  2.05997e-15  9.18815e-05  0.990656  0.0163409  
3.0748e-11  -0.00941473  2.24226e-15  9.48444e-05  0.990658  0.0163409  
3.2439e-11  -0.00941473  2.44068e-15  9.79027e-05  0.990661  0.0163409  
3.4223e-11  -0.00941473  2.65666e-15  0.00010106  0.990663  0.0163409  
3.61051e-11  -0.00941473  2.89175e-15  0.000104318  0.990665  0.0163409  
3.80907e-11  -0.00941473  3.14764e-15  0.000107682  0.990668  0.0163409  
4.01855e-11  -0.00941473  3.42617e-15  0.000111154  0.990671  0.0163409  
4.23955e-11  -0.00941473  3.72936e-15  0.000114738  0.990673  0.0163409  
4.47271e-11  -0.00941473  4.05937e-15  0.000118438  0.990676  0.0163409  
4.71869e-11  -0.00941473  4.41858e-15  0.000122257  0.990679  0.0163409  
4.9782e-11  -0.00941473  4.80959e-15  0.000126199  0.990682  0.0163409  
5.25198e-11  -0.00941473  5.23519e-15  0.000130268  0.990685  0.0163409  
5.54081e-11  -0.00941473  5.69845e-15  0.000134468  0.990688  0.0163409  
5.84553e-11  -0.00941473  6.20271e-15  0.000138804  0.990691  0.0163409  
6.16701e-11  -0.00941473  6.75159e-15  0.000143279  0.990695  0.0163409  
6.50617e-11  -0.00941473  7.34904e-15  0.000147899  0.990698  0.0163409  
6.86398e-11  -0.00941473  7.99936e-15  0.000152668  0.990702  0.0163409  
7.24146e-11  -0.00941473  8.70723e-15  0.00015759  0.990706  0.0163409  
7.63971e-11  -0.00941473  9.47773e-15  0.000162671  0.990709  0.0163409  
8.05986e-11  -0.00941473  1.03164e-14  0.000167916  0.990713  0.0163409  
8.50312e-11  -0.00941473  1.12293e-14  0.00017333  0.990717  0.0163409  
8.97075e-11  -0.00941473  1.2223e-14  0.000178918  0.990722  0.0163409  
9.4641e-11  -0.00941473  1.33046e-14  0.000184687  0.990726  0.0163409  
9.98459e-11  -0.00941473  1.4482e-14  0.000190641  0.99073  0.0163409  
1.05337e-10  -0.00941473  1.57635e-14  0.000196787  0.990735  0.0163409  
1.1113e-10  -0.00941473  1.71584e-14  0.000203132  0.99074  0.0163409  
1.17242e-10  -0.00941473  1.86767e-14  0.000209681  0.990745  0.0163409  
1.23689e-10  -0.00941473  2.03295e-14  0.000216441  0.99075  0.0163409  
1.30492e-10  -0.00941473  2.21284e-14  0.000223419  0.990755  0.0163409  
1.37668e-10  -0.00941473  2.40866e-14  0.000230622  0.99076  0.0163409  
1.45239e-10  -0.00941473  2.6218e-14  0.000238057  0.990766  0.0163409  
1.53227e-10  -0.00941473  2.8538e-14  0.000245732  0.990772  0.0163409  
1.61654e-10  -0.00941473  3.10634e-14  0.000253654  0.990777  0.0163409  
1.70544e-10  -0.00940507  3.33516e-14  0.000261112  0.99079  0.016467  
1.79923e-10  -0.00939499  3.58329e-14  0.000266957  0.990804  0.0166127  
1.89818e-10  -0.0093847  3.84988e-14  0.000271868  0.990818  0.016757  
2.00257e-10  -0.00937422  4.1361e-14  0.00027657  0.990832  0.0169039  
2.1127e-10  -0.00936353  4.44348e-14  0.000281606  0.990847  0.0170515  
2.22889e-10  -0.00935264  4.7736e-14  0.000286434  0.990862  0.0171992  
2.35147e-10  -0.00934154  5.12794e-14  0.000291679  0.990877  0.0173502  
2.48079e-10  -0.00933021  5.50858e-14  0.000296985  0.990892  0.0174996  
2.61723e-10  -0.00931868  5.91706e-14  0.000302023  0.990907  0.0176529  
2.76116e-10  -0.00930693  6.35575e-14  0.000307523  0.990923  0.0178057  
2.91301e-10  -0.00929496  6.82671e-14  0.000312705  0.990939  0.0179599  
3.07322e-10  -0.00928276  7.33223e-14  0.00031834  0.990956  0.018116  
3.24223e-10  -0.00927033  7.87515e-14  0.000323709  0.990973  0.0182709  
3.42054e-10  -0.00925769  8.45758e-14  0.000329534  0.99099  0.0184305  
3.60865e-10  -0.0092448  9.0831e-14  0.000335466  0.991007  0.0185885  
3.80711e-10  -0.00923168  9.75433e-14  0.000341048  0.991025  0.0187492  
4.01649e-10  -0.00921832  1.04749e-13  0.000347179  0.991042  0.0189106  
4.23738e-10  -0.00920472  1.12484e-13  0.000352961  0.991061  0.0190721  
4.47041e-10  -0.00919088  1.20782e-13  0.000359225  0.991079  0.019237  
4.71626e-10  -0.00917678  1.29693e-13  0.000365632  0.991098  0.0194002  
4.97564e-10  -0.00916244  1.39251e-13  0.000371654  0.991117  0.0195677  
5.24928e-10  -0.00914764  1.49509e-13  0.000378057  0.991137  0.0197344  
5.53796e-10  -0.00913228  1.60514e-13  0.000384214  0.991158  0.0199026  
5.84253e-10  -0.00911664  1.7232e-13  0.000391003  0.991178  0.0200729  
6.16384e-10  -0.00910072  1.84994e-13  0.000397393  0.991199  0.0202417  
6.50282e-10  -0.00908455  1.98583e-13  0.000404324  0.991221  0.0204156  
6.86045e-10  -0.00906807  2.13171e-13  0.000411412  0.991243  0.0205876  
7.23774e-10  -0.00905133  2.28817e-13  0.000418093  0.991265  0.0207626  
7.63579e-10  -0.00903429  2.45604e-13  0.000425362  0.991287  0.0209383  
8.05572e-10  -0.00901696  2.63618e-13  0.000432207  0.99131  0.021114  
8.49875e-10  -0.00899935  2.82934e-13  0.000439728  0.991334  0.0212934  
8.96614e-10  -0.00898143  3.03666e-13  0.000447366  0.991357  0.0214708  
9.45924e-10  -0.00896322  3.25892e-13  0.000454468  0.991381  0.0216528  
9.97946e-10  -0.0089447  3.49741e-13  0.000462315  0.991406  0.0218338  
1.05283e-09  -0.00892587  3.75321e-13  0.000469698  0.991431  0.0220165  
1.11073e-09  -0.00890674  4.02752e-13  0.000477778  0.991456  0.0222013  
1.17181e-09  -0.00888728  4.32187e-13  0.00048534  0.991482  0.0223846  
1.23626e-09  -0.00886753  4.63734e-13  0.000493658  0.991508  0.0225732  
1.30425e-09  -0.00884743  4.97585e-13  0.000502123  0.991534  0.0227597  
1.37598e-09  -0.00882703  5.33876e-13  0.000509983  0.991561  0.0229494  
1.45165e-09  -0.00880629  5.72797e-13  0.000518656  0.991588  0.0231397  
1.53148e-09  -0.00878521  6.14542e-13  0.000526742  0.991616  0.02333  
1.61571e-09  -0.00876381  6.59286e-13  0.000535667  0.991644  0.0235241  
1.70456e-09  -0.00874205  7.07289e-13  0.000544707  0.991673  0.023716  
1.79831e-09  -0.00871998  7.5873e-13  0.00055319  0.991702  0.0239128  
1.89721e-09  -0.00869754  8.13901e-13  0.000562513  0.991731  0.0241085  
2.00154e-09  -0.00867476  8.7305e-13  0.000571195  0.991761  0.0243059  
2.11162e-09  -0.00865163  9.36452e-13  0.000580741  0.991792  0.0245054  
2.22775e-09  -0.00862778  1.00443e-12  0.000589053  0.991823  0.0247031  
2.35026e-09  -0.0086031  1.0772e-12  0.000598867  0.991855  0.0249064  
2.47952e-09  -0.00857804  1.15525e-12  0.000608761  0.991888  0.0251073  
2.61588e-09  -0.0085526  1.23888e-12  0.000617976  0.991921  0.0253116  
2.75974e-09  -0.00852677  1.32852e-12  0.000628168  0.991955  0.0255163  
2.91152e-09  -0.00850055  1.42461e-12  0.000637614  0.991989  0.0257209  
3.07164e-09  -0.00847395  1.52754e-12  0.00064804  0.992023  0.0259295  
3.24056e-09  -0.00844694  1.63791e-12  0.000658644  0.992059  0.0261356  
3.41878e-09  -0.00841954  1.75612e-12  0.000668457  0.992094  0.0263468  
3.6068e-09  -0.00839174  1.88283e-12  0.000679325  0.99213  0.0265567  
3.80516e-09  -0.00836353  2.01859e-12  0.000689379  0.992167  0.0267682  
4.01442e-09  -0.00833492  2.16403e-12  0.000700515  0.992204  0.0269819  
4.2352e-09  -0.00830589  2.31994e-12  0.000710972  0.992242  0.0271935  
4.46811e-09  -0.00827646  2.48684e-12  0.000722195  0.99228  0.0274111  
4.71384e-09  -0.0082466  2.66576e-12  0.000733902  0.992319  0.0276259  
4.97308e-09  -0.00821633  2.85735e-12  0.000744533  0.992358  0.0278442  
5.24658e-09  -0.00818563  3.06262e-12  0.000756412  0.992398  0.0280627  
5.53512e-09  -0.0081545  3.28254e-12  0.000767296  0.992439  0.028281  
5.83952e-09  -0.00812259  3.51788e-12  0.000778354  0.99248  0.0285032  
6.16067e-09  -0.00808947  3.76983e-12  0.000790714  0.992522  0.0287224  
6.49948e-09  -0.0080559  4.03945e-12  0.000801752  0.992566  0.0289469  
6.85692e-09  -0.00802187  4.32829e-12  0.000814333  0.992609  0.0291696  
7.23402e-09  -0.00798738  4.63754e-12  0.00082571  0.992654  0.0293939  
7.63186e-09  -0.00795243  4.9686e-12  0.000838452  0.992699  0.0296204  
8.05158e-09  -0.00791703  5.32326e-12  0.000850054  0.992744  0.0298444  
8.49438e-09  -0.00788115  5.7026e-12  0.000863229  0.99279  0.0300743  
8.96153e-09  -0.00784482  6.10901e-12  0.000876591  0.992837  0.0303012  
9.45438e-09  -0.00780802  6.54385e-12  0.000888486  0.992884  0.0305315  
9.97433e-09  -0.00777075  7.00938e-12  0.00090207  0.992932  0.0307618  
1.05229e-08  -0.00773302  7.5078e-12  0.000914224  0.99298  0.0309915  
1.11016e-08  -0.00769481  8.04094e-12  0.000928092  0.993029  0.0312253  
1.17121e-08  -0.00765614  8.61197e-12  0.000942323  0.993079  0.0314557  
1.23562e-08  -0.00761607  9.2217e-12  0.000952689  0.99313  0.0316911  
1.30358e-08  -0.00757501  9.87397e-12  0.000967023  0.993182  0.0319242  
1.37527e-08  -0.00753345  1.05717e-11  0.000979353  0.993235  0.0321586  
1.4509e-08  -0.00749139  1.1318e-11  0.000993927  0.993289  0.0323948  
1.53069e-08  -0.00744886  1.21169e-11  0.00100654  0.993343  0.0326283  
1.61488e-08  -0.0074058  1.29704e-11  0.00102139  0.993397  0.0328676  
1.70369e-08  -0.00736228  1.38842e-11  0.00103633  0.993453  0.0331033  
1.79738e-08  -0.00731825  1.48609e-11  0.00104918  0.993509  0.0333421  
1.89623e-08  -0.00727374  1.59056e-11  0.00106454  0.993565  0.0335806  
2.00051e-08  -0.00722875  1.70232e-11  0.00107741  0.993622  0.0338181  
2.11053e-08  -0.00718326  1.82173e-11  0.00109311  0.99368  0.0340593  
2.2266e-08  -0.00713617  1.94929e-11  0.00110592  0.993739  0.0342962  
2.34906e-08  -0.00708795  2.08537e-11  0.00111869  0.9938  0.0345378  
2.47824e-08  -0.00703927  2.23092e-11  0.00113452  0.993861  0.0347769  
2.61454e-08  -0.00699008  2.38645e-11  0.00114751  0.993923  0.0350167  
2.75832e-08  -0.00694039  2.5526e-11  0.00116353  0.993985  0.035258  
2.91002e-08  -0.00689026  2.73032e-11  0.00117649  0.994048  0.0354959  
3.07006e-08  -0.00683957  2.91993e-11  0.00119288  0.994112  0.0357392  
3.2389e-08  -0.00678846  3.12275e-11  0.00120944  0.994176  0.0359783  
3.41702e-08  -0.00673684  3.33927e-11  0.00122274  0.99424  0.0362201  
3.60494e-08  -0.00668375  3.57019e-11  0.00123501  0.994307  0.0364604  
3.8032e-08  -0.00662923  3.8165e-11  0.00124777  0.994374  0.0366986  
4.01236e-08  -0.00657415  4.07924e-11  0.0012644  0.994443  0.0369399  
4.23302e-08  -0.0065187  4.36011e-11  0.0012812  0.994511  0.0371766  
4.46582e-08  -0.0064627  4.65953e-11  0.00129393  0.994581  0.0374177  
4.71142e-08  -0.0064063  4.97944e-11  0.00131109  0.994651  0.0376556  
4.97052e-08  -0.00634945  5.32084e-11  0.00132379  0.994721  0.0378935  
5.24388e-08  -0.00629214  5.68506e-11  0.00134095  0.994792  0.0381321  
5.53227e-08  -0.00623305  6.07316e-11  0.00134762  0.994865  0.0383658  
5.83652e-08  -0.00617255  6.48577e-11  0.00136456  0.994939  0.0386035  
6.1575e-08  -0.00611176  6.92655e-11  0.00138177  0.995013  0.0388363  
6.49614e-08  -0.00605048  7.39619e-11  0.0013936  0.995088  0.0390708  
6.8534e-08  -0.00598884  7.89717e-11  0.00141087  0.995163  0.0393035  
7.2303e-08  -0.00592687  8.43167e-11  0.00142271  0.995239  0.0395337  
7.62794e-08  -0.00586443  9.00083e-11  0.00143998  0.995316  0.0397659  
8.04744e-08  -0.00579989  9.60633e-11  0.00145014  0.995394  0.0399917  
8.49001e-08  -0.00573418  1.02495e-10  0.00146083  0.995473  0.0402203  
8.95693e-08  -0.00566824  1.09356e-10  0.00147783  0.995553  0.0404446  
9.44952e-08  -0.00560198  1.16663e-10  0.00148842  0.995633  0.0406679  
9.9692e-08  -0.00553537  1.24443e-10  0.0015055  0.995713  0.0408906  
1.05175e-07  -0.00546862  1.32742e-10  0.00151587  0.995793  0.0411084  
1.10959e-07  -0.00539971  1.41528e-10  0.00152377  0.995876  0.0413281  
1.17061e-07  -0.00532964  1.50878e-10  0.00154058  0.995959  0.0415413  
1.23499e-07  -0.00525921  1.60816e-10  0.00154947  0.996043  0.0417548  
1.30291e-07  -0.00518863  1.71395e-10  0.00156582  0.996127  0.0419651  
1.37456e-07  -0.00511794  1.82661e-10  0.00157438  0.996211  0.0421718  
1.45016e-07  -0.00504675  1.94621e-10  0.00158087  0.996295  0.0423786  
1.52991e-07  -0.00497281  2.07293e-10  0.00159706  0.996382  0.0425779  
1.61405e-07  -0.00489849  2.2073e-10  0.00160359  0.996469  0.0427781  
1.70281e-07  -0.00482426  2.35036e-10  0.0016197  0.996556  0.0429729  
1.79646e-07  -0.00474995  2.50236e-10  0.00162589  0.996643  0.0431651  
1.89526e-07  -0.00467556  2.66378e-10  0.00164192  0.99673  0.0433549  
1.99949e-07  -0.00459814  2.83442e-10  0.0016346  0.996819  0.0435375  
2.10945e-07  -0.00452037  3.01501e-10  0.00164974  0.996909  0.0437203  
2.22546e-07  -0.00444296  3.20727e-10  0.00166493  0.996998  0.0438962  
2.34785e-07  -0.0043655  3.41102e-10  0.00166839  0.997087  0.0440701  
2.47697e-07  -0.00428716  3.62689e-10  0.00167009  0.997177  0.0442389  
2.61319e-07  -0.00420666  3.85493e-10  0.00167208  0.997269  0.0444022  
2.75691e-07  -0.00412613  4.09622e-10  0.00168603  0.99736  0.0445631  
2.90852e-07  -0.00404618  4.3529e-10  0.00169975  0.99745  0.0447164  
3.06848e-07  -0.0039662  4.6241e-10  0.00170076  0.997541  0.0448678  
3.23723e-07  -0.00388325  4.90996e-10  0.00169972  0.997633  0.0450126  
3.41527e-07  -0.00380039  5.2125e-10  0.001698  0.997726  0.0451525  
3.60309e-07  -0.00371785  5.53265e-10  0.0017108  0.997818  0.0452875  
3.80124e-07  -0.00363609  5.87272e-10  0.00170893  0.997909  0.0454149  
4.0103e-07  -0.00355115  6.22861e-10  0.00170555  0.998002  0.0455403  
4.23084e-07  -0.0034664  6.606e-10  0.00171685  0.998095  0.0456576  
4.46352e-07  -0.00338201  7.00431e-10  0.0017124  0.998187  0.0457699  
4.709e-07  -0.00329837  7.42602e-10  0.00172371  0.998279  0.045875  
4.96797e-07  -0.0032118  7.86888e-10  0.00170108  0.998372  0.0459753  
5.24119e-07  -0.00312521  8.33506e-10  0.00171132  0.998465  0.04607  
5.52943e-07  -0.00303989  8.82978e-10  0.00172151  0.998557  0.0461559  
5.83352e-07  -0.00295426  9.3492e-10  0.0016966  0.998648  0.0462364  
6.15434e-07  -0.0028661  9.8949e-10  0.00170531  0.998742  0.0463117  
6.4928e-07  -0.00277884  1.04706e-09  0.00169519  0.998834  0.0463791  
6.84987e-07  -0.00269247  1.10774e-09  0.00170374  0.998925  0.0464385  
7.22659e-07  -0.00260506  1.17164e-09  0.00167319  0.999016  0.0464913  
7.62402e-07  -0.00251599  1.23829e-09  0.0016804  0.999108  0.0465386  
8.0433e-07  -0.00242865  1.30891e-09  0.00168832  0.999199  0.0465761  
8.48565e-07  -0.00234195  1.38303e-09  0.00164909  0.999288  0.0466046  
8.95232e-07  -0.00225189  1.45993e-09  0.00165087  0.999379  0.0466227  
9.44466e-07  -0.00216344  1.54107e-09  0.00163502  0.999468  0.0466313  
9.96408e-07  -0.00207609  1.62616e-09  0.00164115  0.999556  0.0466299  
1.05121e-06  -0.00198651  1.7124e-09  0.00155135  0.999642  0.046585  
1.10902e-06  -0.00189657  1.8009e-09  0.00153088  0.999727  0.0465161  
1.17001e-06  -0.00180921  1.89448e-09  0.0015377  0.99981  0.0464385  
1.23435e-06  -0.00171874  1.98051e-09  0.00128308  0.999886  0.0462356  
1.30224e-06  -0.00163031  2.06794e-09  0.00129222  0.999958  0.045996  
1.37385e-06  -0.00154258  2.15061e-09  0.00103522  1.00002  0.0456694  
1.44941e-06  -0.00145624  2.22934e-09  0.00104857  1.00008  0.0452707  
1.52912e-06  -0.00137129  2.30446e-09  0.000922954  1.00014  0.044818  
1.61322e-06  -0.00128941  2.37933e-09  0.0008026  1.00019  0.0443307  
1.70194e-06  -0.00120822  2.45148e-09  0.000823477  1.00023  0.0438188  
1.79553e-06  -0.00113034  2.52593e-09  0.000735471  1.00028  0.0433001  
1.89428e-06  -0.00105402  2.59977e-09  0.000758831  1.00032  0.0427674  
1.99846e-06  -0.000979827  2.67671e-09  0.000736433  1.00036  0.0422497  
2.10836e-06  -0.00090819  2.75444e-09  0.000711875  1.0004  0.0417147  
2.22432e-06  -0.00083698  2.83472e-09  0.000700748  1.00044  0.0412082  
2.34664e-06  -0.000769529  2.91877e-09  0.000652346  1.00047  0.0406911  
2.4757e-06  -0.000701597  3.00418e-09  0.000670761  1.00051  0.0401987  
2.61185e-06  -0.000637945  3.09595e-09  0.000628444  1.00055  0.0397047  
2.75549e-06  -0.000572999  3.18755e-09  0.000646172  1.00058  0.0392289  
2.90703e-06  -0.000512637  3.28654e-09  0.000647477  1.00062  0.0387484  
3.0669e-06  -0.000450673  3.38705e-09  0.000623252  1.00065  0.0382996  
3.23557e-06  -0.000392611  3.49342e-09  0.000636606  1.00069  0.0378368  
3.41351e-06  -0.000334288  3.60476e-09  0.000604081  1.00072  0.0374068  
3.60124e-06  -0.000277815  3.7192e-09  0.000615377  1.00075  0.0369659  
3.79929e-06  -0.000223542  3.84168e-09  0.000619843  1.00079  0.0365389  
4.00823e-06  -0.000168364  3.96581e-09  0.000594512  1.00082  0.0361241  
4.22867e-06  -0.000116786  4.09776e-09  0.000602666  1.00085  0.0356977  
4.46123e-06  -6.44905e-05  4.23475e-09  0.000574565  1.00088  0.0352967  
4.70658e-06  -1.33319e-05  4.37652e-09  0.00058054  1.00092  0.0348937  
4.96542e-06  3.45134e-05  4.52683e-09  0.000553242  1.00095  0.0344784  
5.23849e-06  8.43636e-05  4.67905e-09  0.000559784  1.00098  0.034083  
5.52659e-06  0.000132257  4.8407e-09  0.000562312  1.00101  0.0336925  
5.83052e-06  0.00017789  5.00527e-09  0.000532403  1.00104  0.0332709  
6.15118e-06  0.000223655  5.17732e-09  0.000539722  1.00107  0.0328672  
6.48946e-06  0.000269419  5.35676e-09  0.000507053  1.00109  0.0324781  
6.84635e-06  0.000313173  5.53754e-09  0.000505979  1.00112  0.0320528  
7.22287e-06  0.000354093  5.72776e-09  0.000504374  1.00115  0.0316119  
7.6201e-06  0.000397947  5.9197e-09  0.000478648  1.00117  0.031198  
8.03917e-06  0.000440044  6.11927e-09  0.00047402  1.0012  0.0307742  
8.48129e-06  0.000480012  6.32052e-09  0.000435267  1.00123  0.0303143  
8.94772e-06  0.000517796  6.52224e-09  0.000429513  1.00125  0.0298137  
9.43981e-06  0.000557274  6.73589e-09  0.000402788  1.00127  0.0293597  
9.95895e-06  0.000596644  6.94243e-09  0.000393337  1.00129  0.0288724  
1.05067e-05  0.000633668  7.15512e-09  0.00038357  1.00131  0.0283623  
1.10845e-05  0.000668701  7.35981e-09  0.000337919  1.00133  0.0277941  
1.16941e-05  0.000701472  7.56262e-09  0.000327909  1.00135  0.0271812  
1.23372e-05  0.000737848  7.77444e-09  0.000296481  1.00137  0.0266431  
1.30157e-05  0.000772625  7.971e-09  0.000282255  1.00139  0.0260451  
1.37315e-05  0.000805303  8.16821e-09  0.000268748  1.0014  0.0254175  
1.44867e-05  0.00083594  8.34016e-09  0.00021652  1.00141  0.0247068  
1.52834e-05  0.000864387  8.50664e-09  0.000201839  1.00142  0.0239512  
1.61239e-05  0.000891744  8.7693e-09  0.000540033  1.00144  0.023382  
1.70106e-05  0.000920563  9.24811e-09  0.000539958  1.00146  0.0232547  
1.79461e-05  0.000949441  9.75203e-09  0.000526303  1.00149  0.0231263  
1.89331e-05  0.000978177  1.02712e-08  0.000525563  1.00152  0.0229933  
1.99743e-05  0.00100699  1.08181e-08  0.000524826  1.00155  0.0228595  
2.10728e-05  0.00103566  1.13854e-08  0.000512401  1.00158  0.0227329  
2.22317e-05  0.0010643  1.19782e-08  0.000510632  1.0016  0.0226092  
2.34544e-05  0.00109291  1.25991e-08  0.00050158  1.00163  0.0224953  
2.47442e-05  0.00112132  1.3245e-08  0.000499944  1.00166  0.0224076  
2.61051e-05  0.0011498  1.3924e-08  0.000497838  1.00168  0.0223195  
2.75407e-05  0.00117799  1.46361e-08  0.000494894  1.00171  0.0222977  
2.90554e-05  0.00120621  1.53845e-08  0.000493223  1.00174  0.0222847  
3.06533e-05  0.00123431  1.61783e-08  0.00050085  1.00176  0.0223338  
3.23391e-05  0.00126228  1.70212e-08  0.000499129  1.00179  0.022449  
3.41176e-05  0.0012903  1.79117e-08  0.000522601  1.00182  0.0225801  
3.59939e-05  0.00131815  1.88922e-08  0.000522606  1.00184  0.02289  
3.79734e-05  0.00134607  1.99264e-08  0.000522632  1.00187  0.0231957  
4.00617e-05  0.00137404  2.10851e-08  0.000570213  1.0019  0.0236869  
4.2265e-05  0.00140208  2.23444e-08  0.000572902  1.00193  0.0242536  
4.45893e-05  0.00143029  2.37295e-08  0.000651327  1.00196  0.0249119  
4.70416e-05  0.00145885  2.5336e-08  0.000658858  1.002  0.0258086  
4.96286e-05  0.00148749  2.70513e-08  0.000666921  1.00203  0.0266751  
5.2358e-05  0.00151712  2.91534e-08  0.000791105  1.00207  0.0279099  
5.52374e-05  0.00154694  3.14572e-08  0.000809223  1.00212  0.0291416  
5.82753e-05  0.0015778  3.41624e-08  0.000978302  1.00216  0.0305836  
6.14801e-05  0.00160976  3.73553e-08  0.00101405  1.00222  0.0322232  
6.48613e-05  0.0016421  4.08986e-08  0.00122892  1.00227  0.0338364  
6.84283e-05  0.00167756  4.53964e-08  0.00129284  1.00234  0.0359199  
7.21916e-05  0.00171312  5.03888e-08  0.00136028  1.00241  0.0378886  
7.61618e-05  0.0017523  5.65118e-08  0.00165531  1.00249  0.0402249  
8.03504e-05  0.00179321  6.36808e-08  0.00176807  1.00259  0.0426332  
8.47693e-05  0.00183641  7.20396e-08  0.00211263  1.00269  0.0451335  
8.94312e-05  0.00188513  8.22943e-08  0.00228751  1.00281  0.0480244  
9.43495e-05  0.00193406  9.40088e-08  0.00247686  1.00293  0.0507501  
9.95383e-05  0.00199258  1.08473e-07  0.00293967  1.00308  0.0541038  
0.000105013  0.00205262  1.25325e-07  0.00321916  1.00325  0.057353  
0.000110788  0.00212008  1.45445e-07  0.00376719  1.00343  0.0609723  
0.000116881  0.0021955  1.69598e-07  0.00416353  1.00365  0.0649284  
0.000123308  0.00227313  1.97909e-07  0.00486549  1.00388  0.0687974  
0.00013009  0.00236974  2.32779e-07  0.00542406  1.00416  0.0738728  
0.000137244  0.00246712  2.73793e-07  0.00604676  1.00446  0.0786179  
0.000144792  0.00258576  3.20431e-07  0.00640864  1.0048  0.0859624  
0.000152755  0.00271498  3.74161e-07  0.00709274  1.00516  0.0939075  
0.000161156  0.00285562  4.42148e-07  0.0100743  1.0056  0.101091  
0.000170019  0.00302317  5.38203e-07  0.0116225  1.00619  0.107476  
0.000179369  0.00319293  6.55126e-07  0.0134136  1.00685  0.113491  
0.000189233  0.0034173  7.90687e-07  0.0145945  1.0076  0.121017  
0.00019964  0.0036523  9.53269e-07  0.0166766  1.00843  0.128304  
0.00021062  0.00392712  1.14558e-06  0.0183293  1.00937  0.135909  
0.000222203  0.00424583  1.37204e-06  0.0208062  1.01042  0.14381  
0.000234423  0.00457961  1.6424e-06  0.0228301  1.01159  0.151442  
0.000247315  0.00500294  1.95545e-06  0.0257622  1.01291  0.160302  
0.000260917  0.0054387  2.32816e-06  0.0290807  1.01436  0.168664  
0.000275266  0.00595921  2.76236e-06  0.0317615  1.01599  0.177939  
0.000290404  0.0065312  3.2724e-06  0.0356613  1.0178  0.187288  
0.000306375  0.00715804  3.87181e-06  0.0389875  1.0198  0.196763  
0.000323224  0.00789654  4.56703e-06  0.0435869  1.02203  0.207194  
0.000341  0.00866709  5.38707e-06  0.0487286  1.02446  0.217061  
0.000359754  0.00959176  6.33335e-06  0.0530726  1.0272  0.22842  
0.000379539  0.0105785  7.44277e-06  0.0591316  1.03019  0.23939  
0.000400412  0.0116963  8.68458e-06  0.0614594  1.03339  0.25048  
0.000422432  0.0129402  1.01112e-05  0.068163  1.03688  0.262045  
0.000445664  0.014252  1.17769e-05  0.0736702  1.04068  0.2732  
0.000470174  0.0157686  1.36785e-05  0.0815593  1.04486  0.286015  
0.000496031  0.0173885  1.58955e-05  0.0900618  1.04943  0.298057  
0.000523311  0.0192153  1.84368e-05  0.0970848  1.05445  0.311297  
0.000552091  0.0211954  2.13761e-05  0.10726  1.05991  0.324564  
0.000582453  0.0233428  2.47759e-05  0.115537  1.06588  0.33792  
0.000614485  0.0257758  2.86639e-05  0.127296  1.07242  0.352486  
0.000648279  0.0283532  3.31845e-05  0.140293  1.07954  0.366155  
0.000683932  0.0312562  3.83357e-05  0.15103  1.08731  0.381784  
0.000721545  0.0344046  4.42981e-05  0.166133  1.0958  0.396712  
0.000761227  0.0378395  5.11464e-05  0.178919  1.10503  0.412371  
0.000803091  0.0416289  5.90035e-05  0.196578  1.1151  0.428647  
0.000847257  0.0457124  6.80915e-05  0.211779  1.12608  0.444151  
0.000893853  0.050248  7.84332e-05  0.232276  1.138  0.461845  
0.00094301  0.0551561  9.0402e-05  0.254743  1.15102  0.478245  
0.000994872  0.0605314  0.000104073  0.274284  1.16514  0.496156  
0.00104959  0.0664095  0.000119795  0.300533  1.18055  0.51384  
0.00110731  0.0727712  0.000137871  0.323534  1.19728  0.531387  
0.0011682  0.0797813  0.000158507  0.354337  1.21547  0.550391  
0.00123245  0.0873326  0.000182332  0.387649  1.23528  0.567794  
0.00130023  0.0956535  0.000209446  0.417298  1.25674  0.587642  
0.00137174  0.104653  0.000240666  0.456004  1.2801  0.606149  
0.00144718  0.114472  0.000276412  0.491452  1.30547  0.625293  
0.00152676  0.125164  0.000317303  0.536464  1.33299  0.64489  
0.00161073  0.136761  0.000364373  0.578148  1.36298  0.662991  
0.00169931  0.137882  0.000405609  0.609044  1.37657  0.664984  
0.00179277  0.137882  0.000450164  0.639433  1.38898  0.664984  
0.00189136  0.137882  0.000499612  0.671337  1.40204  0.664984  
0.00199538  0.137882  0.000554492  0.704829  1.41577  0.664984  
0.00210511  0.137882  0.000615401  0.739989  1.43022  0.664984  
0.00222089  0.137882  0.000683  0.7769  1.44542  0.664984  
0.00234303  0.137882  0.000758024  0.815649  1.46141  0.664984  
0.00247188  0.137882  0.00084129  0.856327  1.47823  0.664984  
0.00260782  0.137882  0.000933702  0.89903  1.49592  0.664984  
0.00275124  0.137882  0.00103626  0.943858  1.51454  0.664984  
0.00290255  0.137882  0.00115009  0.990918  1.53412  0.664984  
0.00306218  0.137882  0.00127643  1.04032  1.55472  0.664984  
0.00323058  0.137882  0.00141664  1.09218  1.57639  0.664984  
0.00340825  0.137882  0.00157225  1.14662  1.59919  0.664984  
0.00359569  0.137882  0.00174495  1.20377  1.62317  0.664984  
0.00379344  0.137882  0.00193663  1.26376  1.6484  0.664984  
0.00400206  0.137882  0.00214936  1.32674  1.67494  0.664984  
0.00422215  0.137882  0.00238545  1.39285  1.70287  0.664984  
0.00445435  0.137882  0.00264749  1.46225  1.73224  0.664984  
0.00469932  0.137882  0.0029383  1.5351  1.76314  0.664984  
0.00495776  0.137882  0.00326106  1.61157  1.79565  0.664984  
0.00523042  0.137882  0.00361927  1.69184  1.82985  0.664984  
0.00551807  0.137882  0.00401683  1.7761  1.86582  0.664984  
0.00582154  0.137882  0.00445806  1.86456  1.90367  0.664984  
0.0061417  0.137882  0.00494776  1.9574  1.94348  0.664984  
0.00647946  0.137882  0.00549125  2.05487  1.98537  0.664984  
0.0068358  0.137882  0.00609444  2.15718  2.02943  0.664984  
0.00721174  0.137882  0.00676389  2.26457  2.07578  0.664984  
0.00760835  0.137882  0.00750687  2.37729  2.12454  0.664984  
0.00802678  0.137882  0.00833146  2.49562  2.17584  0.664984  
0.00846822  0.137882  0.00924664  2.61982  2.2298  0.664984  
0.00893393  0.137882  0.0102623  2.7502  2.28657  0.664984  
0.00942526  0.137882  0.0113896  2.88705  2.3463  0.664984  
0.0099436  0.137882  0.0126407  3.03069  2.40912  0.664984  
0.0104905  0.137882  0.0140292  3.18147  2.47521  0.664984  
0.0110674  0.137882  0.0155703  3.33973  2.54474  0.664984  
0.011676  0.137882  0.0172806  3.50585  2.61789  0.664984  
0.0123182  0.137882  0.0191788  3.68022  2.69483  0.664984  
0.0129956  0.137882  0.0212855  3.86324  2.77578  0.664984  
0.0137103  0.137882  0.0236236  4.05534  2.86094  0.664984  
0.0144643  0.137882  0.0262186  4.25698  2.95052  0.664984  
0.0152598  0.137882  0.0290986  4.46862  3.04476  0.664984  
0.016099  0.137882  0.0322949  4.69076  3.1439  0.664984  
0.0169844  0.137882  0.0358424  4.92392  3.24819  0.664984  
0.0179185  0.137882  0.0397795  5.16864  3.35791  0.664984  
0.0189039  0.137882  0.0441491  5.42551  3.47333  0.664984  
0.0199435  0.137882  0.0489987  5.69511  3.59475  0.664984  
0.0210403  0.137882  0.054381  5.97808  3.72249  0.664984  
0.0221975  0.137882  0.0603545  6.27507  3.85686  0.664984  
0.0234182  0.137882  0.0669841  6.58679  3.99823  0.664984  
0.0247061  0.137882  0.074342  6.91397  4.14694  0.664984  
0.0260648  0.137882  0.0825082  7.25736  4.30338  0.664984  
0.0274983  0.137882  0.0915713  7.61776  4.46796  0.664984  
0.0290106  0.137882  0.10163  7.99603  4.64109  0.664984  
0.030606  0.137882  0.112794  8.39303  4.82322  0.664984  
0.0322892  0.137882  0.125184  8.80971  5.01483  0.664984  
0.034065  0.137882  0.138934  9.24702  5.21639  0.664984  
0.0359384  0.137882  0.154196  9.70599  5.42844  0.664984  
0.0379149  0.137882  0.171133  10.1877  5.65151  0.664984  
0.04  0.137882  0.189932  10.6933  5.88617  0.664984  
