#Output from TOVSequence
# [1] rho_c (baryon)
# [2] M (gravitational)
# [3] r_star (schwarzschild)
0.001  1.17362  8.18085
0.00103619  1.21953  8.19677
0.00107368  1.2656  8.20872
0.00111253  1.31126  8.21661
0.00115279  1.35644  8.22045
0.0011945  1.40133  8.22027
0.00123773  1.44575  8.21606
0.00128251  1.48903  8.20796
0.00132892  1.53149  8.19592
0.00137701  1.57306  8.17995
0.00142684  1.61342  8.16019
0.00147847  1.65224  8.13686
0.00153197  1.68976  8.10982
0.0015874  1.72589  8.07913
0.00164484  1.76016  8.04524
0.00170436  1.79267  8.00809
0.00176603  1.82347  7.96763
0.00182994  1.85243  7.92409
0.00189616  1.87923  7.87801
0.00196477  1.90412  7.82907
0.00203586  1.92702  7.77741
0.00210953  1.94781  7.7235
0.00218587  1.96647  7.66752
0.00226496  1.98309  7.60934
0.00234692  1.99769  7.54907
0.00243185  2.01014  7.4875
0.00251984  2.02059  7.42433
0.00261102  2.02907  7.35961
0.0027055  2.0356  7.29371
0.0028034  2.04023  7.22711
0.00290485  2.04303  7.15949
0.00300996  2.04407  7.09105
0.00311887  2.04342  7.02231
0.00323173  2.04115  6.9533
0.00334867  2.03734  6.88394
0.00346985  2.03206  6.8144
0.0035954  2.02544  6.74536
0.0037255  2.01752  6.67643
0.00386031  2.00838  6.60773
0.004  1.99815  6.53966
