# PlotEOS table
# SpectralFit(CoefficientsFile=input/LS_extHighrho_constT-coeff36.input;)
#[1] rho
#[2] eps
#[3] P
#[4] dP/drho
#[5] h
#[6] cs
1e-13  -0.0098856  1.26046e-18  1.71693e-05  0.990127  0.00416419  
1.055e-13  -0.00988492  1.35581e-18  1.75054e-05  0.990128  0.00420475  
1.11302e-13  -0.00988423  1.45838e-18  1.78481e-05  0.990129  0.00424571  
1.17423e-13  -0.00988352  1.5687e-18  1.81975e-05  0.99013  0.00428706  
1.2388e-13  -0.00988279  1.68738e-18  1.85537e-05  0.990131  0.00432882  
1.30693e-13  -0.00988206  1.81502e-18  1.8917e-05  0.990132  0.00437098  
1.37881e-13  -0.00988131  1.95233e-18  1.92873e-05  0.990133  0.00441356  
1.45464e-13  -0.00988054  2.10002e-18  1.96649e-05  0.990134  0.00445655  
1.53463e-13  -0.00987976  2.25889e-18  2.00499e-05  0.990135  0.00449996  
1.61903e-13  -0.00987897  2.42977e-18  2.04424e-05  0.990136  0.00454379  
1.70807e-13  -0.00987815  2.61358e-18  2.08426e-05  0.990137  0.00458805  
1.80201e-13  -0.00987733  2.81129e-18  2.12506e-05  0.990138  0.00463274  
1.90111e-13  -0.00987648  3.02397e-18  2.16667e-05  0.990139  0.00467787  
2.00566e-13  -0.00987562  3.25273e-18  2.20908e-05  0.990141  0.00472343  
2.11597e-13  -0.00987475  3.49879e-18  2.25233e-05  0.990142  0.00476944  
2.23233e-13  -0.00987385  3.76347e-18  2.29642e-05  0.990143  0.00481589  
2.3551e-13  -0.00987294  4.04818e-18  2.34138e-05  0.990144  0.0048628  
2.48462e-13  -0.00987201  4.35442e-18  2.38722e-05  0.990146  0.00491017  
2.62127e-13  -0.00987107  4.68383e-18  2.43395e-05  0.990147  0.004958  
2.76542e-13  -0.0098701  5.03815e-18  2.4816e-05  0.990148  0.00500629  
2.91751e-13  -0.00986911  5.41929e-18  2.53018e-05  0.990149  0.00505505  
3.07796e-13  -0.00986811  5.82925e-18  2.57972e-05  0.990151  0.00510429  
3.24723e-13  -0.00986709  6.27023e-18  2.63022e-05  0.990152  0.00515401  
3.42582e-13  -0.00986604  6.74457e-18  2.68171e-05  0.990154  0.00520421  
3.61422e-13  -0.00986498  7.25479e-18  2.73421e-05  0.990155  0.0052549  
3.81299e-13  -0.00986389  7.80361e-18  2.78774e-05  0.990157  0.00530608  
4.02269e-13  -0.00986279  8.39394e-18  2.84232e-05  0.990158  0.00535777  
4.24392e-13  -0.00986166  9.02894e-18  2.89796e-05  0.99016  0.00540995  
4.47731e-13  -0.00986051  9.71197e-18  2.95469e-05  0.990161  0.00546265  
4.72354e-13  -0.00985934  1.04467e-17  3.01254e-05  0.990163  0.00551586  
4.98332e-13  -0.00985814  1.1237e-17  3.07151e-05  0.990164  0.00556958  
5.25738e-13  -0.00985692  1.2087e-17  3.13164e-05  0.990166  0.00562383  
5.54651e-13  -0.00985568  1.30014e-17  3.19295e-05  0.990168  0.00567861  
5.85154e-13  -0.00985441  1.39849e-17  3.25546e-05  0.990169  0.00573392  
6.17335e-13  -0.00985312  1.50429e-17  3.31919e-05  0.990171  0.00578977  
6.51286e-13  -0.0098518  1.61809e-17  3.38417e-05  0.990173  0.00584616  
6.87104e-13  -0.00985046  1.74049e-17  3.45042e-05  0.990175  0.0059031  
7.24891e-13  -0.00984909  1.87216e-17  3.51797e-05  0.990177  0.0059606  
7.64757e-13  -0.00984769  2.01379e-17  3.58684e-05  0.990179  0.00601866  
8.06815e-13  -0.00984627  2.16613e-17  3.65706e-05  0.990181  0.00607728  
8.51187e-13  -0.00984482  2.33e-17  3.72866e-05  0.990183  0.00613647  
8.97998e-13  -0.00984334  2.50626e-17  3.80165e-05  0.990185  0.00619624  
9.47384e-13  -0.00984183  2.69585e-17  3.87608e-05  0.990187  0.00625659  
9.99486e-13  -0.00984029  2.89979e-17  3.95196e-05  0.990189  0.00631753  
1.05445e-12  -0.00983872  3.11916e-17  4.02933e-05  0.990191  0.00637906  
1.11244e-12  -0.00983712  3.35512e-17  4.10821e-05  0.990193  0.0064412  
1.17362e-12  -0.00983549  3.60893e-17  4.18864e-05  0.990195  0.00650393  
1.23817e-12  -0.00983383  3.88195e-17  4.27064e-05  0.990198  0.00656728  
1.30626e-12  -0.00983214  4.17561e-17  4.35425e-05  0.9902  0.00663124  
1.3781e-12  -0.00983041  4.4915e-17  4.43949e-05  0.990202  0.00669583  
1.45389e-12  -0.00982865  4.83127e-17  4.5264e-05  0.990205  0.00676105  
1.53385e-12  -0.00982685  5.19675e-17  4.61501e-05  0.990207  0.0068269  
1.6182e-12  -0.00982502  5.58989e-17  4.70536e-05  0.99021  0.00689339  
1.70719e-12  -0.00982315  6.01276e-17  4.79748e-05  0.990212  0.00696053  
1.80108e-12  -0.00982125  6.46762e-17  4.8914e-05  0.990215  0.00702833  
1.90013e-12  -0.00981931  6.95689e-17  4.98716e-05  0.990217  0.00709678  
2.00463e-12  -0.00981733  7.48317e-17  5.08479e-05  0.99022  0.0071659  
2.11488e-12  -0.00981531  8.04926e-17  5.18434e-05  0.990223  0.00723569  
2.23119e-12  -0.00981325  8.65818e-17  5.28583e-05  0.990226  0.00730617  
2.35389e-12  -0.00981115  9.31317e-17  5.38931e-05  0.990228  0.00737733  
2.48335e-12  -0.00980902  1.00177e-16  5.49482e-05  0.990231  0.00744918  
2.61992e-12  -0.00980683  1.07755e-16  5.60239e-05  0.990234  0.00752173  
2.764e-12  -0.00980461  1.15907e-16  5.71207e-05  0.990237  0.00759499  
2.91601e-12  -0.00980234  1.24675e-16  5.82389e-05  0.99024  0.00766896  
3.07638e-12  -0.00980003  1.34107e-16  5.93791e-05  0.990244  0.00774365  
3.24557e-12  -0.00979768  1.44252e-16  6.05415e-05  0.990247  0.00781907  
3.42406e-12  -0.00979527  1.55164e-16  6.17268e-05  0.99025  0.00789522  
3.61236e-12  -0.00979282  1.66902e-16  6.29352e-05  0.990253  0.00797212  
3.81103e-12  -0.00979033  1.79528e-16  6.41673e-05  0.990257  0.00804976  
4.02062e-12  -0.00978778  1.9311e-16  6.54235e-05  0.99026  0.00812816  
4.24173e-12  -0.00978518  2.07718e-16  6.67043e-05  0.990264  0.00820732  
4.47501e-12  -0.00978254  2.23432e-16  6.80101e-05  0.990267  0.00828725  
4.72112e-12  -0.00977984  2.40334e-16  6.93416e-05  0.990271  0.00836796  
4.98076e-12  -0.00977709  2.58515e-16  7.06991e-05  0.990275  0.00844946  
5.25468e-12  -0.00977428  2.78072e-16  7.20831e-05  0.990279  0.00853175  
5.54366e-12  -0.00977142  2.99108e-16  7.34943e-05  0.990283  0.00861484  
5.84854e-12  -0.0097685  3.21735e-16  7.49331e-05  0.990287  0.00869874  
6.17018e-12  -0.00976553  3.46074e-16  7.64001e-05  0.990291  0.00878346  
6.50951e-12  -0.0097625  3.72254e-16  7.78958e-05  0.990295  0.008869  
6.86751e-12  -0.0097594  4.00415e-16  7.94207e-05  0.990299  0.00895537  
7.24519e-12  -0.00975625  4.30706e-16  8.09755e-05  0.990303  0.00904259  
7.64364e-12  -0.00975304  4.63289e-16  8.25608e-05  0.990308  0.00913065  
8.06401e-12  -0.00974976  4.98336e-16  8.41771e-05  0.990312  0.00921958  
8.50749e-12  -0.00974642  5.36035e-16  8.5825e-05  0.990317  0.00930936  
8.97537e-12  -0.00974302  5.76585e-16  8.75052e-05  0.990321  0.00940002  
9.46897e-12  -0.00973954  6.20204e-16  8.92183e-05  0.990326  0.00949157  
9.98972e-12  -0.009736  6.67122e-16  9.09649e-05  0.990331  0.009584  
1.05391e-11  -0.00973239  7.17589e-16  9.27458e-05  0.990336  0.00967734  
1.11187e-11  -0.00972871  7.71874e-16  9.45614e-05  0.990341  0.00977158  
1.17302e-11  -0.00972496  8.30265e-16  9.64127e-05  0.990346  0.00986674  
1.23753e-11  -0.00972113  8.93074e-16  9.83001e-05  0.990351  0.00996282  
1.30559e-11  -0.00971723  9.60635e-16  0.000100225  0.990356  0.0100598  
1.37739e-11  -0.00971325  1.03331e-15  0.000102187  0.990362  0.0101578  
1.45314e-11  -0.0097092  1.11147e-15  0.000104187  0.990367  0.0102567  
1.53306e-11  -0.00970506  1.19556e-15  0.000106227  0.990373  0.0103566  
1.61737e-11  -0.00970085  1.286e-15  0.000108306  0.990379  0.0104575  
1.70632e-11  -0.00969655  1.38328e-15  0.000110427  0.990385  0.0105593  
1.80016e-11  -0.00969217  1.48793e-15  0.000112589  0.99039  0.0106621  
1.89916e-11  -0.0096877  1.60049e-15  0.000114793  0.990397  0.010766  
2.0036e-11  -0.00968314  1.72157e-15  0.00011704  0.990403  0.0108708  
2.11379e-11  -0.0096785  1.8518e-15  0.000119331  0.990409  0.0109767  
2.23004e-11  -0.00967376  1.99189e-15  0.000121667  0.990416  0.0110835  
2.35268e-11  -0.00966893  2.14257e-15  0.000124049  0.990422  0.0111915  
2.48207e-11  -0.00966401  2.30466e-15  0.000126478  0.990429  0.0113004  
2.61857e-11  -0.00965899  2.479e-15  0.000128954  0.990436  0.0114105  
2.76258e-11  -0.00965387  2.66654e-15  0.000131478  0.990443  0.0115216  
2.91451e-11  -0.00964865  2.86826e-15  0.000134052  0.99045  0.0116338  
3.0748e-11  -0.00964333  3.08524e-15  0.000136677  0.990457  0.0117471  
3.2439e-11  -0.00963791  3.31863e-15  0.000139352  0.990464  0.0118615  
3.4223e-11  -0.00963238  3.56969e-15  0.000142081  0.990472  0.011977  
3.61051e-11  -0.00962674  3.83973e-15  0.000144862  0.99048  0.0120936  
3.80907e-11  -0.00962099  4.1302e-15  0.000147698  0.990487  0.0122113  
4.01855e-11  -0.00961513  4.44265e-15  0.00015059  0.990495  0.0123302  
4.23955e-11  -0.00960915  4.77873e-15  0.000153538  0.990504  0.0124503  
4.47271e-11  -0.00960306  5.14024e-15  0.000156543  0.990512  0.0125715  
4.71869e-11  -0.00959685  5.52909e-15  0.000159608  0.99052  0.0126939  
4.9782e-11  -0.00959051  5.94736e-15  0.000162733  0.990529  0.0128175  
5.25198e-11  -0.00958406  6.39728e-15  0.000165919  0.990538  0.0129423  
5.54081e-11  -0.00957747  6.88123e-15  0.000169167  0.990547  0.0130683  
5.84553e-11  -0.00957076  7.40179e-15  0.000172479  0.990556  0.0131956  
6.16701e-11  -0.00956391  7.96172e-15  0.000175855  0.990565  0.013324  
6.50617e-11  -0.00955693  8.56402e-15  0.000179298  0.990575  0.0134538  
6.86398e-11  -0.00954982  9.21188e-15  0.000182808  0.990584  0.0135848  
7.24146e-11  -0.00954256  9.90876e-15  0.000186387  0.990594  0.013717  
7.63971e-11  -0.00953516  1.06583e-14  0.000190036  0.990604  0.0138506  
8.05986e-11  -0.00952762  1.14646e-14  0.000193756  0.990615  0.0139854  
8.50312e-11  -0.00951993  1.23319e-14  0.000197549  0.990625  0.0141216  
8.97075e-11  -0.00951209  1.32648e-14  0.000201417  0.990636  0.0142591  
9.4641e-11  -0.0095041  1.42683e-14  0.00020536  0.990647  0.0143979  
9.98459e-11  -0.00949595  1.53477e-14  0.00020938  0.990658  0.014538  
1.05337e-10  -0.00948764  1.65087e-14  0.000213479  0.990669  0.0146796  
1.1113e-10  -0.00947917  1.77576e-14  0.000217658  0.990681  0.0148225  
1.17242e-10  -0.00947053  1.91009e-14  0.000221919  0.990692  0.0149668  
1.23689e-10  -0.00946172  2.05459e-14  0.000226264  0.990704  0.0151125  
1.30492e-10  -0.00945274  2.21002e-14  0.000230694  0.990717  0.0152596  
1.37668e-10  -0.00944359  2.37721e-14  0.00023521  0.990729  0.0154081  
1.45239e-10  -0.00943425  2.55704e-14  0.000239815  0.990742  0.0155581  
1.53227e-10  -0.00942474  2.75048e-14  0.000244509  0.990755  0.0157096  
1.61654e-10  -0.00941503  2.95855e-14  0.000249296  0.990768  0.0158625  
1.70544e-10  -0.00940508  3.17984e-14  0.000263867  0.990781  0.0163194  
1.79923e-10  -0.00939499  3.42782e-14  0.000262606  0.990796  0.0162802  
1.89818e-10  -0.00938469  3.6854e-14  0.000259005  0.990809  0.0161681  
2.00257e-10  -0.0093742  3.957e-14  0.000262494  0.990823  0.0162765  
2.1127e-10  -0.00936353  4.25068e-14  0.000271292  0.990838  0.0165469  
2.22889e-10  -0.00935265  4.5718e-14  0.000281243  0.990852  0.0168475  
2.35147e-10  -0.00934156  4.92181e-14  0.000289311  0.990868  0.0170873  
2.48079e-10  -0.00933024  5.29958e-14  0.000294375  0.990883  0.0172361  
2.61723e-10  -0.00931869  5.70315e-14  0.000296864  0.990899  0.0173087  
2.76116e-10  -0.00930691  6.13137e-14  0.000298047  0.990915  0.017343  
2.91301e-10  -0.00929491  6.58488e-14  0.000299389  0.990931  0.0173819  
3.07322e-10  -0.00928271  7.06646e-14  0.000302105  0.990947  0.0174604  
3.24223e-10  -0.00927029  7.58085e-14  0.000306934  0.990964  0.0175992  
3.42054e-10  -0.00925767  8.13424e-14  0.000314096  0.99098  0.0178032  
3.60865e-10  -0.00924483  8.7336e-14  0.000323369  0.990997  0.018064  
3.80711e-10  -0.00923175  9.38601e-14  0.00033422  0.991015  0.0183644  
4.01649e-10  -0.00921842  1.00981e-13  0.000345955  0.991033  0.0186838  
4.23738e-10  -0.00920482  1.08756e-13  0.00035786  0.991052  0.0190024  
4.47041e-10  -0.00919094  1.17231e-13  0.000369295  0.991071  0.0193034  
4.71626e-10  -0.00917674  1.26442e-13  0.000379768  0.991091  0.019575  
4.97564e-10  -0.00916223  1.36416e-13  0.000388959  0.991112  0.0198103  
5.24928e-10  -0.00914738  1.4717e-13  0.000396727  0.991133  0.0200069  
5.53796e-10  -0.00913221  1.58719e-13  0.000403087  0.991154  0.0201664  
5.84253e-10  -0.0091167  1.71076e-13  0.000408183  0.991176  0.0202933  
6.16384e-10  -0.00910086  1.8426e-13  0.000412246  0.991198  0.0203938  
6.50282e-10  -0.00908469  1.98293e-13  0.000415565  0.99122  0.0204755  
6.86045e-10  -0.00906821  2.13208e-13  0.000418451  0.991243  0.0205463  
7.23774e-10  -0.00905142  2.29048e-13  0.00042121  0.991265  0.0206136  
7.63579e-10  -0.00903433  2.45872e-13  0.000424124  0.991288  0.0206846  
8.05572e-10  -0.00901694  2.6375e-13  0.000427436  0.99131  0.0207649  
8.49875e-10  -0.00899927  2.82772e-13  0.000431346  0.991333  0.0208595  
8.96614e-10  -0.00898132  3.03039e-13  0.000436003  0.991357  0.0209715  
9.45924e-10  -0.00896308  3.24672e-13  0.000441508  0.99138  0.0211032  
9.97946e-10  -0.00894457  3.47804e-13  0.000447916  0.991404  0.0212556  
1.05283e-09  -0.00892576  3.72585e-13  0.000455238  0.991428  0.0214283  
1.11073e-09  -0.00890667  3.9918e-13  0.000463448  0.991453  0.0216204  
1.17181e-09  -0.00888728  4.27764e-13  0.000472489  0.991478  0.02183  
1.23626e-09  -0.00886758  4.58528e-13  0.000482274  0.991503  0.0220546  
1.30425e-09  -0.00884756  4.91671e-13  0.000492695  0.991529  0.0222913  
1.37598e-09  -0.00882721  5.27404e-13  0.000503625  0.991556  0.0225369  
1.45165e-09  -0.00880652  5.65944e-13  0.000514928  0.991583  0.0227881  
1.53148e-09  -0.00878546  6.07516e-13  0.000526459  0.991611  0.0230415  
1.61571e-09  -0.00876404  6.5235e-13  0.000538074  0.99164  0.023294  
1.70456e-09  -0.00874223  7.00681e-13  0.000549634  0.991669  0.0235425  
1.79831e-09  -0.00872002  7.52745e-13  0.000561012  0.991699  0.0237846  
1.89721e-09  -0.00869741  8.08784e-13  0.000572095  0.991729  0.024018  
2.00154e-09  -0.00867437  8.69042e-13  0.000582795  0.99176  0.0242412  
2.11162e-09  -0.00865091  9.33768e-13  0.000593047  0.991791  0.0244531  
2.22775e-09  -0.00862702  1.00322e-12  0.000602816  0.991823  0.0246533  
2.35026e-09  -0.0086027  1.07765e-12  0.0006121  0.991856  0.024842  
2.47952e-09  -0.00857793  1.15735e-12  0.000620925  0.991889  0.0250201  
2.61588e-09  -0.00855272  1.2426e-12  0.00062935  0.991922  0.0251888  
2.75974e-09  -0.00852706  1.33373e-12  0.00063746  0.991956  0.0253501  
2.91152e-09  -0.00850097  1.43109e-12  0.000645362  0.991991  0.0255063  
3.07164e-09  -0.00847444  1.53505e-12  0.000653182  0.992025  0.02566  
3.24056e-09  -0.00844746  1.64606e-12  0.000661057  0.99206  0.0258137  
3.41878e-09  -0.00842005  1.7646e-12  0.000669126  0.992096  0.0259703  
3.6068e-09  -0.0083922  1.89119e-12  0.000677522  0.992132  0.0261323  
3.80516e-09  -0.0083639  2.02646e-12  0.00068637  0.992169  0.0263019  
4.01442e-09  -0.00833517  2.17108e-12  0.000695774  0.992206  0.0264809  
4.2352e-09  -0.008306  2.32579e-12  0.000705811  0.992243  0.0266707  
4.46811e-09  -0.00827637  2.49144e-12  0.000716533  0.992281  0.026872  
4.71384e-09  -0.00824629  2.66891e-12  0.000727957  0.99232  0.0270849  
4.97308e-09  -0.00821574  2.85919e-12  0.000740068  0.992359  0.0273087  
5.24658e-09  -0.00818473  3.06335e-12  0.00075282  0.992399  0.0275424  
5.53512e-09  -0.00815322  3.28249e-12  0.000766136  0.99244  0.0277844  
5.83952e-09  -0.00812122  3.51781e-12  0.000779914  0.992481  0.0280325  
6.16067e-09  -0.00808872  3.77056e-12  0.000794036  0.992523  0.0282846  
6.49948e-09  -0.00805569  4.04203e-12  0.000808367  0.992566  0.0285381  
6.85692e-09  -0.00802212  4.33357e-12  0.000822771  0.99261  0.0287906  
7.23402e-09  -0.00798801  4.64657e-12  0.000837112  0.992654  0.0290398  
7.63186e-09  -0.00795334  4.98246e-12  0.000851268  0.9927  0.0292836  
8.05158e-09  -0.00791811  5.3427e-12  0.000865132  0.992745  0.0295204  
8.49438e-09  -0.00788229  5.72881e-12  0.000878619  0.992792  0.0297489  
8.96153e-09  -0.00784589  6.14235e-12  0.000891677  0.99284  0.0299684  
9.45438e-09  -0.0078089  6.58496e-12  0.00090428  0.992888  0.0301788  
9.97433e-09  -0.00777131  7.05835e-12  0.000916439  0.992936  0.0303802  
1.05229e-08  -0.00773313  7.56432e-12  0.000928194  0.992986  0.0305737  
1.11016e-08  -0.00769435  8.10483e-12  0.000939615  0.993036  0.0307604  
1.17121e-08  -0.00765496  8.68195e-12  0.000950802  0.993086  0.0309422  
1.23562e-08  -0.00761497  9.29798e-12  0.00096187  0.993138  0.031121  
1.30358e-08  -0.00757439  9.9554e-12  0.000972953  0.993189  0.031299  
1.37527e-08  -0.0075332  1.0657e-11  0.000984188  0.993242  0.0314783  
1.4509e-08  -0.00749142  1.14057e-11  0.000995714  0.993295  0.0316613  
1.53069e-08  -0.00744903  1.2205e-11  0.00100766  0.993348  0.0318497  
1.61488e-08  -0.00740604  1.30585e-11  0.00102013  0.993403  0.0320454  
1.70369e-08  -0.00736245  1.39703e-11  0.00103323  0.993458  0.0322495  
1.79738e-08  -0.00731824  1.49449e-11  0.001047  0.993513  0.0324628  
1.89623e-08  -0.00727341  1.5987e-11  0.00106148  0.99357  0.0326856  
2.00051e-08  -0.00722796  1.71019e-11  0.00107666  0.993627  0.0329175  
2.11053e-08  -0.00718188  1.82951e-11  0.0010925  0.993685  0.0331578  
2.2266e-08  -0.00713514  1.95727e-11  0.00110892  0.993744  0.033405  
2.34906e-08  -0.00708775  2.0941e-11  0.00112581  0.993804  0.0336575  
2.47824e-08  -0.00703969  2.24066e-11  0.00114305  0.993864  0.0339132  
2.61454e-08  -0.00699094  2.39765e-11  0.00116048  0.993926  0.0341698  
2.75832e-08  -0.00694149  2.56578e-11  0.00117795  0.993989  0.0344248  
2.91002e-08  -0.00689134  2.7458e-11  0.00119528  0.994052  0.0346761  
3.07006e-08  -0.00684046  2.93847e-11  0.00121232  0.994117  0.0349212  
3.2389e-08  -0.00678885  3.14458e-11  0.00122892  0.994182  0.0351583  
3.41702e-08  -0.0067365  3.36493e-11  0.00124495  0.994248  0.0353858  
3.60494e-08  -0.00668341  3.60035e-11  0.00126033  0.994315  0.0356024  
3.8032e-08  -0.00662956  3.85169e-11  0.00127498  0.994383  0.0358076  
4.01236e-08  -0.00657497  4.11985e-11  0.00128889  0.994452  0.0360011  
4.23302e-08  -0.00651962  4.40574e-11  0.00130206  0.994521  0.0361833  
4.46582e-08  -0.00646353  4.71033e-11  0.00131456  0.994591  0.0363553  
4.71142e-08  -0.00640669  5.03467e-11  0.00132646  0.994662  0.0365182  
4.97052e-08  -0.00634911  5.37987e-11  0.00133791  0.994733  0.0366741  
5.24388e-08  -0.0062908  5.74714e-11  0.00134905  0.994805  0.0368251  
5.53227e-08  -0.00623176  6.13779e-11  0.00136004  0.994878  0.0369736  
5.83652e-08  -0.00617201  6.55328e-11  0.00137108  0.994951  0.037122  
6.1575e-08  -0.00611154  6.99519e-11  0.00138235  0.995024  0.0372728  
6.49614e-08  -0.00605037  7.46528e-11  0.00139402  0.995099  0.0374284  
6.8534e-08  -0.0059885  7.96549e-11  0.00140624  0.995174  0.0375907  
7.2303e-08  -0.00592592  8.49794e-11  0.00141914  0.995249  0.0377613  
7.62794e-08  -0.00586265  9.06496e-11  0.00143281  0.995326  0.0379413  
8.04744e-08  -0.00579868  9.66906e-11  0.00144728  0.995403  0.0381309  
8.49001e-08  -0.005734  1.0313e-10  0.00146256  0.995481  0.0383301  
8.95693e-08  -0.00566861  1.09996e-10  0.00147858  0.995559  0.0385379  
9.44952e-08  -0.00560251  1.17321e-10  0.00149523  0.995639  0.0387527  
9.9692e-08  -0.00553567  1.25136e-10  0.00151235  0.99572  0.0389724  
1.05175e-07  -0.0054681  1.33475e-10  0.00152974  0.995801  0.0391943  
1.10959e-07  -0.00539979  1.42374e-10  0.00154717  0.995883  0.0394153  
1.17061e-07  -0.00533071  1.51869e-10  0.00156437  0.995967  0.0396321  
1.23499e-07  -0.00526087  1.61994e-10  0.00158106  0.996051  0.0398412  
1.30291e-07  -0.00519026  1.72788e-10  0.00159695  0.996136  0.0400393  
1.37456e-07  -0.00511887  1.84285e-10  0.00161178  0.996222  0.0402231  
1.45016e-07  -0.00504671  1.96522e-10  0.00162531  0.996308  0.0403897  
1.52991e-07  -0.00497377  2.09533e-10  0.00163732  0.996396  0.0405369  
1.61405e-07  -0.00490007  2.23354e-10  0.00164767  0.996484  0.040663  
1.70281e-07  -0.00482561  2.3802e-10  0.00165625  0.996572  0.040767  
1.79646e-07  -0.00475041  2.53563e-10  0.00166304  0.996661  0.0408486  
1.89526e-07  -0.00467448  2.7002e-10  0.00166808  0.99675  0.0409086  
1.99949e-07  -0.00459787  2.87426e-10  0.00167149  0.99684  0.0409486  
2.10945e-07  -0.00452058  3.05818e-10  0.00167347  0.996929  0.040971  
2.22546e-07  -0.00444265  3.25238e-10  0.00167427  0.997019  0.0409789  
2.34785e-07  -0.00436411  3.4573e-10  0.00167421  0.997108  0.0409764  
2.47697e-07  -0.00428499  3.67344e-10  0.00167365  0.997198  0.0409677  
2.61319e-07  -0.00420532  3.90138e-10  0.00167298  0.997288  0.0409577  
2.75691e-07  -0.00412514  4.14178e-10  0.00167261  0.997377  0.0409513  
2.90852e-07  -0.00404447  4.39539e-10  0.00167292  0.997467  0.0409532  
3.06848e-07  -0.00396334  4.66308e-10  0.00167428  0.997556  0.040968  
3.23723e-07  -0.00388176  4.94583e-10  0.001677  0.997646  0.0409995  
3.41527e-07  -0.00379976  5.24475e-10  0.00168132  0.997736  0.0410503  
3.60309e-07  -0.00371734  5.56109e-10  0.00168738  0.997826  0.0411225  
3.80124e-07  -0.0036345  5.89621e-10  0.00169524  0.997917  0.0412162  
4.0103e-07  -0.00355125  6.25158e-10  0.00170481  0.998008  0.0413306  
4.23084e-07  -0.00346758  6.62878e-10  0.00171591  0.998099  0.0414629  
4.46352e-07  -0.00338349  7.02946e-10  0.00172819  0.998191  0.0416092  
4.709e-07  -0.00329895  7.45529e-10  0.00174122  0.998284  0.0417638  
4.96797e-07  -0.00321397  7.90795e-10  0.00175443  0.998378  0.0419199  
5.24119e-07  -0.00312851  8.38906e-10  0.00176713  0.998472  0.0420694  
5.52943e-07  -0.00304258  8.90012e-10  0.00177858  0.998567  0.0422034  
5.83352e-07  -0.00295617  9.44248e-10  0.00178795  0.998662  0.0423124  
6.15434e-07  -0.00286927  1.00172e-09  0.00179439  0.998758  0.0423865  
6.4928e-07  -0.00278189  1.06251e-09  0.00179703  0.998855  0.0424157  
6.84987e-07  -0.00269406  1.12666e-09  0.00179504  0.998951  0.0423901  
7.22659e-07  -0.00260579  1.19416e-09  0.00178764  0.999047  0.0423007  
7.62402e-07  -0.00251714  1.26495e-09  0.00177415  0.999142  0.0421388  
8.0433e-07  -0.00242816  1.33894e-09  0.00175401  0.999237  0.0418969  
8.48565e-07  -0.00233893  1.41595e-09  0.00172681  0.99933  0.0415689  
8.95232e-07  -0.00224953  1.49575e-09  0.00169232  0.999421  0.0411498  
9.44466e-07  -0.00216007  1.57806e-09  0.00165051  0.999511  0.0406364  
9.96408e-07  -0.00207067  1.66254e-09  0.00160156  0.999598  0.0400275  
1.05121e-06  -0.00198146  1.74879e-09  0.00154586  0.999682  0.0393237  
1.10902e-06  -0.00189259  1.83638e-09  0.00148402  0.999763  0.0385276  
1.17001e-06  -0.00180421  1.92485e-09  0.00141687  0.999841  0.0376443  
1.23435e-06  -0.00171649  2.01372e-09  0.0013454  0.999915  0.0366812  
1.30224e-06  -0.00162959  2.10251e-09  0.00127077  0.999985  0.0356481  
1.37385e-06  -0.00154367  2.19076e-09  0.00119428  1.00005  0.0345574  
1.44941e-06  -0.0014589  2.27806e-09  0.00111729  1.00011  0.033424  
1.52912e-06  -0.00137543  2.36405e-09  0.00104121  1.00017  0.032265  
1.61322e-06  -0.00129341  2.44846e-09  0.000967434  1.00022  0.0311001  
1.70194e-06  -0.00121296  2.53112e-09  0.000897297  1.00027  0.0299508  
1.79553e-06  -0.00113421  2.61198e-09  0.000832016  1.00032  0.0288401  
1.89428e-06  -0.00105723  2.69113e-09  0.000772651  1.00036  0.0277916  
1.99846e-06  -0.000982112  2.7688e-09  0.000720065  1.0004  0.0268286  
2.10836e-06  -0.000908898  2.84536e-09  0.000674889  1.00044  0.0259729  
2.22432e-06  -0.000837616  2.92136e-09  0.000637498  1.00048  0.0252427  
2.34664e-06  -0.000768269  2.99744e-09  0.000608002  1.00051  0.0246514  
2.4757e-06  -0.000700838  3.07441e-09  0.00058624  1.00054  0.0242059  
2.61185e-06  -0.000635285  3.15315e-09  0.000571793  1.00057  0.0239054  
2.75549e-06  -0.000571553  3.23464e-09  0.000564002  1.0006  0.0237416  
2.90703e-06  -0.000509567  3.31989e-09  0.000562  1.00063  0.023699  
3.0669e-06  -0.000449242  3.40991e-09  0.00056475  1.00066  0.0237566  
3.23557e-06  -0.000390486  3.50566e-09  0.000571089  1.00069  0.0238892  
3.41351e-06  -0.000333198  3.60804e-09  0.000579781  1.00072  0.0240699  
3.60124e-06  -0.000277278  3.7178e-09  0.000589567  1.00076  0.0242718  
3.79929e-06  -0.000222627  3.83554e-09  0.000599218  1.00079  0.0244693  
4.00823e-06  -0.000169153  3.96165e-09  0.000607586  1.00082  0.0246392  
4.22867e-06  -0.000116772  4.09631e-09  0.000613651  1.00085  0.0247614  
4.46123e-06  -6.54092e-05  4.23943e-09  0.000616561  1.00088  0.0248197  
4.70658e-06  -1.50041e-05  4.39068e-09  0.000615663  1.00092  0.0248012  
4.96542e-06  3.44906e-05  4.54946e-09  0.000610533  1.00095  0.0246972  
5.23849e-06  8.3108e-05  4.71497e-09  0.000600982  1.00098  0.0245029  
5.52659e-06  0.000130867  4.88618e-09  0.000587068  1.00101  0.0242172  
5.83052e-06  0.000177774  5.06196e-09  0.00056908  1.00105  0.0238429  
6.15118e-06  0.000223822  5.24103e-09  0.000547529  1.00108  0.0233868  
6.48946e-06  0.000268998  5.42216e-09  0.000523115  1.0011  0.0228591  
6.84635e-06  0.000313277  5.60414e-09  0.000496691  1.00113  0.022274  
7.22287e-06  0.000356634  5.78596e-09  0.000469221  1.00116  0.021649  
7.6201e-06  0.00039904  5.96682e-09  0.000441734  1.00118  0.021005  
8.03917e-06  0.000440468  6.14629e-09  0.000415264  1.00121  0.0203658  
8.48129e-06  0.000480895  6.32434e-09  0.000390809  1.00123  0.0197568  
8.94772e-06  0.000520306  6.50143e-09  0.00036927  1.00125  0.0192044  
9.43981e-06  0.000558694  6.67854e-09  0.000351416  1.00127  0.0187342  
9.95895e-06  0.000596062  6.85723e-09  0.000337837  1.00128  0.0183685  
1.05067e-05  0.000632426  7.03958e-09  0.000328921  1.0013  0.0181244  
1.10845e-05  0.000667813  7.22821e-09  0.000324832  1.00132  0.0180112  
1.16941e-05  0.000702264  7.4262e-09  0.000325508  1.00134  0.0180298  
1.23372e-05  0.000735828  7.63698e-09  0.000330663  1.00135  0.0181718  
1.30157e-05  0.000768566  7.86425e-09  0.000339808  1.00137  0.0184212  
1.37315e-05  0.000800547  8.11182e-09  0.000352281  1.00139  0.0187561  
1.44867e-05  0.000831844  8.38343e-09  0.000367286  1.00141  0.0191512  
1.52834e-05  0.000862536  8.68267e-09  0.00038394  1.00143  0.0195804  
1.61239e-05  0.0008927  9.01273e-09  0.000401326  1.00145  0.0200186  
1.70106e-05  0.000922411  9.37635e-09  0.000418551  1.00147  0.0204435  
1.79461e-05  0.000951742  9.77568e-09  0.000434795  1.0015  0.0208361  
1.89331e-05  0.000980757  1.02122e-08  0.000449369  1.00152  0.0211822  
1.99743e-05  0.00100951  1.06868e-08  0.000461755  1.00154  0.0214719  
2.10728e-05  0.00103806  1.11998e-08  0.000471646  1.00157  0.0217004  
2.22317e-05  0.00106643  1.17509e-08  0.000478964  1.00159  0.0218678  
2.34544e-05  0.00109466  1.23398e-08  0.00048388  1.00162  0.0219795  
2.47442e-05  0.00112277  1.2966e-08  0.000486807  1.00165  0.0220456  
2.61051e-05  0.00115077  1.36297e-08  0.000488382  1.00167  0.0220809  
2.75407e-05  0.00117868  1.43316e-08  0.000489443  1.0017  0.0221046  
2.90554e-05  0.00120649  1.50739e-08  0.000490981  1.00173  0.022139  
3.06533e-05  0.00123423  1.58607e-08  0.000494095  1.00175  0.0222088  
3.23391e-05  0.0012619  1.66982e-08  0.000499929  1.00178  0.0223392  
3.41176e-05  0.00128952  1.75953e-08  0.00050962  1.00181  0.0225544  
3.59939e-05  0.00131713  1.85645e-08  0.000524236  1.00183  0.0228752  
3.79734e-05  0.00134477  1.96217e-08  0.000544728  1.00186  0.0233177  
4.00617e-05  0.00137248  2.07867e-08  0.000571897  1.00189  0.0238918  
4.2265e-05  0.00140035  2.20836e-08  0.000606365  1.00192  0.0246008  
4.45893e-05  0.00142846  2.3541e-08  0.000648584  1.00196  0.0254424  
4.70416e-05  0.00145692  2.5192e-08  0.000698849  1.00199  0.0264095  
4.96286e-05  0.00148584  2.70745e-08  0.000757353  1.00203  0.0274921  
5.2358e-05  0.00151538  2.92318e-08  0.000824255  1.00207  0.0286801  
5.52374e-05  0.00154568  3.17128e-08  0.000899778  1.00212  0.0299646  
5.82753e-05  0.00157691  3.45733e-08  0.00098432  1.00217  0.0313399  
6.14801e-05  0.00160927  3.78776e-08  0.00107859  1.00223  0.0328055  
6.48613e-05  0.00164295  4.17006e-08  0.00118376  1.00229  0.0343666  
6.84283e-05  0.00167818  4.61311e-08  0.00130158  1.00235  0.0360351  
7.21916e-05  0.00171522  5.12765e-08  0.00143454  1.00243  0.0378295  
7.61618e-05  0.00175433  5.72685e-08  0.00158598  1.00251  0.0397745  
8.03504e-05  0.00179584  6.42707e-08  0.00176018  1.0026  0.0419002  
8.47693e-05  0.00184011  7.24883e-08  0.00196245  1.0027  0.04424  
8.94312e-05  0.00188756  8.2179e-08  0.00219913  1.00281  0.0468292  
9.43495e-05  0.00193868  9.36671e-08  0.00247757  1.00293  0.0497024  
9.95383e-05  0.00199407  1.07359e-07  0.00280607  1.00307  0.0528912  
0.000105013  0.00205442  1.23761e-07  0.0031938  1.00323  0.0564226  
0.000110788  0.00212056  1.43501e-07  0.00365061  1.00342  0.0603174  
0.000116881  0.00219346  1.67349e-07  0.00418691  1.00363  0.0645893  
0.000123308  0.00227428  1.96243e-07  0.00481341  1.00387  0.069245  
0.00013009  0.00236435  2.31313e-07  0.00554103  1.00414  0.0742844  
0.000137244  0.00246522  2.73916e-07  0.00638066  1.00446  0.0797014  
0.000144792  0.00257868  3.2566e-07  0.00734304  1.00483  0.0854854  
0.000152755  0.00270676  3.88441e-07  0.00843871  1.00525  0.0916223  
0.000161156  0.00285177  4.64481e-07  0.00967792  1.00573  0.0980956  
0.000170019  0.00301628  5.56365e-07  0.0110707  1.00629  0.104888  
0.000179369  0.00320316  6.67088e-07  0.0126268  1.00692  0.111982  
0.000189233  0.0034156  8.00105e-07  0.0143561  1.00764  0.119362  
0.00019964  0.0036571  9.59385e-07  0.0162684  1.00846  0.127011  
0.00021062  0.00393148  1.14948e-06  0.0183738  1.00939  0.134918  
0.000222203  0.00424291  1.3756e-06  0.0206825  1.01043  0.14307  
0.000234423  0.00459591  1.64367e-06  0.0232056  1.01161  0.151457  
0.000247315  0.00499535  1.96047e-06  0.0259545  1.01292  0.160073  
0.000260917  0.00544649  2.3337e-06  0.0289412  1.01439  0.16891  
0.000275266  0.00595498  2.77211e-06  0.0321785  1.01603  0.177963  
0.000290404  0.00652688  3.28564e-06  0.03568  1.01784  0.187229  
0.000306375  0.00716864  3.88556e-06  0.0394604  1.01985  0.196704  
0.000323224  0.00788719  4.58465e-06  0.0435354  1.02207  0.206386  
0.000341  0.00868991  5.39739e-06  0.0479228  1.02452  0.216277  
0.000359754  0.00958467  6.34023e-06  0.0526425  1.02721  0.22638  
0.000379539  0.0105798  7.4318e-06  0.0577181  1.03016  0.236703  
0.000400412  0.0116844  8.69334e-06  0.0631776  1.0334  0.247257  
0.000422432  0.0129078  1.01491e-05  0.0690552  1.03693  0.258061  
0.000445664  0.0142603  1.18267e-05  0.0753927  1.0408  0.269142  
0.000470174  0.015753  1.37581e-05  0.0822408  1.04501  0.280532  
0.000496031  0.0173976  1.59801e-05  0.0896605  1.04961  0.292271  
0.000523311  0.0192069  1.85354e-05  0.0977236  1.05463  0.304404  
0.000552091  0.0211949  2.14736e-05  0.106513  1.06009  0.316978  
0.000582453  0.0233768  2.48526e-05  0.116119  1.06605  0.330038  
0.000614485  0.0257694  2.87396e-05  0.126643  1.07254  0.343624  
0.000648279  0.0283911  3.32131e-05  0.138186  1.07962  0.357763  
0.000683932  0.0312622  3.83641e-05  0.150849  1.08736  0.372464  
0.000721545  0.034405  4.42973e-05  0.164727  1.0958  0.387719  
0.000761227  0.0378442  5.11334e-05  0.179903  1.10502  0.403492  
0.000803091  0.0416067  5.90094e-05  0.196448  1.11508  0.41973  
0.000847257  0.0457219  6.80808e-05  0.214415  1.12608  0.436358  
0.000893853  0.0502215  7.85224e-05  0.233842  1.13807  0.453291  
0.00094301  0.0551398  9.05303e-05  0.254765  1.15114  0.470441  
0.000994872  0.0605133  0.000104324  0.277223  1.16537  0.487733  
0.00104959  0.066381  0.000120148  0.301283  1.18085  0.505114  
0.00110731  0.0727844  0.000138281  0.327058  1.19766  0.522571  
0.0011682  0.0797675  0.000159037  0.35473  1.21591  0.540131  
0.00123245  0.0873774  0.000182782  0.38457  1.23569  0.557871  
0.00130023  0.0956648  0.000209939  0.416941  1.25713  0.575901  
0.00137174  0.104685  0.000241009  0.452292  1.28038  0.594347  
0.00144718  0.114498  0.000276584  0.491118  1.30562  0.613317  
0.00152676  0.125172  0.000317361  0.533897  1.33304  0.63286  
0.00161073  0.136781  0.000364154  0.581008  1.36286  0.652928  
0.00169931  0.149408  0.000417896  0.632642  1.39533  0.67335  
0.00179277  0.163145  0.000479629  0.68873  1.43068  0.69383  
0.00189136  0.178088  0.000550497  0.748935  1.46915  0.713986  
0.00199538  0.194345  0.000631718  0.812758  1.51094  0.733428  
0.00210511  0.212024  0.00072459  0.879786  1.55623  0.751886  
0.00222089  0.231238  0.000830516  0.950095  1.60519  0.769343  
0.00234303  0.252104  0.000951105  1.02475  1.65803  0.786161  
0.00247188  0.274745  0.00108835  1.10615  1.71504  0.803103  
0.00260782  0.299296  0.00124488  1.19799  1.77666  0.821155  
0.00275124  0.325915  0.00142418  1.30412  1.84357  0.841063  
0.00290255  0.354791  0.00163062  1.42604  1.91658  0.862586  
0.00306218  0.386146  0.0018689  1.55921  1.99646  0.883733  
0.00323058  0.420219  0.00214275  1.6899  2.08349  0.900607  
0.00340825  0.457229  0.00245323  1.79947  2.17702  0.909163  
0.00359569  0.497327  0.00279916  1.89189  2.2758  0.91176  
0.00379344  0.540635  0.00318833  2.0798  2.38112  0.934588  
0.00400206  0.58761  0.00368156  2.79869  2.50753  1.05646  
0.00422215  0.640043  0.00440767  3.57192  2.68398  1.15361  
0.00445435  0.699717  0.00529374  4.06634  2.88816  1.18656  
0.00469932  0.76765  0.00635794  4.62921  3.1206  1.21796  
0.00495776  0.844987  0.00763608  5.27  3.38521  1.24771  
0.00523042  0.93303  0.00917115  5.99948  3.68646  1.27571  
0.00551807  1.03326  0.0110148  6.82993  4.0294  1.30193  
0.00582154  1.14736  0.0132291  7.77534  4.41981  1.32635  
0.0061417  1.27726  0.0158886  8.85162  4.86426  1.34897  
0.00647946  1.42514  0.0190827  10.0769  5.37024  1.36983  
0.0068358  1.59348  0.0229188  11.4717  5.94625  1.38897  
0.00721174  1.78513  0.0275262  13.0597  6.60199  1.40646  
0.00760835  2.00331  0.0330598  14.8674  7.34851  1.42239  
0.00802678  2.25169  0.0397058  16.9254  8.19835  1.43683  
0.00846822  2.53445  0.0476878  19.2682  9.16584  1.44989  
0.00893393  2.85635  0.0572745  21.9353  10.2672  1.46166  
0.00942526  3.22281  0.0687883  24.9717  11.5211  1.47223  
0.0099436  3.63999  0.0826168  28.4283  12.9485  1.48172  
0.0104905  4.11492  0.0992252  32.3634  14.5735  1.4902  
0.0110674  4.6556  0.119172  36.8431  16.4235  1.49777  
0.011676  5.27111  0.14313  41.943  18.5295  1.50452  
0.0123182  5.97182  0.171903  47.7488  20.9271  1.51052  
0.0129956  6.76953  0.206461  54.3583  23.6565  1.51586  
0.0137103  7.67765  0.247965  61.8827  26.7637  1.52059  
0.0144643  8.71148  0.297814  70.4486  30.301  1.52478  
0.0152598  9.88842  0.357683  80.2002  34.328  1.52849  
0.016099  11.2283  0.429588  91.3016  38.9124  1.53178  
0.0169844  12.7536  0.515948  103.94  44.1313  1.53468  
0.0179185  14.49  0.619668  118.327  50.0727  1.53724  
0.0189039  16.4668  0.74424  134.706  56.8365  1.5395  
0.0199435  18.7173  0.893854  153.352  64.5365  1.5415  
0.0210403  21.2792  1.07355  174.58  73.3024  1.54325  
0.0221975  24.1958  1.28936  198.745  83.2817  1.5448  
0.0234182  27.5161  1.54856  226.256  94.6424  1.54617  
0.0247061  31.296  1.85987  257.575  107.576  1.54737  
0.0260648  35.5991  2.23375  293.228  122.299  1.54843  
0.0274983  40.4979  2.6828  333.818  139.06  1.54936  
0.0290106  46.0747  3.22213  380.025  158.142  1.55018  
0.030606  52.4235  3.86987  432.629  179.865  1.5509  
0.0322892  59.6511  4.64783  492.514  204.595  1.55154  
0.034065  67.8792  5.58218  560.688  232.748  1.55209  
0.0359384  77.2462  6.70436  638.3  264.798  1.55258  
0.0379149  87.9099  8.05214  726.654  301.284  1.55302  
0.04  100.05  9.67086  827.239  342.821  1.55339  
