# PlotEOS table
# ColdTable(filename=input/LS_ColdTable.input)
#[1] rho
#[2] eps
#[3] P
#[4] dP/drho
#[5] h
#[6] cs
1e-13  -0.00951292  1.32247e-17  4.76742e-05  0.990619  0.0134393  
1.055e-13  -0.00952636  1.34908e-17  4.80963e-05  0.990602  0.0132301  
1.11302e-13  -0.00953911  1.37717e-17  4.85061e-05  0.990585  0.0130282  
1.17423e-13  -0.00955121  1.40682e-17  4.89006e-05  0.990569  0.0128334  
1.2388e-13  -0.00956269  1.43813e-17  4.92819e-05  0.990553  0.0126455  
1.30693e-13  -0.00957345  1.47133e-17  4.82114e-05  0.990539  0.0124659  
1.37881e-13  -0.00958361  1.50647e-17  4.85916e-05  0.990526  0.0122935  
1.45464e-13  -0.00959325  1.54355e-17  4.89599e-05  0.990513  0.0121274  
1.53463e-13  -0.0096024  1.58269e-17  4.93157e-05  0.990501  0.0119676  
1.61903e-13  -0.00961108  1.624e-17  4.96578e-05  0.990489  0.0118138  
1.70807e-13  -0.00961923  1.66778e-17  4.86837e-05  0.990478  0.0116671  
1.80201e-13  -0.00962691  1.71411e-17  4.90363e-05  0.990468  0.0115268  
1.90111e-13  -0.0096342  1.76301e-17  4.93762e-05  0.990459  0.011392  
2.00566e-13  -0.00964112  1.81464e-17  4.97055e-05  0.990449  0.0112626  
2.11597e-13  -0.00964769  1.86913e-17  5.00237e-05  0.990441  0.0111385  
2.23233e-13  -0.00965386  1.92684e-17  4.91685e-05  0.990432  0.0110204  
2.3551e-13  -0.00965967  1.98794e-17  4.95031e-05  0.990425  0.0109079  
2.48462e-13  -0.00966519  2.05246e-17  4.98275e-05  0.990417  0.0108003  
2.62127e-13  -0.00967042  2.12059e-17  5.01429e-05  0.99041  0.0106972  
2.76542e-13  -0.00967537  2.19254e-17  5.04497e-05  0.990404  0.0105987  
2.91751e-13  -0.00968004  2.26871e-17  4.97257e-05  0.990398  0.0105053  
3.07796e-13  -0.00968442  2.34939e-17  5.00531e-05  0.990392  0.0104168  
3.24723e-13  -0.00968857  2.43464e-17  5.03736e-05  0.990386  0.0103325  
3.42582e-13  -0.00969251  2.52471e-17  5.06878e-05  0.990381  0.0102521  
3.61422e-13  -0.00969624  2.6199e-17  5.09958e-05  0.990376  0.0101757  
3.81299e-13  -0.00969975  2.72067e-17  5.04074e-05  0.990372  0.0101034  
4.02269e-13  -0.00970303  2.82749e-17  5.0741e-05  0.990367  0.0100356  
4.24392e-13  -0.00970614  2.94042e-17  5.10708e-05  0.990363  0.00997127  
4.47731e-13  -0.00970908  3.05985e-17  5.13972e-05  0.990359  0.00991037  
4.72354e-13  -0.00971185  3.18616e-17  5.17214e-05  0.990356  0.00985281  
4.98332e-13  -0.00971446  3.31992e-17  5.12678e-05  0.990352  0.0097988  
5.25738e-13  -0.00971689  3.46182e-17  5.16216e-05  0.990349  0.00974864  
5.54651e-13  -0.00971919  3.61199e-17  5.19756e-05  0.990346  0.0097015  
5.85154e-13  -0.00972135  3.77094e-17  5.23306e-05  0.990343  0.00965732  
6.17335e-13  -0.00972338  3.93923e-17  5.26875e-05  0.99034  0.00961602  
6.51286e-13  -0.00972528  4.11755e-17  5.23659e-05  0.990338  0.00957771  
6.87104e-13  -0.00972704  4.30691e-17  5.2757e-05  0.990336  0.00954281  
7.24891e-13  -0.00972869  4.50752e-17  5.31522e-05  0.990333  0.00951054  
7.64757e-13  -0.00973023  4.72011e-17  5.35538e-05  0.990331  0.00948083  
8.06815e-13  -0.00973166  4.94545e-17  5.39624e-05  0.99033  0.00945365  
8.51187e-13  -0.009733  5.18446e-17  5.37698e-05  0.990328  0.00942903  
8.97998e-13  -0.00973421  5.43854e-17  5.42168e-05  0.990326  0.00940747  
9.47384e-13  -0.00973533  5.70808e-17  5.46738e-05  0.990325  0.00938824  
9.99486e-13  -0.00973637  5.99409e-17  5.51417e-05  0.990324  0.00937129  
1.05445e-12  -0.00973731  6.29767e-17  5.56223e-05  0.990322  0.00935659  
1.11244e-12  -0.00973818  6.62003e-17  5.55575e-05  0.990321  0.00934413  
1.17362e-12  -0.00973894  6.9632e-17  5.60823e-05  0.99032  0.00933449  
1.23817e-12  -0.00973962  7.32778e-17  5.66224e-05  0.99032  0.00932697  
1.30626e-12  -0.00974022  7.71523e-17  5.71798e-05  0.990319  0.00932153  
1.3781e-12  -0.00974076  8.12711e-17  5.7754e-05  0.990318  0.00931815  
1.45389e-12  -0.00974122  8.56509e-17  5.83478e-05  0.990318  0.0093168  
1.53385e-12  -0.00974158  9.03202e-17  5.84452e-05  0.990317  0.00931809  
1.6182e-12  -0.00974188  9.52891e-17  5.9092e-05  0.990317  0.00932138  
1.70719e-12  -0.0097421  1.00578e-16  5.9761e-05  0.990317  0.00932664  
1.80108e-12  -0.00974226  1.06211e-16  6.04526e-05  0.990317  0.00933384  
1.90013e-12  -0.00974236  1.1221e-16  6.11693e-05  0.990317  0.00934297  
2.00463e-12  -0.00974236  1.18615e-16  6.14063e-05  0.990317  0.00935459  
2.11488e-12  -0.0097423  1.25443e-16  6.21827e-05  0.990317  0.00936818  
2.23119e-12  -0.00974218  1.32724e-16  6.2987e-05  0.990317  0.00938367  
2.35389e-12  -0.00974199  1.40491e-16  6.38191e-05  0.990318  0.00940106  
2.48335e-12  -0.00974173  1.48779e-16  6.46805e-05  0.990318  0.00942033  
2.61992e-12  -0.0097414  1.57639e-16  6.507e-05  0.990319  0.009442  
2.764e-12  -0.00974099  1.67104e-16  6.59999e-05  0.990319  0.00946566  
2.91601e-12  -0.00974052  1.77213e-16  6.69613e-05  0.99032  0.0094912  
3.07638e-12  -0.00973999  1.88016e-16  6.7955e-05  0.990321  0.00951861  
3.24557e-12  -0.00973939  1.99563e-16  6.89821e-05  0.990322  0.00954791  
3.42406e-12  -0.00973871  2.11926e-16  6.95418e-05  0.990323  0.00957954  
3.61236e-12  -0.00973795  2.25155e-16  7.06448e-05  0.990324  0.0096132  
3.81103e-12  -0.00973713  2.39311e-16  7.17829e-05  0.990326  0.00964874  
4.02062e-12  -0.00973624  2.54461e-16  7.29573e-05  0.990327  0.00968616  
4.24173e-12  -0.00973529  2.7068e-16  7.41668e-05  0.990329  0.00972546  
4.47501e-12  -0.00973425  2.8807e-16  7.49176e-05  0.99033  0.00976704  
4.72112e-12  -0.00973313  3.06708e-16  7.62108e-05  0.990332  0.00981069  
4.98076e-12  -0.00973194  3.26681e-16  7.7542e-05  0.990334  0.00985622  
5.25468e-12  -0.00973068  3.48088e-16  7.89095e-05  0.990336  0.00990362  
5.54366e-12  -0.00972934  3.71039e-16  8.03157e-05  0.990338  0.00995289  
5.84854e-12  -0.00972792  3.95674e-16  8.12808e-05  0.99034  0.0100044  
6.17018e-12  -0.00972641  4.22113e-16  8.27759e-05  0.990342  0.010058  
6.50951e-12  -0.00972483  4.50481e-16  8.43102e-05  0.990344  0.0101134  
6.86751e-12  -0.00972316  4.80923e-16  8.58818e-05  0.990347  0.0101707  
7.24519e-12  -0.00972142  5.13598e-16  8.74917e-05  0.990349  0.0102298  
7.64364e-12  -0.00971959  5.487e-16  8.86941e-05  0.990352  0.010291  
8.06401e-12  -0.00971766  5.86415e-16  9.03989e-05  0.990355  0.0103543  
8.50749e-12  -0.00971564  6.26918e-16  9.21422e-05  0.990358  0.0104194  
8.97537e-12  -0.00971355  6.70424e-16  9.39238e-05  0.990361  0.0104863  
9.46897e-12  -0.00971136  7.17162e-16  9.57423e-05  0.990364  0.0105549  
9.98972e-12  -0.00970908  7.67403e-16  9.72032e-05  0.990368  0.0106256  
1.05391e-11  -0.0097067  8.2142e-16  9.91205e-05  0.990371  0.0106983  
1.11187e-11  -0.00970422  8.79473e-16  0.000101076  0.990375  0.0107727  
1.17302e-11  -0.00970165  9.41868e-16  0.000103068  0.990379  0.0108488  
1.23753e-11  -0.00969899  1.00894e-15  0.000105099  0.990383  0.0109266  
1.30559e-11  -0.00969623  1.08106e-15  0.000106836  0.990387  0.0110062  
1.37739e-11  -0.00969335  1.15864e-15  0.000108967  0.990391  0.0110878  
1.45314e-11  -0.00969037  1.24205e-15  0.000111135  0.990395  0.011171  
1.53306e-11  -0.0096873  1.33173e-15  0.000113341  0.9904  0.0112558  
1.61737e-11  -0.00968412  1.42816e-15  0.000115584  0.990404  0.0113421  
1.70632e-11  -0.00968084  1.53188e-15  0.000117613  0.990409  0.0114301  
1.80016e-11  -0.00967743  1.64346e-15  0.000119958  0.990414  0.01152  
1.89916e-11  -0.00967391  1.76344e-15  0.000122341  0.990419  0.0116114  
2.0036e-11  -0.00967029  1.89248e-15  0.000124762  0.990424  0.0117043  
2.11379e-11  -0.00966656  2.03125e-15  0.00012722  0.99043  0.0117986  
2.23004e-11  -0.00966272  2.1805e-15  0.000129551  0.990435  0.0118944  
2.35268e-11  -0.00965874  2.34106e-15  0.000132114  0.990441  0.011992  
2.48207e-11  -0.00965465  2.51373e-15  0.000134714  0.990447  0.012091  
2.61857e-11  -0.00965042  2.69941e-15  0.000137348  0.990453  0.0121913  
2.76258e-11  -0.00964602  2.8991e-15  0.000140011  0.990459  0.012293  
2.91451e-11  -0.00964139  3.11384e-15  0.000142652  0.990465  0.0123961  
3.0748e-11  -0.00963662  3.34479e-15  0.000145434  0.990472  0.0125008  
3.2439e-11  -0.00963171  3.59314e-15  0.000148257  0.990479  0.0126068  
3.4223e-11  -0.00962669  3.86019e-15  0.000151121  0.990486  0.0127141  
3.61051e-11  -0.00962154  4.14736e-15  0.000154027  0.990493  0.0128226  
3.80907e-11  -0.00961626  4.45615e-15  0.000156987  0.990501  0.0129324  
4.01855e-11  -0.0096108  4.78818e-15  0.000160001  0.990508  0.0130438  
4.23955e-11  -0.00960522  5.14516e-15  0.000163059  0.990516  0.0131563  
4.47271e-11  -0.00959951  5.52898e-15  0.00016616  0.990524  0.0132701  
4.71869e-11  -0.00959366  5.94164e-15  0.000169308  0.990532  0.013385  
4.9782e-11  -0.00958767  6.38529e-15  0.0001725  0.990541  0.0135011  
5.25198e-11  -0.00958151  6.86217e-15  0.000175854  0.990549  0.0136187  
5.54081e-11  -0.0095752  7.37481e-15  0.00017916  0.990558  0.0137375  
5.84553e-11  -0.00956875  7.92588e-15  0.000182514  0.990567  0.0138573  
6.16701e-11  -0.00956216  8.51824e-15  0.000185917  0.990576  0.0139783  
6.50617e-11  -0.00955542  9.15496e-15  0.000189372  0.990585  0.0141004  
6.86398e-11  -0.0095485  9.8392e-15  0.000193065  0.990595  0.014224  
7.24146e-11  -0.00954142  1.05746e-14  0.000196636  0.990605  0.0143486  
7.63971e-11  -0.00953419  1.13649e-14  0.00020026  0.990615  0.0144744  
8.05986e-11  -0.00952681  1.22143e-14  0.000203938  0.990625  0.0146012  
8.50312e-11  -0.00951927  1.31271e-14  0.000207671  0.990635  0.0147292  
8.97075e-11  -0.00951153  1.41077e-14  0.000211719  0.990646  0.0148585  
9.4641e-11  -0.00950363  1.51614e-14  0.000215576  0.990657  0.0149889  
9.98459e-11  -0.00949556  1.62936e-14  0.00021949  0.990668  0.0151204  
1.05337e-10  -0.00948734  1.75101e-14  0.000223462  0.990679  0.0152529  
1.1113e-10  -0.00947895  1.88172e-14  0.000227496  0.99069  0.0153866  
1.17242e-10  -0.00947035  2.02212e-14  0.000231916  0.990702  0.0155215  
1.23689e-10  -0.00946157  2.17293e-14  0.00023608  0.990714  0.0156576  
1.30492e-10  -0.00945261  2.33495e-14  0.000240306  0.990726  0.0157948  
1.37668e-10  -0.00944349  2.509e-14  0.000244596  0.990739  0.015933  
1.45239e-10  -0.00943419  2.69597e-14  0.000248952  0.990751  0.0160722  
1.53227e-10  -0.00942467  2.89675e-14  0.000253765  0.990764  0.0162128  
1.61654e-10  -0.00941495  3.10665e-14  0.000249905  0.990777  0.0163338  
1.70544e-10  -0.00940506  3.33492e-14  0.000262245  0.99079  0.0164666  
1.79923e-10  -0.00939498  3.58313e-14  0.000266871  0.990804  0.0166107  
1.89818e-10  -0.00938472  3.84972e-14  0.000271569  0.990818  0.0167558  
2.00257e-10  -0.00937423  4.13595e-14  0.000276795  0.990832  0.0169021  
2.1127e-10  -0.00936352  4.4433e-14  0.00028164  0.990847  0.0170497  
2.22889e-10  -0.00935262  4.77335e-14  0.000286559  0.990862  0.0171984  
2.35147e-10  -0.00934152  5.12777e-14  0.000291551  0.990877  0.0173481  
2.48079e-10  -0.00933022  5.50835e-14  0.000296619  0.990892  0.0174989  
2.61723e-10  -0.00931869  5.91692e-14  0.000302288  0.990907  0.0176509  
2.76116e-10  -0.00930691  6.35552e-14  0.000307514  0.990923  0.0178042  
2.91301e-10  -0.00929493  6.82644e-14  0.000312821  0.990939  0.0179586  
3.07322e-10  -0.00928274  7.33203e-14  0.000318205  0.990956  0.018114  
3.24223e-10  -0.00927034  7.87484e-14  0.00032367  0.990973  0.0182705  
3.42054e-10  -0.00925769  8.45747e-14  0.000329811  0.99099  0.0184283  
3.60865e-10  -0.00924478  9.08278e-14  0.000335447  0.991007  0.0185874  
3.80711e-10  -0.00923165  9.75404e-14  0.000341167  0.991025  0.0187475  
4.01649e-10  -0.00921829  1.04746e-13  0.000346971  0.991042  0.0189088  
4.23738e-10  -0.00920471  1.12481e-13  0.000352863  0.991061  0.0190712  
4.47041e-10  -0.00919088  1.20781e-13  0.000359508  0.991079  0.0192348  
4.71626e-10  -0.00917676  1.29688e-13  0.000365581  0.991098  0.0193997  
4.97564e-10  -0.0091624  1.39248e-13  0.000371743  0.991117  0.0195658  
5.24928e-10  -0.0091476  1.49506e-13  0.000377801  0.991137  0.0197329  
5.53796e-10  -0.00913226  1.60511e-13  0.000384122  0.991158  0.0199012  
5.84253e-10  -0.00911664  1.7232e-13  0.000391289  0.991178  0.0200706  
6.16384e-10  -0.0091007  1.84987e-13  0.000397803  0.991199  0.0202415  
6.50282e-10  -0.0090845  1.9858e-13  0.000404412  0.991221  0.0204134  
6.86045e-10  -0.00906804  2.13165e-13  0.000411117  0.991243  0.0205866  
7.23774e-10  -0.00905131  2.28815e-13  0.000417919  0.991265  0.0207608  
7.63579e-10  -0.00903429  2.45604e-13  0.000425659  0.991287  0.0209362  
8.05572e-10  -0.00901694  2.63611e-13  0.000432665  0.99131  0.0211131  
8.49875e-10  -0.0089993  2.8293e-13  0.000439767  0.991334  0.0212911  
8.96614e-10  -0.00898139  3.03656e-13  0.000446977  0.991357  0.0214703  
9.45924e-10  -0.00896319  3.2589e-13  0.000454281  0.991381  0.0216506  
9.97946e-10  -0.0089447  3.49741e-13  0.000462632  0.991406  0.0218321  
1.05283e-09  -0.00892584  3.75315e-13  0.00047016  0.991431  0.022015  
1.11073e-09  -0.00890669  4.02747e-13  0.000477786  0.991456  0.0221992  
1.17181e-09  -0.00888724  4.32172e-13  0.000485522  0.991482  0.0223844  
1.23626e-09  -0.00886749  4.63733e-13  0.000493366  0.991508  0.0225708  
1.30425e-09  -0.00884744  4.97584e-13  0.00050237  0.991534  0.0227584  
1.37598e-09  -0.00882699  5.33872e-13  0.000510437  0.991561  0.0229475  
1.45165e-09  -0.00880623  5.7279e-13  0.000518621  0.991588  0.0231377  
1.53148e-09  -0.00878515  6.14527e-13  0.000526914  0.991616  0.0233291  
1.61571e-09  -0.00876377  6.59286e-13  0.000535316  0.991644  0.0235216  
1.70456e-09  -0.00874206  7.07285e-13  0.000543838  0.991673  0.0237153  
1.79831e-09  -0.00871994  7.58728e-13  0.00055366  0.991702  0.0239105  
1.89721e-09  -0.00869748  8.13889e-13  0.000562419  0.991732  0.0241069  
2.00154e-09  -0.00867469  8.73035e-13  0.000571296  0.991761  0.0243044  
2.11162e-09  -0.00865151  9.36446e-13  0.000580116  0.991792  0.024503  
2.22775e-09  -0.00862778  1.00442e-12  0.00058882  0.991823  0.0247028  
2.35026e-09  -0.00860306  1.07721e-12  0.00059934  0.991855  0.0249039  
2.47952e-09  -0.00857798  1.15523e-12  0.000608644  0.991888  0.0251062  
2.61588e-09  -0.00855253  1.23886e-12  0.000618058  0.991921  0.0253096  
2.75974e-09  -0.00852672  1.32851e-12  0.000627595  0.991955  0.0255141  
2.91152e-09  -0.00850055  1.42461e-12  0.000637252  0.991989  0.0257198  
3.07164e-09  -0.00847391  1.52755e-12  0.000648549  0.992023  0.0259269  
3.24056e-09  -0.00844688  1.63787e-12  0.000658461  0.992059  0.0261351  
3.41878e-09  -0.00841947  1.75611e-12  0.000668499  0.992094  0.0263445  
3.6068e-09  -0.00839169  1.88282e-12  0.000678652  0.99213  0.0265549  
3.80516e-09  -0.00836353  2.0186e-12  0.000688933  0.992167  0.0267664  
4.01442e-09  -0.00833489  2.16405e-12  0.000701048  0.992204  0.0269793  
4.2352e-09  -0.00830583  2.31987e-12  0.000711588  0.992242  0.0271934  
4.46811e-09  -0.00827638  2.48683e-12  0.000722259  0.99228  0.0274085  
4.71384e-09  -0.00824654  2.66572e-12  0.000733049  0.992319  0.0276247  
4.97308e-09  -0.00821631  2.85739e-12  0.000743966  0.992358  0.0278419  
5.24658e-09  -0.00818559  3.06264e-12  0.000756939  0.992398  0.0280604  
5.53512e-09  -0.00815443  3.28248e-12  0.000768129  0.992439  0.02828  
5.83952e-09  -0.00812235  3.51782e-12  0.000778536  0.99248  0.0285005  
6.16067e-09  -0.00808942  3.76975e-12  0.000789605  0.992522  0.0287219  
6.49948e-09  -0.00805588  4.03952e-12  0.00080104  0.992566  0.0289442  
6.85692e-09  -0.00802184  4.32832e-12  0.000814811  0.992609  0.0291677  
7.23402e-09  -0.00798732  4.63751e-12  0.000826521  0.992654  0.0293922  
7.63186e-09  -0.00795236  4.96859e-12  0.000838341  0.992699  0.0296177  
8.05158e-09  -0.00791696  5.32312e-12  0.000850282  0.992744  0.0298441  
8.49438e-09  -0.00788114  5.70272e-12  0.000862352  0.99279  0.0300715  
8.96153e-09  -0.0078448  6.10902e-12  0.000877036  0.992837  0.0302998  
9.45438e-09  -0.00780796  6.54385e-12  0.000889368  0.992884  0.0305292  
9.97433e-09  -0.00777068  7.00936e-12  0.000901814  0.992932  0.0307594  
1.05229e-08  -0.00773295  7.50768e-12  0.000914383  0.992981  0.0309904  
1.11016e-08  -0.00769479  8.04112e-12  0.000927069  0.99303  0.0312223  
1.17121e-08  -0.00765612  8.61192e-12  0.000942694  0.993079  0.031455  
1.23562e-08  -0.00761592  9.22168e-12  0.000954009  0.99313  0.0316883  
1.30358e-08  -0.00757494  9.87389e-12  0.000966474  0.993183  0.0319222  
1.37527e-08  -0.00753339  1.05717e-11  0.000979441  0.993235  0.0321568  
1.4509e-08  -0.00749137  1.13182e-11  0.000992511  0.993289  0.032392  
1.53069e-08  -0.00744885  1.21168e-11  0.00100893  0.993343  0.0326279  
1.61488e-08  -0.00740576  1.29706e-11  0.00102224  0.993397  0.0328646  
1.70369e-08  -0.00736221  1.3884e-11  0.00103565  0.993453  0.0331019  
1.79738e-08  -0.00731819  1.48609e-11  0.00104916  0.993509  0.0333397  
1.89623e-08  -0.00727372  1.59059e-11  0.00106277  0.993565  0.033578  
2.00051e-08  -0.00722875  1.70233e-11  0.00108014  0.993622  0.0338169  
2.11053e-08  -0.00718322  1.82176e-11  0.00109398  0.99368  0.0340563  
2.2266e-08  -0.00713607  1.94923e-11  0.00110486  0.993739  0.0342956  
2.34906e-08  -0.00708791  2.08539e-11  0.0011185  0.9938  0.034535  
2.47824e-08  -0.00703925  2.23095e-11  0.0011323  0.993861  0.0347747  
2.61454e-08  -0.0069901  2.38651e-11  0.00115038  0.993923  0.0350148  
2.75832e-08  -0.00694037  2.55266e-11  0.00116436  0.993985  0.0352551  
2.91002e-08  -0.00689018  2.73022e-11  0.00117841  0.994048  0.0354955  
3.07006e-08  -0.00683953  2.91998e-11  0.00119253  0.994112  0.0357361  
3.2389e-08  -0.00678843  3.12276e-11  0.00120671  0.994176  0.0359768  
3.41702e-08  -0.00673687  3.3394e-11  0.0012257  0.99424  0.0362175  
3.60494e-08  -0.00668354  3.57018e-11  0.00123729  0.994307  0.0364576  
3.8032e-08  -0.00662917  3.81643e-11  0.00124971  0.994374  0.0366973  
4.01236e-08  -0.00657414  4.07932e-11  0.00126373  0.994443  0.0369367  
4.23302e-08  -0.00651867  4.36005e-11  0.00127779  0.994511  0.0371759  
4.46582e-08  -0.00646276  4.6598e-11  0.00129732  0.994581  0.0374149  
4.71142e-08  -0.00640629  4.97951e-11  0.00131148  0.994651  0.0376534  
4.97052e-08  -0.00634941  5.32083e-11  0.00132567  0.994721  0.0378915  
5.24388e-08  -0.00629179  5.68493e-11  0.00133815  0.994792  0.0381289  
5.53227e-08  -0.00623301  6.07301e-11  0.00134819  0.994865  0.0383653  
5.83652e-08  -0.00617265  6.48623e-11  0.00136187  0.994939  0.0386005  
6.1575e-08  -0.00611176  6.92658e-11  0.00138184  0.995013  0.0388348  
6.49614e-08  -0.00605049  7.39629e-11  0.00139556  0.995088  0.0390682  
6.8534e-08  -0.00598885  7.8973e-11  0.00140927  0.995163  0.0393007  
7.2303e-08  -0.00592686  8.43163e-11  0.00142294  0.995239  0.0395323  
7.62794e-08  -0.00586447  9.00142e-11  0.00143111  0.995316  0.0397629  
8.04744e-08  -0.00579975  9.60604e-11  0.00145137  0.995394  0.0399909  
8.49001e-08  -0.00573423  1.02498e-10  0.00146271  0.995473  0.0402173  
8.95693e-08  -0.00566827  1.09357e-10  0.0014756  0.995553  0.0404423  
9.44952e-08  -0.00560201  1.16665e-10  0.00148844  0.995633  0.0406658  
9.9692e-08  -0.00553548  1.24452e-10  0.0015012  0.995713  0.0408879  
1.05175e-07  -0.00546861  1.3274e-10  0.00152187  0.995793  0.0411078  
1.10959e-07  -0.00539962  1.4153e-10  0.00152685  0.995876  0.0413249  
1.17061e-07  -0.00532967  1.50876e-10  0.00153727  0.995959  0.0415396  
1.23499e-07  -0.00525931  1.60822e-10  0.00154894  0.996043  0.0417522  
1.30291e-07  -0.00518875  1.71408e-10  0.00156051  0.996127  0.0419628  
1.37456e-07  -0.00511799  1.82663e-10  0.00158098  0.996211  0.0421705  
1.45016e-07  -0.00504612  1.9461e-10  0.00158822  0.996296  0.0423752  
1.52991e-07  -0.00497283  2.07285e-10  0.00159251  0.996382  0.0425768  
1.61405e-07  -0.00489865  2.20741e-10  0.00160269  0.996469  0.0427753  
1.70281e-07  -0.00482438  2.3505e-10  0.00161272  0.996556  0.0429711  
1.79646e-07  -0.00475006  2.50247e-10  0.00163275  0.996643  0.0431633  
1.89526e-07  -0.00467487  2.66361e-10  0.00163869  0.996731  0.0433517  
1.99949e-07  -0.00459817  2.83428e-10  0.00163955  0.996819  0.0435365  
2.10945e-07  -0.00452059  3.01522e-10  0.00164796  0.996909  0.0437175  
2.22546e-07  -0.00444307  3.20739e-10  0.00165615  0.996998  0.0438949  
2.34785e-07  -0.00436568  3.41128e-10  0.00167548  0.997087  0.044068  
2.47697e-07  -0.00428678  3.62679e-10  0.00167584  0.997177  0.0442364  
2.61319e-07  -0.00420681  3.85487e-10  0.00167676  0.997268  0.0444005  
2.75691e-07  -0.00412641  4.09654e-10  0.0016831  0.99736  0.0445603  
2.90852e-07  -0.00404624  4.3529e-10  0.00168867  0.99745  0.0447157  
3.06848e-07  -0.00396627  4.62448e-10  0.00170704  0.997541  0.0448657  
3.23723e-07  -0.0038835  4.91016e-10  0.00169839  0.997633  0.0450105  
3.41527e-07  -0.00380064  5.21261e-10  0.00170271  0.997726  0.0451503  
3.60309e-07  -0.00371818  5.53309e-10  0.00170676  0.997817  0.0452849  
3.80124e-07  -0.00363575  5.87233e-10  0.00169953  0.997909  0.0454143  
4.0103e-07  -0.00355137  6.22937e-10  0.00171619  0.998002  0.0455384  
4.23084e-07  -0.00346664  6.60609e-10  0.00171436  0.998095  0.0456559  
4.46352e-07  -0.00338237  7.00471e-10  0.00171625  0.998187  0.0457674  
4.709e-07  -0.00329773  7.42559e-10  0.00170838  0.998279  0.0458734  
4.96797e-07  -0.003212  7.86915e-10  0.00170241  0.998372  0.0459741  
5.24119e-07  -0.00312558  8.33634e-10  0.00171753  0.998465  0.0460685  
5.52943e-07  -0.00304009  8.82953e-10  0.00171717  0.998557  0.0461545  
5.83352e-07  -0.0029537  9.3488e-10  0.00170652  0.998649  0.046235  
6.15434e-07  -0.00286652  9.89542e-10  0.00169768  0.998741  0.0463096  
6.4928e-07  -0.00277916  1.04714e-09  0.00169532  0.998834  0.0463778  
6.84987e-07  -0.00269284  1.10792e-09  0.00170901  0.998925  0.0464376  
7.22659e-07  -0.00260481  1.17152e-09  0.00169288  0.999016  0.0464905  
7.62402e-07  -0.0025166  1.23843e-09  0.00168276  0.999108  0.0465364  
8.0433e-07  -0.00242906  1.30893e-09  0.00167814  0.999198  0.0465743  
8.48565e-07  -0.0023418  1.38305e-09  0.00164732  0.999288  0.0466034  
8.95232e-07  -0.00225226  1.46018e-09  0.00165825  0.999379  0.0466224  
9.44466e-07  -0.00216382  1.54113e-09  0.00164843  0.999468  0.0466301  
9.96408e-07  -0.00207592  1.62566e-09  0.00162176  0.999556  0.0466216  
1.05121e-06  -0.00198699  1.7124e-09  0.00153744  0.999642  0.0465837  
1.10902e-06  -0.00189724  1.8013e-09  0.00153041  0.999727  0.0465163  
1.17001e-06  -0.00180955  1.89484e-09  0.00153686  0.99981  0.0464394  
1.23435e-06  -0.00171929  1.98045e-09  0.00132465  0.999885  0.0462317  
1.30224e-06  -0.00163101  2.06743e-09  0.0012651  0.999957  0.0459877  
1.37385e-06  -0.00154348  2.15075e-09  0.00105611  1.00002  0.0456678  
1.44941e-06  -0.00145655  2.22871e-09  0.000959461  1.00008  0.0452658  
1.52912e-06  -0.00137156  2.30501e-09  0.00095499  1.00014  0.0448211  
1.61322e-06  -0.00128958  2.37902e-09  0.000877217  1.00019  0.0443323  
1.70194e-06  -0.00120963  2.45267e-09  0.000813237  1.00023  0.0438219  
1.79553e-06  -0.00113123  2.52628e-09  0.000760433  1.00028  0.0433011  
1.89428e-06  -0.00105445  2.60063e-09  0.000735048  1.00032  0.0427768  
1.99846e-06  -0.00097997  2.677e-09  0.000715171  1.00036  0.042251  
2.10836e-06  -0.000908562  2.75541e-09  0.000711834  1.0004  0.0417246  
2.22432e-06  -0.000838209  2.83586e-09  0.000687369  1.00044  0.0412099  
2.34664e-06  -0.000769394  2.9191e-09  0.000674066  1.00047  0.0407043  
2.4757e-06  -0.000702579  3.00572e-09  0.000665987  1.00051  0.0402039  
2.61185e-06  -0.000638103  3.09615e-09  0.00064957  1.00055  0.039705  
2.75549e-06  -0.000573971  3.18928e-09  0.000647091  1.00058  0.0392336  
2.90703e-06  -0.000512151  3.28678e-09  0.000641597  1.00062  0.0387638  
3.0669e-06  -0.000451807  3.38854e-09  0.000632086  1.00065  0.0383018  
3.23557e-06  -0.000392623  3.49468e-09  0.00062422  1.00069  0.0378503  
3.41351e-06  -0.000334606  3.60553e-09  0.000616741  1.00072  0.0374089  
3.60124e-06  -0.000278643  3.72114e-09  0.000614994  1.00075  0.0369708  
3.79929e-06  -0.000223377  3.84175e-09  0.000606956  1.00079  0.036547  
4.00823e-06  -0.000169406  3.96763e-09  0.000598844  1.00082  0.0361269  
4.22867e-06  -0.000116706  4.09903e-09  0.000590925  1.00085  0.0357101  
4.46123e-06  -6.49086e-05  4.23618e-09  0.000581238  1.00088  0.0353002  
4.70658e-06  -1.40168e-05  4.37865e-09  0.000580194  1.00092  0.0348986  
4.96542e-06  3.46243e-05  4.52685e-09  0.0005706  1.00095  0.0344844  
5.23849e-06  8.34373e-05  4.68117e-09  0.000561083  1.00098  0.0340862  
5.52659e-06  0.00013167  4.84149e-09  0.000547744  1.00101  0.0336924  
5.83052e-06  0.00017772  5.0076e-09  0.000536957  1.00104  0.0332803  
6.15118e-06  0.000223498  5.1797e-09  0.000536502  1.00107  0.0328775  
6.48946e-06  0.000268862  5.35729e-09  0.000522698  1.00109  0.0324772  
6.84635e-06  0.000312383  5.53999e-09  0.000504712  1.00112  0.0320568  
7.22287e-06  0.000354846  5.7283e-09  0.000491941  1.00115  0.031627  
7.6201e-06  0.000397512  5.92292e-09  0.000473786  1.00117  0.0312055  
8.03917e-06  0.000439673  6.12146e-09  0.00047375  1.0012  0.0307789  
8.48129e-06  0.000479479  6.32196e-09  0.000450288  1.00122  0.0303159  
8.94772e-06  0.000518156  6.52612e-09  0.000430037  1.00125  0.0298351  
9.43981e-06  0.000556912  6.73456e-09  0.000412775  1.00127  0.029355  
9.95895e-06  0.000596288  6.94695e-09  0.000382995  1.00129  0.0288825  
1.05067e-05  0.000633439  7.15682e-09  0.000383381  1.00131  0.0283656  
1.10845e-05  0.000668249  7.36255e-09  0.000352617  1.00133  0.0277988  
1.16941e-05  0.000702709  7.56846e-09  0.000329576  1.00135  0.0272202  
1.23372e-05  0.000737468  7.77403e-09  0.000304179  1.00137  0.0266412  
1.30157e-05  0.000772375  7.97694e-09  0.000266661  1.00139  0.0260569  
1.37315e-05  0.000805167  8.16833e-09  0.000268064  1.0014  0.0254173  
1.44867e-05  0.000835611  8.34456e-09  0.000230356  1.00141  0.0247135  
1.52834e-05  0.00086398  8.50779e-09  0.000192342  1.00142  0.0239504  
1.61239e-05  0.000891903  8.78415e-09  0.000522617  1.00144  0.0234147  
1.70106e-05  0.00092061  9.25059e-09  0.000533075  1.00146  0.0232569  
1.79461e-05  0.000949442  9.75188e-09  0.00053862  1.00149  0.023126  
1.89331e-05  0.000978247  1.02732e-08  0.000529647  1.00152  0.0229925  
1.99743e-05  0.00100701  1.08175e-08  0.000520783  1.00155  0.0228593  
2.10728e-05  0.00103573  1.1386e-08  0.000512263  1.00158  0.0227289  
2.22317e-05  0.00106438  1.19799e-08  0.000504378  1.0016  0.0226042  
2.34544e-05  0.00109295  1.25995e-08  0.000509236  1.00163  0.0224896  
2.47442e-05  0.00112142  1.32452e-08  0.000502212  1.00166  0.0223944  
2.61051e-05  0.0011498  1.39222e-08  0.000496699  1.00168  0.0223217  
2.75407e-05  0.00117808  1.46335e-08  0.000493253  1.00171  0.0222776  
2.90554e-05  0.00120627  1.53825e-08  0.000492529  1.00174  0.0222687  
3.06533e-05  0.00123437  1.61735e-08  0.000497527  1.00176  0.0223056  
3.23391e-05  0.00126236  1.7013e-08  0.000500496  1.00179  0.0224121  
3.41176e-05  0.0012903  1.79105e-08  0.000507969  1.00182  0.0225861  
3.59939e-05  0.0013182  1.88754e-08  0.000520953  1.00184  0.022837  
3.79734e-05  0.00134609  1.99188e-08  0.000540552  1.00187  0.0231741  
4.00617e-05  0.00137401  2.10555e-08  0.000548048  1.0019  0.0236106  
4.2265e-05  0.00140205  2.23154e-08  0.000576822  1.00193  0.0241878  
4.45893e-05  0.00143026  2.37155e-08  0.000615178  1.00196  0.0248857  
4.70416e-05  0.00145872  2.52828e-08  0.000664494  1.002  0.025711  
4.96286e-05  0.00148751  2.70498e-08  0.000726093  1.00203  0.02667  
5.2358e-05  0.00151672  2.9057e-08  0.000744651  1.00207  0.0277696  
5.52374e-05  0.00154672  3.13976e-08  0.000825468  1.00212  0.0290596  
5.82753e-05  0.00157751  3.41024e-08  0.000922782  1.00216  0.0304985  
6.14801e-05  0.00160925  3.72427e-08  0.00103784  1.00222  0.0320879  
6.48613e-05  0.00164214  4.09045e-08  0.00117171  1.00227  0.0338292  
6.84283e-05  0.00167636  4.51913e-08  0.00132526  1.00234  0.0357233  
7.21916e-05  0.00171277  5.03202e-08  0.00140059  1.00241  0.0378191  
7.61618e-05  0.00175128  5.63723e-08  0.0015958  1.00249  0.0400721  
8.03504e-05  0.00179218  6.35207e-08  0.00181659  1.00258  0.0424816  
8.47693e-05  0.00183581  7.1977e-08  0.00206446  1.00268  0.0450498  
8.94312e-05  0.00188255  8.19947e-08  0.00234156  1.0028  0.0477796  
9.43495e-05  0.00193403  9.39994e-08  0.00254091  1.00293  0.0507265  
9.95383e-05  0.0019901  1.08255e-07  0.00289251  1.00308  0.0538629  
0.000105013  0.00205118  1.25176e-07  0.00328704  1.00324  0.0571984  
0.000110788  0.00211787  1.45284e-07  0.00373303  1.00343  0.0607551  
0.000116881  0.00219085  1.69209e-07  0.0042437  1.00364  0.0645611  
0.000123308  0.00227309  1.97917e-07  0.00469163  1.00388  0.0687552  
0.00013009  0.00236461  2.32328e-07  0.00537234  1.00415  0.0733718  
0.000137244  0.00246608  2.7369e-07  0.00618289  1.00446  0.0784551  
0.000144792  0.00257913  3.22915e-07  0.00684999  1.00481  0.0842033  
0.000152755  0.00270556  3.80399e-07  0.00739817  1.0052  0.0909738  
0.000161156  0.00285002  4.45867e-07  0.00819361  1.00562  0.100409  
0.000170019  0.00301196  5.4155e-07  0.0120036  1.0062  0.106039  
0.000179369  0.00319529  6.56776e-07  0.012744  1.00686  0.112944  
0.000189233  0.00340375  7.91559e-07  0.0146703  1.00759  0.120949  
0.00019964  0.00364046  9.54398e-07  0.0164405  1.00842  0.128102  
0.00021062  0.00391521  1.14684e-06  0.0186387  1.00936  0.135574  
0.000222203  0.00423001  1.3741e-06  0.0207898  1.01041  0.143354  
0.000234423  0.00458473  1.64227e-06  0.0231619  1.01159  0.151418  
0.000247315  0.00498305  1.95816e-06  0.025775  1.0129  0.159773  
0.000260917  0.00542888  2.32966e-06  0.0286504  1.01436  0.168427  
0.000275266  0.00593746  2.76526e-06  0.0320941  1.01598  0.177446  
0.000290404  0.00651439  3.27553e-06  0.0355559  1.01779  0.186829  
0.000306375  0.00715771  3.87303e-06  0.0393555  1.0198  0.19654  
0.000323224  0.00787317  4.57176e-06  0.0435225  1.02202  0.206585  
0.000341  0.00866685  5.38786e-06  0.0480887  1.02447  0.216971  
0.000359754  0.00956076  6.33918e-06  0.0534064  1.02718  0.227764  
0.000379539  0.0105702  7.43996e-06  0.0584162  1.03017  0.238889  
0.000400412  0.0116892  8.69092e-06  0.0619961  1.03339  0.250056  
0.000422432  0.0129177  1.01222e-05  0.0679816  1.03688  0.261404  
0.000445664  0.0142562  1.17786e-05  0.0745069  1.04069  0.27311  
0.000470174  0.0157309  1.36936e-05  0.0818016  1.04486  0.28523  
0.000496031  0.0173922  1.59025e-05  0.0893528  1.04945  0.297758  
0.000523311  0.0192084  1.84521e-05  0.0976752  1.05447  0.31065  
0.000552091  0.0211855  2.13939e-05  0.10677  1.05994  0.323913  
0.000582453  0.0233398  2.47861e-05  0.116516  1.06589  0.337547  
0.000614485  0.0257348  2.86915e-05  0.127377  1.07243  0.351572  
0.000648279  0.0283787  3.31895e-05  0.138999  1.07957  0.366056  
0.000683932  0.031268  3.83672e-05  0.151566  1.08737  0.380904  
0.000721545  0.0344173  4.43242e-05  0.165222  1.09585  0.396115  
0.000761227  0.0378419  5.11748e-05  0.180076  1.10507  0.411687  
0.000803091  0.0415918  5.90502e-05  0.196231  1.11512  0.427644  
0.000847257  0.0457561  6.80996e-05  0.213666  1.12613  0.444029  
0.000893853  0.050286  7.84957e-05  0.232627  1.1381  0.460749  
0.00094301  0.0552071  9.04341e-05  0.253188  1.15111  0.477793  
0.000994872  0.0605491  0.000104139  0.275548  1.16522  0.495148  
0.00104959  0.0663777  0.000119868  0.299501  1.18058  0.51282  
0.00110731  0.072825  0.000137915  0.325669  1.19737  0.530841  
0.0011682  0.0798423  0.000158618  0.354206  1.21562  0.549111  
0.00123245  0.0874513  0.00018236  0.385035  1.23542  0.567611  
0.00130023  0.0956862  0.000209574  0.418548  1.25687  0.586319  
0.00137174  0.104629  0.000240767  0.453998  1.28015  0.605216  
0.00144718  0.114554  0.000276528  0.493327  1.30563  0.6243  
0.00152676  0.125298  0.000317495  0.535839  1.33325  0.643489  
0.00161073  0.136934  0.000364417  0.582075  1.36318  0.662752  
0.00169931  0.14953  0.000418152  0.632197  1.3956  0.682057  
0.00179277  0.16316  0.000479675  0.684589  1.43072  0.701373  
0.00189136  0.17826  0.000550134  0.743088  1.46913  0.720636  
0.00199538  0.194606  0.000630775  0.806594  1.51072  0.739808  
0.00210511  0.212295  0.000723055  0.875529  1.55577  0.758852  
0.00222089  0.231414  0.000828626  0.949961  1.60452  0.777735  
0.00234303  0.252048  0.000949359  1.03055  1.65723  0.79642  
0.00247188  0.274869  0.00108752  1.11406  1.71482  0.814781  
0.00260782  0.299597  0.00124553  1.20862  1.77721  0.832838  
0.00275124  0.326316  0.00142616  1.31056  1.84468  0.850565  
0.00290255  0.355152  0.00163259  1.42085  1.91762  0.867931  
0.00306218  0.386247  0.00186845  1.54043  1.99642  0.884907  
0.00323058  0.420556  0.00213816  1.66302  2.08241  0.901333  
0.00340825  0.457738  0.00244633  1.80246  2.17551  0.917276  
0.00359569  0.497867  0.00279828  1.9529  2.2761  0.932736  
0.00379344  0.54114  0.00320013  2.11567  2.38474  0.947694  
0.00400206  0.587775  0.00365887  2.29222  2.50202  0.962135  
0.00422215  0.63909  0.00418305  2.47138  2.62983  0.9759  
0.00445435  0.694715  0.0047814  2.67599  2.76814  0.989083  
0.00469932  0.754692  0.0054641  2.89712  2.91743  1.00171  
0.00495776  0.819339  0.00624297  3.13708  3.07857  1.01379  
0.00523042  0.888995  0.00713145  3.39531  3.25245  1.0253  
0.00551807  0.965323  0.0081455  3.65571  3.44147  1.03614  
0.00582154  1.04815  0.00930217  3.95562  3.64604  1.04637  
0.0061417  1.13744  0.010621  4.28056  3.86677  1.05607  
0.00647946  1.2336  0.0121243  4.6302  4.10478  1.06524  
0.0068358  1.33705  0.0138372  5.00861  4.36128  1.07389  
0.00721174  1.45014  0.0157908  5.38526  4.63975  1.08193  
0.00760835  1.57301  0.0180179  5.82364  4.94118  1.08944  
0.00802678  1.70528  0.0205546  6.29603  5.26603  1.09647  
0.00846822  1.84763  0.0234436  6.80786  5.61605  1.10306  
0.00893393  2.00074  0.0267335  7.35811  5.99309  1.10921  
0.00942526  2.16754  0.0304817  7.89993  6.40159  1.11487  
0.0099436  2.34897  0.0347522  8.53872  6.8439  1.12008  
0.0104905  2.54417  0.0396128  9.22598  7.32025  1.12492  
0.0110674  2.75406  0.0451439  9.96932  7.83306  1.1294  
0.011676  2.97962  0.051437  10.77  8.38497  1.13354  
0.0123182  3.22475  0.0586017  11.5455  8.98208  1.13732  
0.0129956  3.49156  0.0667599  12.4715  9.62867  1.14075  
0.0137103  3.77841  0.0760385  13.4689  10.3245  1.1439  
0.0144643  4.08667  0.0865893  14.547  11.0731  1.14678  
0.0152598  4.41772  0.0985844  15.7075  11.8781  1.14942  
0.016099  4.77649  0.11223  16.8109  12.7477  1.15179  
0.0169844  4.81281  0.123065  17.3937  13.0586  1.15203  
0.0179185  4.81281  0.134388  17.9294  13.3128  1.15203  
0.0189039  4.81281  0.146753  18.4812  13.5759  1.15203  
0.0199435  4.81281  0.160255  19.0497  13.8482  1.15203  
0.0210403  4.81281  0.174999  19.6353  14.1301  1.15203  
0.0221975  4.81281  0.1911  20.2386  14.4219  1.15203  
0.0234182  4.81281  0.208682  20.86  14.7239  1.15203  
0.0247061  4.81281  0.227882  21.5002  15.0365  1.15203  
0.0260648  4.81281  0.248849  22.1595  15.3601  1.15203  
0.0274983  4.81281  0.271744  22.8387  15.695  1.15203  
0.0290106  4.81281  0.296746  23.5382  16.0417  1.15203  
0.030606  4.81281  0.324048  24.2588  16.4005  1.15203  
0.0322892  4.81281  0.353863  25.0009  16.772  1.15203  
0.034065  4.81281  0.38642  25.7652  17.1564  1.15203  
0.0359384  4.81281  0.421973  26.5524  17.5544  1.15203  
0.0379149  4.81281  0.460797  27.3631  17.9663  1.15203  
0.04  4.81281  0.503193  28.198  18.3926  1.15203  
