# PlotEOS table
# SpectralFit(CoefficientsFile=input/LS_Gamma2_appended_ColdTable-coeff30.input)
#[1] rho
#[2] eps
#[3] P
#[4] dP/drho
#[5] h
#[6] cs
1e-13  0.0016016  -3.94361e-18  -3.98304e-05  1.00156  -nan  
1.05917e-13  0.00159934  -4.17934e-18  -3.98533e-05  1.00156  -nan  
1.12184e-13  0.00159707  -4.42917e-18  -3.98763e-05  1.00156  -nan  
1.18821e-13  0.0015948  -4.69393e-18  -3.98992e-05  1.00156  -nan  
1.25852e-13  0.00159252  -4.97452e-18  -3.99221e-05  1.00155  -nan  
1.33298e-13  0.00159025  -5.27188e-18  -3.99451e-05  1.00155  -nan  
1.41185e-13  0.00158798  -5.58701e-18  -3.9968e-05  1.00155  -nan  
1.49538e-13  0.0015857  -5.92099e-18  -3.9991e-05  1.00155  -nan  
1.58386e-13  0.00158343  -6.27492e-18  -4.0014e-05  1.00154  -nan  
1.67758e-13  0.00158115  -6.65002e-18  -4.0037e-05  1.00154  -nan  
1.77683e-13  0.00157887  -7.04753e-18  -4.00601e-05  1.00154  -nan  
1.88197e-13  0.00157659  -7.46881e-18  -4.00831e-05  1.00154  -nan  
1.99332e-13  0.00157431  -7.91527e-18  -4.01061e-05  1.00153  -nan  
2.11126e-13  0.00157202  -8.38842e-18  -4.01292e-05  1.00153  -nan  
2.23618e-13  0.00156974  -8.88985e-18  -4.01523e-05  1.00153  -nan  
2.36848e-13  0.00156745  -9.42126e-18  -4.01754e-05  1.00153  -nan  
2.50862e-13  0.00156516  -9.98443e-18  -4.01985e-05  1.00153  -nan  
2.65705e-13  0.00156288  -1.05813e-17  -4.02216e-05  1.00152  -nan  
2.81426e-13  0.00156059  -1.12138e-17  -4.02447e-05  1.00152  -nan  
2.98078e-13  0.0015583  -1.18841e-17  -4.02678e-05  1.00152  -nan  
3.15714e-13  0.001556  -1.25945e-17  -4.0291e-05  1.00152  -nan  
3.34394e-13  0.00155371  -1.33474e-17  -4.03142e-05  1.00151  -nan  
3.5418e-13  0.00155141  -1.41452e-17  -4.03373e-05  1.00151  -nan  
3.75136e-13  0.00154912  -1.49908e-17  -4.03605e-05  1.00151  -nan  
3.97331e-13  0.00154682  -1.58869e-17  -4.03837e-05  1.00151  -nan  
4.20841e-13  0.00154452  -1.68365e-17  -4.0407e-05  1.0015  -nan  
4.45741e-13  0.00154222  -1.7843e-17  -4.04302e-05  1.0015  -nan  
4.72114e-13  0.00153992  -1.89096e-17  -4.04534e-05  1.0015  -nan  
5.00048e-13  0.00153762  -2.00399e-17  -4.04767e-05  1.0015  -nan  
5.29635e-13  0.00153531  -2.12378e-17  -4.05e-05  1.0015  -nan  
5.60972e-13  0.00153301  -2.25073e-17  -4.05233e-05  1.00149  -nan  
5.94163e-13  0.0015307  -2.38528e-17  -4.05466e-05  1.00149  -nan  
6.29319e-13  0.00152839  -2.52786e-17  -4.05699e-05  1.00149  -nan  
6.66554e-13  0.00152608  -2.67897e-17  -4.05932e-05  1.00149  -nan  
7.05992e-13  0.00152377  -2.83911e-17  -4.06166e-05  1.00148  -nan  
7.47764e-13  0.00152146  -3.00882e-17  -4.06399e-05  1.00148  -nan  
7.92008e-13  0.00151914  -3.18868e-17  -4.06633e-05  1.00148  -nan  
8.38869e-13  0.00151683  -3.37928e-17  -4.06867e-05  1.00148  -nan  
8.88503e-13  0.00151451  -3.58129e-17  -4.07101e-05  1.00147  -nan  
9.41073e-13  0.00151219  -3.79536e-17  -4.07335e-05  1.00147  -nan  
9.96755e-13  0.00150988  -4.02224e-17  -4.07569e-05  1.00147  -nan  
1.05573e-12  0.00150756  -4.26267e-17  -4.07803e-05  1.00147  -nan  
1.1182e-12  0.00150523  -4.51748e-17  -4.08038e-05  1.00146  -nan  
1.18436e-12  0.00150291  -4.78752e-17  -4.08272e-05  1.00146  -nan  
1.25443e-12  0.00150059  -5.07371e-17  -4.08507e-05  1.00146  -nan  
1.32865e-12  0.00149826  -5.37699e-17  -4.08742e-05  1.00146  -nan  
1.40727e-12  0.00149593  -5.69841e-17  -4.08977e-05  1.00146  -nan  
1.49053e-12  0.00149361  -6.03905e-17  -4.09212e-05  1.00145  -nan  
1.57872e-12  0.00149128  -6.40004e-17  -4.09447e-05  1.00145  -nan  
1.67213e-12  0.00148894  -6.78261e-17  -4.09683e-05  1.00145  -nan  
1.77107e-12  0.00148661  -7.18805e-17  -4.09918e-05  1.00145  -nan  
1.87586e-12  0.00148428  -7.61773e-17  -4.10154e-05  1.00144  -nan  
1.98685e-12  0.00148194  -8.07309e-17  -4.1039e-05  1.00144  -nan  
2.10441e-12  0.00147961  -8.55568e-17  -4.10626e-05  1.00144  -nan  
2.22892e-12  0.00147727  -9.06711e-17  -4.10862e-05  1.00144  -nan  
2.3608e-12  0.00147493  -9.60911e-17  -4.11098e-05  1.00143  -nan  
2.50048e-12  0.00147259  -1.01835e-16  -4.11335e-05  1.00143  -nan  
2.64843e-12  0.00147025  -1.07922e-16  -4.11571e-05  1.00143  -nan  
2.80513e-12  0.00146791  -1.14374e-16  -4.11808e-05  1.00143  -nan  
2.9711e-12  0.00146556  -1.21211e-16  -4.12045e-05  1.00142  -nan  
3.1469e-12  0.00146322  -1.28456e-16  -4.12282e-05  1.00142  -nan  
3.33309e-12  0.00146087  -1.36135e-16  -4.12519e-05  1.00142  -nan  
3.5303e-12  0.00145852  -1.44273e-16  -4.12756e-05  1.00142  -nan  
3.73918e-12  0.00145617  -1.52897e-16  -4.12993e-05  1.00142  -nan  
3.96042e-12  0.00145382  -1.62036e-16  -4.13231e-05  1.00141  -nan  
4.19475e-12  0.00145147  -1.71722e-16  -4.13468e-05  1.00141  -nan  
4.44294e-12  0.00144911  -1.81987e-16  -4.13706e-05  1.00141  -nan  
4.70582e-12  0.00144676  -1.92866e-16  -4.13944e-05  1.00141  -nan  
4.98425e-12  0.0014444  -2.04395e-16  -4.14182e-05  1.0014  -nan  
5.27916e-12  0.00144204  -2.16613e-16  -4.1442e-05  1.0014  -nan  
5.59151e-12  0.00143968  -2.29561e-16  -4.14658e-05  1.0014  -nan  
5.92235e-12  0.00143732  -2.43284e-16  -4.14897e-05  1.0014  -nan  
6.27276e-12  0.00143496  -2.57826e-16  -4.15135e-05  1.00139  -nan  
6.64391e-12  0.0014326  -2.73238e-16  -4.15374e-05  1.00139  -nan  
7.03701e-12  0.00143023  -2.89571e-16  -4.15613e-05  1.00139  -nan  
7.45337e-12  0.00142787  -3.06881e-16  -4.15852e-05  1.00139  -nan  
7.89437e-12  0.0014255  -3.25225e-16  -4.16091e-05  1.00138  -nan  
8.36146e-12  0.00142313  -3.44666e-16  -4.1633e-05  1.00138  -nan  
8.85619e-12  0.00142076  -3.65269e-16  -4.1657e-05  1.00138  -nan  
9.38019e-12  0.00141839  -3.87104e-16  -4.16809e-05  1.00138  -nan  
9.9352e-12  0.00141601  -4.10244e-16  -4.17049e-05  1.00137  -nan  
1.0523e-11  0.00141364  -4.34767e-16  -4.17289e-05  1.00137  -nan  
1.11457e-11  0.00141126  -4.60756e-16  -4.17529e-05  1.00137  -nan  
1.18051e-11  0.00140889  -4.88298e-16  -4.17769e-05  1.00137  -nan  
1.25036e-11  0.00140651  -5.17487e-16  -4.18009e-05  1.00137  -nan  
1.32434e-11  0.00140413  -5.48421e-16  -4.18249e-05  1.00136  -nan  
1.4027e-11  0.00140175  -5.81203e-16  -4.1849e-05  1.00136  -nan  
1.48569e-11  0.00139937  -6.15946e-16  -4.1873e-05  1.00136  -nan  
1.5736e-11  0.00139698  -6.52765e-16  -4.18971e-05  1.00136  -nan  
1.66671e-11  0.0013946  -6.91785e-16  -4.19212e-05  1.00135  -nan  
1.76532e-11  0.00139221  -7.33138e-16  -4.19453e-05  1.00135  -nan  
1.86977e-11  0.00138982  -7.76962e-16  -4.19694e-05  1.00135  -nan  
1.9804e-11  0.00138743  -8.23406e-16  -4.19936e-05  1.00135  -nan  
2.09758e-11  0.00138504  -8.72627e-16  -4.20177e-05  1.00134  -nan  
2.22168e-11  0.00138265  -9.24789e-16  -4.20419e-05  1.00134  -nan  
2.35314e-11  0.00138026  -9.8007e-16  -4.2066e-05  1.00134  -nan  
2.49237e-11  0.00137786  -1.03866e-15  -4.20902e-05  1.00134  -nan  
2.63983e-11  0.00137547  -1.10074e-15  -4.21144e-05  1.00133  -nan  
2.79603e-11  0.00137307  -1.16654e-15  -4.21386e-05  1.00133  -nan  
2.96146e-11  0.00137067  -1.23627e-15  -4.21629e-05  1.00133  -nan  
3.13668e-11  0.00136827  -1.31017e-15  -4.21871e-05  1.00133  -nan  
3.32227e-11  0.00136587  -1.38849e-15  -4.22114e-05  1.00132  -nan  
3.51884e-11  0.00136346  -1.47149e-15  -4.22356e-05  1.00132  -nan  
3.72705e-11  0.00136106  -1.55945e-15  -4.22599e-05  1.00132  -nan  
3.94757e-11  0.00135865  -1.65267e-15  -4.22842e-05  1.00132  -nan  
4.18113e-11  0.00135625  -1.75146e-15  -4.23085e-05  1.00131  -nan  
4.42852e-11  0.00135384  -1.85616e-15  -4.23329e-05  1.00131  -nan  
4.69055e-11  0.00135143  -1.96711e-15  -4.23572e-05  1.00131  -nan  
4.96808e-11  0.00134902  -2.0847e-15  -4.23816e-05  1.00131  -nan  
5.26203e-11  0.0013466  -2.20932e-15  -4.24059e-05  1.0013  -nan  
5.57337e-11  0.00134419  -2.34138e-15  -4.24303e-05  1.0013  -nan  
5.90313e-11  0.00134177  -2.48134e-15  -4.24547e-05  1.0013  -nan  
6.2524e-11  0.00133936  -2.62967e-15  -4.24791e-05  1.0013  -nan  
6.62234e-11  0.00133694  -2.78686e-15  -4.25035e-05  1.00129  -nan  
7.01417e-11  0.00133452  -2.95345e-15  -4.2528e-05  1.00129  -nan  
7.42919e-11  0.0013321  -3.13e-15  -4.25524e-05  1.00129  -nan  
7.86875e-11  0.00132967  -3.3171e-15  -4.25769e-05  1.00129  -nan  
8.33433e-11  0.00132725  -3.51539e-15  -4.26014e-05  1.00129  -nan  
8.82745e-11  0.00132483  -3.72552e-15  -4.26259e-05  1.00128  -nan  
9.34975e-11  0.0013224  -3.94822e-15  -4.26504e-05  1.00128  -nan  
9.90295e-11  0.00131997  -4.18423e-15  -4.26749e-05  1.00128  -nan  
1.04889e-10  0.00131754  -4.43435e-15  -4.26995e-05  1.00128  -nan  
1.11095e-10  0.00131511  -4.69943e-15  -4.2724e-05  1.00127  -nan  
1.17668e-10  0.00131268  -4.98034e-15  -4.27486e-05  1.00127  -nan  
1.2463e-10  0.00131024  -5.27805e-15  -4.27732e-05  1.00127  -nan  
1.32004e-10  0.00130781  -5.59355e-15  -4.27978e-05  1.00127  -nan  
1.39815e-10  0.00130537  -5.92792e-15  -4.28224e-05  1.00126  -nan  
1.48087e-10  0.00130293  -6.28227e-15  -4.2847e-05  1.00126  -nan  
1.56849e-10  0.0013005  -6.6578e-15  -4.28716e-05  1.00126  -nan  
1.6613e-10  0.00129805  -7.05578e-15  -4.28963e-05  1.00126  -nan  
1.75959e-10  0.00129561  -7.47755e-15  -4.29209e-05  1.00125  -nan  
1.8637e-10  0.00129317  -7.92454e-15  -4.29456e-05  1.00125  -nan  
1.97397e-10  0.00129072  -8.39824e-15  -4.29703e-05  1.00125  -nan  
2.09077e-10  0.00128828  -8.90026e-15  -4.2995e-05  1.00125  -nan  
2.21447e-10  0.00128583  -9.43229e-15  -4.30197e-05  1.00124  -nan  
2.3455e-10  0.00128338  -9.99612e-15  -4.30445e-05  1.00124  -nan  
2.48428e-10  0.00128093  -1.05937e-14  -4.30692e-05  1.00124  -nan  
2.63127e-10  0.00127848  -1.12269e-14  -4.3094e-05  1.00124  -nan  
2.78695e-10  0.00127603  -1.1898e-14  -4.31188e-05  1.00123  -nan  
2.95185e-10  0.00127357  -1.26092e-14  -4.31436e-05  1.00123  -nan  
3.1265e-10  0.00127111  -1.3363e-14  -4.31684e-05  1.00123  -nan  
3.31149e-10  0.00126866  -1.41618e-14  -4.31932e-05  1.00123  -nan  
3.50742e-10  0.0012662  -1.50083e-14  -4.3218e-05  1.00122  -nan  
3.71495e-10  0.00126374  -1.59055e-14  -4.32429e-05  1.00122  -nan  
3.93475e-10  0.00126128  -1.68562e-14  -4.32677e-05  1.00122  -nan  
4.16756e-10  0.00125881  -1.78638e-14  -4.32926e-05  1.00122  -nan  
4.41415e-10  0.00125635  -1.89317e-14  -4.33175e-05  1.00121  -nan  
4.67532e-10  0.00125388  -2.00634e-14  -4.33424e-05  1.00121  -nan  
4.95195e-10  0.00125141  -2.12627e-14  -4.33673e-05  1.00121  -nan  
5.24495e-10  0.00124895  -2.25337e-14  -4.33923e-05  1.00121  -nan  
5.55528e-10  0.00124647  -2.38807e-14  -4.34172e-05  1.0012  -nan  
5.88397e-10  0.001244  -2.53082e-14  -4.34422e-05  1.0012  -nan  
6.23211e-10  0.00124153  -2.6821e-14  -4.34672e-05  1.0012  -nan  
6.60085e-10  0.00123906  -2.84243e-14  -4.34922e-05  1.0012  -nan  
6.99141e-10  0.00123658  -3.01234e-14  -4.35172e-05  1.00119  -nan  
7.40507e-10  0.0012341  -3.19241e-14  -4.35422e-05  1.00119  -nan  
7.84322e-10  0.00123162  -3.38324e-14  -4.35672e-05  1.00119  -nan  
8.30728e-10  0.00122914  -3.58548e-14  -4.35923e-05  1.00119  -nan  
8.7988e-10  0.00122666  -3.79981e-14  -4.36174e-05  1.00118  -nan  
9.31941e-10  0.00122418  -4.02695e-14  -4.36424e-05  1.00118  -nan  
9.87081e-10  0.00122169  -4.26766e-14  -4.36675e-05  1.00118  -nan  
1.04548e-09  0.00121921  -4.52277e-14  -4.36926e-05  1.00118  -nan  
1.10734e-09  0.00121672  -4.79313e-14  -4.37178e-05  1.00117  -nan  
1.17286e-09  0.00121423  -5.07964e-14  -4.37429e-05  1.00117  -nan  
1.24226e-09  0.00121174  -5.38329e-14  -4.3768e-05  1.00117  -nan  
1.31576e-09  0.00120925  -5.70508e-14  -4.37932e-05  1.00117  -nan  
1.39361e-09  0.00120676  -6.04611e-14  -4.38184e-05  1.00116  -nan  
1.47607e-09  0.00120426  -6.40753e-14  -4.38436e-05  1.00116  -nan  
1.5634e-09  0.00120176  -6.79055e-14  -4.38688e-05  1.00116  -nan  
1.6559e-09  0.00119927  -7.19647e-14  -4.3894e-05  1.00116  -nan  
1.75388e-09  0.00119677  -7.62665e-14  -4.39193e-05  1.00115  -nan  
1.85765e-09  0.00119427  -8.08254e-14  -4.39445e-05  1.00115  -nan  
1.96757e-09  0.00119177  -8.56569e-14  -4.39698e-05  1.00115  -nan  
2.08398e-09  0.00118926  -9.07772e-14  -4.39951e-05  1.00115  -nan  
2.20729e-09  0.00118676  -9.62036e-14  -4.40204e-05  1.00114  -nan  
2.33789e-09  0.00118425  -1.01954e-13  -4.40457e-05  1.00114  -nan  
2.47621e-09  0.00118174  -1.08049e-13  -4.4071e-05  1.00114  -nan  
2.62273e-09  0.00117924  -1.14508e-13  -4.40963e-05  1.00114  -nan  
2.77791e-09  0.00117673  -1.21352e-13  -4.41217e-05  1.00113  -nan  
2.94227e-09  0.00117421  -1.28606e-13  -4.41471e-05  1.00113  -nan  
3.11636e-09  0.0011717  -1.36294e-13  -4.41725e-05  1.00113  -nan  
3.30074e-09  0.00116919  -1.44441e-13  -4.41979e-05  1.00113  -nan  
3.49604e-09  0.00116667  -1.53076e-13  -4.42233e-05  1.00112  -nan  
3.70289e-09  0.00116415  -1.62226e-13  -4.42487e-05  1.00112  -nan  
3.92198e-09  0.00116163  -1.71923e-13  -4.42741e-05  1.00112  -nan  
4.15404e-09  0.00115911  -1.822e-13  -4.42996e-05  1.00112  -nan  
4.39982e-09  0.00115659  -1.93092e-13  -4.43251e-05  1.00111  -nan  
4.66015e-09  0.00115407  -2.04634e-13  -4.43506e-05  1.00111  -nan  
4.93588e-09  0.00115154  -2.16866e-13  -4.43761e-05  1.00111  -nan  
5.22793e-09  0.00114902  -2.2983e-13  -4.44016e-05  1.00111  -nan  
5.53725e-09  0.00114649  -2.43568e-13  -4.44271e-05  1.0011  -nan  
5.86488e-09  0.00114396  -2.58128e-13  -4.44527e-05  1.0011  -nan  
6.21189e-09  0.00114143  -2.73558e-13  -4.44782e-05  1.0011  -nan  
6.57943e-09  0.0011389  -2.8991e-13  -4.45038e-05  1.00109  -nan  
6.96872e-09  0.00113636  -3.0724e-13  -4.45294e-05  1.00109  -nan  
7.38104e-09  0.00113383  -3.25606e-13  -4.4555e-05  1.00109  -nan  
7.81776e-09  0.00113129  -3.4507e-13  -4.45806e-05  1.00109  -nan  
8.28032e-09  0.00112875  -3.65697e-13  -4.46062e-05  1.00108  -nan  
8.77025e-09  0.00112621  -3.87557e-13  -4.46319e-05  1.00108  -nan  
9.28916e-09  0.00112367  -4.10724e-13  -4.46575e-05  1.00108  -nan  
9.83878e-09  0.00112113  -4.35276e-13  -4.46832e-05  1.00108  -nan  
1.04209e-08  0.00111859  -4.61295e-13  -4.47089e-05  1.00107  -nan  
1.10375e-08  0.00111604  -4.8887e-13  -4.47346e-05  1.00107  -nan  
1.16906e-08  0.00111349  -5.18093e-13  -4.47603e-05  1.00107  -nan  
1.23823e-08  0.00111094  -5.49062e-13  -4.47861e-05  1.00107  -nan  
1.31149e-08  0.0011084  -5.81884e-13  -4.48118e-05  1.00106  -nan  
1.38909e-08  0.00110584  -6.16667e-13  -4.48376e-05  1.00106  -nan  
1.47128e-08  0.00110329  -6.53529e-13  -4.48634e-05  1.00106  -nan  
1.55833e-08  0.00110074  -6.92595e-13  -4.48892e-05  1.00106  -nan  
1.65053e-08  0.00109818  -7.33996e-13  -4.4915e-05  1.00105  -nan  
1.74819e-08  0.00109562  -7.77871e-13  -4.49408e-05  1.00105  -nan  
1.85162e-08  0.00109307  -8.2437e-13  -4.49667e-05  1.00105  -nan  
1.96118e-08  0.00109051  -8.73648e-13  -4.49925e-05  1.00105  -nan  
2.07722e-08  0.00108794  -9.25872e-13  -4.50184e-05  1.00104  -nan  
2.20012e-08  0.00108538  -9.81217e-13  -4.50443e-05  1.00104  -nan  
2.3303e-08  0.00108282  -1.03987e-12  -4.50702e-05  1.00104  -nan  
2.46818e-08  0.00108025  -1.10203e-12  -4.50961e-05  1.00104  -nan  
2.61421e-08  0.00107768  -1.16791e-12  -4.5122e-05  1.00103  -nan  
2.76889e-08  0.00107512  -1.23772e-12  -4.5148e-05  1.00103  -nan  
2.93272e-08  0.00107255  -1.31171e-12  -4.51739e-05  1.00103  -nan  
3.10624e-08  0.00106997  -1.39012e-12  -4.51999e-05  1.00103  -nan  
3.29003e-08  0.0010674  -1.47321e-12  -4.52259e-05  1.00102  -nan  
3.48469e-08  0.00106483  -1.56128e-12  -4.52519e-05  1.00102  -nan  
3.69088e-08  0.00106225  -1.65461e-12  -4.52779e-05  1.00102  -nan  
3.90926e-08  0.00105967  -1.75351e-12  -4.53039e-05  1.00101  -nan  
4.14056e-08  0.00105709  -1.85833e-12  -4.533e-05  1.00101  -nan  
4.38554e-08  0.00105451  -1.96942e-12  -4.53561e-05  1.00101  -nan  
4.64503e-08  0.00105193  -2.08714e-12  -4.53821e-05  1.00101  -nan  
4.91986e-08  0.00104935  -2.2119e-12  -4.54082e-05  1.001  -nan  
5.21096e-08  0.00104676  -2.34412e-12  -4.54343e-05  1.001  -nan  
5.51928e-08  0.00104417  -2.48425e-12  -4.54605e-05  1.001  -nan  
5.84584e-08  0.00104159  -2.63275e-12  -4.54866e-05  1.001  -nan  
6.19173e-08  0.001039  -2.79012e-12  -4.55128e-05  1.00099  -nan  
6.55808e-08  0.00103641  -2.95691e-12  -4.55389e-05  1.00099  -nan  
6.9461e-08  0.00103381  -3.13366e-12  -4.55651e-05  1.00099  -nan  
7.35709e-08  0.00103122  -3.32098e-12  -4.55913e-05  1.00099  -nan  
7.79239e-08  0.00102862  -3.5195e-12  -4.56175e-05  1.00098  -nan  
8.25345e-08  0.00102603  -3.72988e-12  -4.56438e-05  1.00098  -nan  
8.74178e-08  0.00102343  -3.95284e-12  -4.567e-05  1.00098  -nan  
9.25901e-08  0.00102083  -4.18913e-12  -4.56963e-05  1.00098  -nan  
9.80685e-08  0.00101823  -4.43954e-12  -4.57225e-05  1.00097  -nan  
1.03871e-07  0.00101674  4.39285e-13  0.000589531  1.00102  0.0242679  
1.10017e-07  0.00101731  9.3189e-13  -0.000180711  1.00103  -nan  
1.16526e-07  0.00101747  -2.66801e-13  -0.000133517  1.00102  -nan  
1.23421e-07  0.00101721  -6.18755e-13  2.20846e-05  1.00101  0.00469704  
1.30723e-07  0.00101702  -1.44286e-13  8.96896e-05  1.00102  0.00946565  
1.38458e-07  0.0010171  5.16933e-13  7.11588e-05  1.00102  0.00843127  
1.4665e-07  0.0010174  8.85443e-13  1.76911e-05  1.00102  0.00420392  
1.55327e-07  0.00101774  8.21677e-13  -2.84101e-05  1.00102  -nan  
1.64517e-07  0.00101797  4.47503e-13  -4.7949e-05  1.00102  -nan  
1.74251e-07  0.00101805  -3.05895e-15  -4.09569e-05  1.00102  -nan  
1.84562e-07  0.00101799  -3.12965e-13  -1.77631e-05  1.00102  -nan  
1.95482e-07  0.00101788  -3.57304e-13  9.03323e-06  1.00102  0.00300401  
2.07048e-07  0.00101781  -1.23378e-13  2.96088e-05  1.00102  0.00543864  
2.19298e-07  0.00101783  3.09496e-13  3.89402e-05  1.00102  0.00623703  
2.32274e-07  0.00101797  8.11199e-13  3.66441e-05  1.00102  0.00605034  
2.46017e-07  0.00101822  1.24599e-12  2.5638e-05  1.00102  0.00506081  
2.60573e-07  0.00101853  1.50968e-12  1.04399e-05  1.00102  0.00322943  
2.7599e-07  0.00101887  1.55229e-12  -4.36314e-06  1.00102  -nan  
2.9232e-07  0.00101917  1.38453e-12  -1.52e-05  1.00102  -nan  
3.09616e-07  0.0010194  1.06982e-12  -2.00744e-05  1.00102  -nan  
3.27935e-07  0.00101956  7.06141e-13  -1.86442e-05  1.00102  -nan  
3.47339e-07  0.00101966  4.02872e-13  -1.19434e-05  1.00102  -nan  
3.6789e-07  0.00101971  2.57822e-13  -1.89911e-06  1.00102  -nan  
3.89657e-07  0.00101975  3.38688e-13  9.21104e-06  1.00102  0.00303342  
4.12712e-07  0.00101982  6.7171e-13  1.92463e-05  1.00102  0.00438482  
4.37131e-07  0.00101995  1.23865e-12  2.65622e-05  1.00102  0.00515122  
4.62995e-07  0.00102015  1.98171e-12  3.02121e-05  1.00102  0.00549374  
4.9039e-07  0.00102044  2.8149e-12  2.99953e-05  1.00103  0.00547399  
5.19405e-07  0.00102081  3.63946e-12  2.63779e-05  1.00103  0.00513331  
5.50137e-07  0.00102124  4.36093e-12  2.03253e-05  1.00103  0.00450604  
5.82687e-07  0.00102171  4.905e-12  1.30871e-05  1.00103  0.00361575  
6.17163e-07  0.0010222  5.23024e-12  5.97436e-06  1.00103  0.00244299  
6.53679e-07  0.00102268  5.33573e-12  1.59787e-07  1.00103  0.000399527  
6.92356e-07  0.00102313  5.26288e-12  -3.47462e-06  1.00103  -nan  
7.33321e-07  0.00102355  5.09124e-12  -4.42963e-06  1.00103  -nan  
7.7671e-07  0.00102393  4.92904e-12  -2.61675e-06  1.00103  -nan  
8.22666e-07  0.00102428  4.89977e-12  1.67239e-06  1.00103  0.00129254  
8.71341e-07  0.00102462  5.12666e-12  7.84321e-06  1.00103  0.00279913  
9.22896e-07  0.00102497  5.71718e-12  1.51053e-05  1.00103  0.00388455  
9.77502e-07  0.00102534  6.74932e-12  2.2592e-05  1.00103  0.00475065  
1.03534e-06  0.00102577  8.26166e-12  2.94757e-05  1.00103  0.00542635  
1.0966e-06  0.00102626  1.02482e-11  3.50663e-05  1.00104  0.00591861  
1.16148e-06  0.00102684  1.26589e-11  3.88826e-05  1.00104  0.00623235  
1.2302e-06  0.00102752  1.54055e-11  4.0693e-05  1.00104  0.00637579  
1.30299e-06  0.00102828  1.83727e-11  4.05242e-05  1.00104  0.00636255  
1.38009e-06  0.00102914  2.14333e-11  3.86406e-05  1.00104  0.00621291  
1.46174e-06  0.00103006  2.44658e-11  3.54995e-05  1.00105  0.00595503  
1.54823e-06  0.00103105  2.73722e-11  3.16895e-05  1.00105  0.0056264  
1.63983e-06  0.00103209  3.00957e-11  2.78588e-05  1.00105  0.00527537  
1.73686e-06  0.00103316  3.26338e-11  2.46424e-05  1.00105  0.0049615  
1.83963e-06  0.00103425  3.50479e-11  2.25953e-05  1.00105  0.00475095  
1.94847e-06  0.00103535  3.74664e-11  2.21384e-05  1.00105  0.00470267  
2.06376e-06  0.00103646  4.00808e-11  2.3521e-05  1.00106  0.00484728  
2.18587e-06  0.00103758  4.31362e-11  2.68036e-05  1.00106  0.00517448  
2.3152e-06  0.00103873  4.69151e-11  3.18613e-05  1.00106  0.0056416  
2.45218e-06  0.00103992  5.17173e-11  3.84052e-05  1.00106  0.00619391  
2.59727e-06  0.00104116  5.78371e-11  4.60194e-05  1.00106  0.00678016  
2.75095e-06  0.00104249  6.55404e-11  5.42083e-05  1.00107  0.00735871  
2.91371e-06  0.00104391  7.50436e-11  6.24492e-05  1.00107  0.00789826  
3.08611e-06  0.00104545  8.64978e-11  7.0245e-05  1.00107  0.00837673  
3.26871e-06  0.00104714  9.99788e-11  7.71713e-05  1.00108  0.00877999  
3.46211e-06  0.00104897  1.15486e-10  8.29156e-05  1.00108  0.00910088  
3.66696e-06  0.00105098  1.32948e-10  8.73042e-05  1.00109  0.0093386  
3.88392e-06  0.00105314  1.52244e-10  9.03161e-05  1.00109  0.00949829  
4.11373e-06  0.00105548  1.73226e-10  9.20827e-05  1.0011  0.00959071  
4.35712e-06  0.00105798  1.95752e-10  9.28745e-05  1.0011  0.00963183  
4.61493e-06  0.00106064  2.19729e-10  9.30757e-05  1.00111  0.00964223  
4.88798e-06  0.00106345  2.45151e-10  9.31501e-05  1.00111  0.00964606  
5.17719e-06  0.00106641  2.72142e-10  9.35994e-05  1.00112  0.00966927  
5.48351e-06  0.0010695  3.00989e-10  9.49202e-05  1.00112  0.00973723  
5.80796e-06  0.00107272  3.32177e-10  9.75609e-05  1.00113  0.00987172  
6.1516e-06  0.00107607  3.66401e-10  0.000101884  1.00114  0.010088  
6.51558e-06  0.00107957  4.04572e-10  0.000108136  1.00114  0.0103929  
6.90109e-06  0.00108322  4.47807e-10  0.000116427  1.00115  0.0107839  
7.30941e-06  0.00108704  4.97403e-10  0.000126726  1.00116  0.0112508  
7.74189e-06  0.00109105  5.54797e-10  0.000138862  1.00116  0.0117771  
8.19996e-06  0.00109528  6.21517e-10  0.000152544  1.00117  0.0123437  
8.68513e-06  0.00109977  6.99125e-10  0.000167389  1.00118  0.0129302  
9.19901e-06  0.00110455  7.89158e-10  0.000182951  1.00119  0.0135179  
9.7433e-06  0.00110965  8.9308e-10  0.000198767  1.0012  0.01409  
1.03198e-05  0.0011151  1.01223e-09  0.000214398  1.00121  0.0146335  
1.09304e-05  0.00112093  1.14783e-09  0.000229464  1.00123  0.0151388  
1.15771e-05  0.00112718  1.30092e-09  0.000243684  1.00124  0.0156007  
1.22621e-05  0.00113386  1.47247e-09  0.000256903  1.00125  0.0160182  
1.29876e-05  0.00114099  1.66339e-09  0.000269112  1.00127  0.0163942  
1.37561e-05  0.00114859  1.87463e-09  0.000280454  1.00128  0.016736  
1.457e-05  0.00115666  2.10735e-09  0.000291225  1.0013  0.0170542  
1.5432e-05  0.00116522  2.36303e-09  0.000301858  1.00132  0.0173626  
1.63451e-05  0.00117427  2.64368e-09  0.000312895  1.00134  0.017677  
1.73122e-05  0.00118382  2.95206e-09  0.000324955  1.00135  0.0180143  
1.83366e-05  0.00119388  3.29185e-09  0.000338685  1.00137  0.0183908  
1.94215e-05  0.00120446  3.66784e-09  0.000354719  1.00139  0.0188209  
2.05706e-05  0.0012156  4.08613e-09  0.000373622  1.00141  0.0193156  
2.17877e-05  0.00122731  4.55417e-09  0.000395847  1.00144  0.0198816  
2.30768e-05  0.00123964  5.08089e-09  0.000421696  1.00146  0.0205203  
2.44423e-05  0.00125264  5.67664e-09  0.000451287  1.00148  0.0212278  
2.58884e-05  0.00126636  6.35313e-09  0.000484542  1.00151  0.0219957  
2.74202e-05  0.00128088  7.12326e-09  0.000521182  1.00154  0.0228118  
2.90426e-05  0.00129626  8.00087e-09  0.000560748  1.00157  0.0236615  
3.0761e-05  0.00131258  9.00049e-09  0.000602629  1.00161  0.0245288  
3.2581e-05  0.00132992  1.01371e-08  0.000646115  1.00164  0.025398  
3.45088e-05  0.00134837  1.14257e-08  0.000690455  1.00168  0.0262545  
3.65506e-05  0.00136801  1.28813e-08  0.00073494  1.00172  0.0270865  
3.87132e-05  0.00138891  1.45189e-08  0.000778984  1.00176  0.0278857  
4.10037e-05  0.00141115  1.63534e-08  0.000822222  1.00181  0.0286485  
4.34298e-05  0.00143479  1.84003e-08  0.000864607  1.00186  0.0293769  
4.59995e-05  0.00145988  2.06764e-08  0.000906508  1.00191  0.0300796  
4.87212e-05  0.00148648  2.32015e-08  0.0009488  1.00196  0.0307724  
5.16039e-05  0.00151464  2.60002e-08  0.000992948  1.00202  0.0314793  
5.46572e-05  0.00154443  2.91047e-08  0.00104107  1.00208  0.0322322  
5.78911e-05  0.00157589  3.25589e-08  0.00109597  1.00214  0.0330701  
6.13164e-05  0.00160912  3.64221e-08  0.00116116  1.0022  0.0340384  
6.49443e-05  0.00164422  4.07756e-08  0.00124083  1.00227  0.0351855  
6.87869e-05  0.00168136  4.57286e-08  0.00133981  1.00235  0.0365605  
7.28569e-05  0.00172073  5.14263e-08  0.00146347  1.00243  0.0382091  
7.71677e-05  0.00176261  5.80585e-08  0.0016177  1.00251  0.0401701  
8.17335e-05  0.00180736  6.58696e-08  0.00180873  1.00261  0.0424738  
8.65695e-05  0.00185543  7.51701e-08  0.00204319  1.00272  0.0451402  
9.16916e-05  0.0019074  8.63489e-08  0.00232796  1.00285  0.0481803  
9.71167e-05  0.00196396  9.98882e-08  0.00267026  1.00299  0.0515975  
0.000102863  0.00202595  1.16381e-07  0.00307773  1.00316  0.0553899  
0.000108949  0.0020944  1.3655e-07  0.0035585  1.00335  0.0595536  
0.000115395  0.00217047  1.61274e-07  0.00412142  1.00357  0.064084  
0.000122223  0.00225557  1.91615e-07  0.00477624  1.00382  0.0689786  
0.000129455  0.00235129  2.28856e-07  0.00553385  1.00412  0.0742371  
0.000137114  0.00245947  2.74538e-07  0.00640644  1.00446  0.0798623  
0.000145227  0.00258223  3.30521e-07  0.00740769  1.00486  0.0858596  
0.00015382  0.00272198  3.99031e-07  0.00855281  1.00532  0.0922365  
0.000162921  0.00288144  4.82741e-07  0.00985848  1.00584  0.099001  
0.00017256  0.00306373  5.84845e-07  0.0113427  1.00645  0.10616  
0.00018277  0.00327233  7.09145e-07  0.0130244  1.00715  0.113719  
0.000193585  0.00351118  8.60152e-07  0.014923  1.00795  0.121677  
0.000205038  0.00378471  1.04319e-06  0.0170578  1.00887  0.13003  
0.00021717  0.00409784  1.26449e-06  0.019447  1.00992  0.138766  
0.00023002  0.00445603  1.53133e-06  0.0221071  1.01111  0.147865  
0.000243629  0.00486532  1.85211e-06  0.0250522  1.01247  0.157301  
0.000258044  0.00533233  2.23646e-06  0.0282935  1.014  0.167041  
0.000273312  0.00586423  2.69537e-06  0.0318388  1.01573  0.177048  
0.000289483  0.0064688  3.24129e-06  0.0356934  1.01767  0.18728  
0.000306611  0.00715435  3.88823e-06  0.039861  1.01984  0.197701  
0.000324753  0.00792977  4.65195e-06  0.0443454  1.02225  0.208279  
0.000343968  0.00880442  5.55015e-06  0.0491538  1.02494  0.218992  
0.000364319  0.00978822  6.60279e-06  0.0542994  1.02791  0.229837  
0.000385875  0.0108916  7.83251e-06  0.0598056  1.03119  0.240825  
0.000408707  0.0121256  9.26519e-06  0.0657096  1.0348  0.251992  
0.000432889  0.0135019  1.09308e-05  0.0720652  1.03875  0.263395  
0.000458502  0.0150329  1.28643e-05  0.0789448  1.04309  0.275106  
0.00048563  0.0167322  1.51071e-05  0.0864396  1.04784  0.287216  
0.000514364  0.0186145  1.77082e-05  0.0946585  1.05304  0.299818  
0.000544798  0.0206959  2.0726e-05  0.103724  1.05874  0.313001  
0.000577032  0.0229945  2.42301e-05  0.113768  1.06499  0.326843  
0.000611174  0.0255306  2.83032e-05  0.124926  1.07184  0.341398  
0.000647335  0.0283266  3.30432e-05  0.137326  1.07937  0.356691  
0.000685637  0.0314079  3.85646e-05  0.151091  1.08765  0.372713  
0.000726204  0.034803  4.50008e-05  0.166324  1.09677  0.389422  
0.000769172  0.0385431  5.25058e-05  0.183111  1.10681  0.406744  
0.000814682  0.042663  6.12557e-05  0.201516  1.11785  0.424583  
0.000862885  0.0472006  7.1451e-05  0.221588  1.13001  0.442826  
0.00091394  0.0521971  8.33181e-05  0.243366  1.14336  0.461358  
0.000968016  0.0576967  9.71123e-05  0.266887  1.15802  0.480072  
0.00102529  0.063747  0.000113122  0.292207  1.17408  0.498881  
0.00108595  0.0703985  0.000131671  0.319415  1.19165  0.51773  
0.00115021  0.0777052  0.000153132  0.348652  1.21084  0.536603  
0.00121826  0.0857243  0.000177927  0.380133  1.23177  0.555523  
0.00129035  0.0945173  0.00020655  0.414156  1.25459  0.574554  
0.00136669  0.10415  0.000239573  0.451115  1.27944  0.59379  
0.00144756  0.114695  0.000277676  0.491491  1.30652  0.613338  
0.0015332  0.126231  0.000321658  0.53584  1.33603  0.633301  
0.00162392  0.138845  0.000372471  0.584761  1.36821  0.653752  
0.00172  0.152635  0.000431237  0.638862  1.40335  0.674715  
0.00182177  0.167708  0.000499276  0.698709  1.44177  0.696146  
0.00192956  0.184185  0.000578128  0.764782  1.4838  0.717928  
0.00204373  0.2022  0.000669564  0.837436  1.52982  0.73987  
0.00216465  0.221902  0.000775609  0.91688  1.58021  0.761727  
0.00229273  0.24345  0.000898548  1.00319  1.63536  0.78322  
0.00242839  0.267019  0.00104094  1.09632  1.69567  0.804078  
0.00257207  0.292795  0.00120562  1.19625  1.76153  0.824072  
0.00272425  0.320976  0.00139579  1.30301  1.83333  0.84305  
0.00288544  0.35177  0.00161498  1.41692  1.91147  0.860971  
0.00305616  0.385398  0.00186726  1.53869  1.99638  0.877919  
0.00323699  0.422093  0.0021573  1.66959  2.08854  0.894093  
0.00342851  0.462104  0.00249059  1.81148  2.18854  0.909786  
0.00363137  0.505703  0.00287371  1.9668  2.29706  0.925324  
0.00384623  0.553189  0.00331459  2.13841  2.41497  0.941  
0.0040738  0.604897  0.00382276  2.32919  2.54327  0.956987  
0.00431484  0.661205  0.00440958  2.54167  2.68316  0.973275  
0.00457014  0.722539  0.00508834  2.77742  2.83593  0.98963  
0.00484054  0.789375  0.00587424  3.03668  3.00292  1.0056  
0.00512695  0.862239  0.00678414  3.31809  3.18547  1.0206  
0.0054303  0.941697  0.00783629  3.61891  3.38477  1.03401  
0.00575159  1.02835  0.00905005  3.93584  3.60183  1.04534  
0.0060919  1.1228  0.0104459  4.26644  3.83752  1.05441  
0.00645235  1.22569  0.0120459  4.61117  4.0926  1.06147  
0.00683412  1.33765  0.0138758  4.9755  4.36802  1.06727  
0.00723847  1.45935  0.0159671  5.37125  4.66521  1.07301  
0.00766676  1.59151  0.0183616  5.81601  4.98647  1.07998  
0.00812038  1.735  0.0211145  6.32942  5.33518  1.0892  
0.00860085  1.89082  0.0242967  6.92565  5.71574  1.10076  
0.00910974  2.06021  0.027992  7.6031  6.13297  1.11342  
0.00964874  2.24458  0.0322878  8.33502  6.59091  1.12455  
0.0102196  2.44543  0.0372591  9.06874  7.09126  1.13087  
0.0108243  2.66417  0.0429532  9.74542  7.63239  1.12998  
0.0114648  2.90198  0.0493931  10.352  8.21024  1.12288  
0.0121431  3.15976  0.0566291  11.0029  8.82324  1.11671  
0.0128616  3.43858  0.0648629  11.998  9.48173  1.12489  
0.0136226  3.74056  0.0745912  13.679  10.2161  1.15713  
0.0144286  4.06974  0.0864529  15.6414  11.0615  1.18913  
0.0152823  4.43  0.0997401  14.3022  11.9565  1.0937  
0.0161865  4.81191  0.106799  6.66399  12.4099  0.732795  
