slope at bottom0.000352766
LowGamma before reset1.68186
LowGamma after reset1.68186
slope at top0.761561
highGamma before reset0.910402
highGamma after reset1.01
# plotEOS table
# SpectralFit(LogRhoMin=-9.79085;LogRhoMax=-2.39085;EpsShift=0.0103562;GammaTh=2;CoefficientsFile=LS_extHighrho_constT-coeff17.input;)
#[1]rho
#[2]eps
#[3]P
#[4]dP/drho
#[5]h
#[6]cs
1e-13  -0.00962656  9.7956e-20  1.64749e-06  0.990374  0.00128977  
1.19637e-13  -0.00962637  1.32432e-19  1.86173e-06  0.990375  0.00137107  
1.43131e-13  -0.00962616  1.79041e-19  2.10383e-06  0.990375  0.00145749  
1.71237e-13  -0.00962592  2.42054e-19  2.37741e-06  0.990375  0.00154936  
2.04864e-13  -0.00962565  3.27245e-19  2.68657e-06  0.990376  0.00164702  
2.45093e-13  -0.00962535  4.42418e-19  3.03594e-06  0.990376  0.00175084  
2.93222e-13  -0.00962501  5.98127e-19  3.43074e-06  0.990377  0.0018612  
3.50803e-13  -0.00962462  8.08637e-19  3.87687e-06  0.990378  0.00197852  
4.19691e-13  -0.00962418  1.09324e-18  4.38102e-06  0.990378  0.00210323  
5.02106e-13  -0.00962368  1.478e-18  4.95074e-06  0.990379  0.00223581  
6.00706e-13  -0.00962312  1.99818e-18  5.59454e-06  0.99038  0.00237674  
7.18667e-13  -0.00962248  2.70144e-18  6.32206e-06  0.990381  0.00252655  
8.59793e-13  -0.00962177  3.65221e-18  7.14418e-06  0.990382  0.00268581  
1.02863e-12  -0.00962096  4.9376e-18  8.07322e-06  0.990384  0.0028551  
1.23063e-12  -0.00962004  6.67538e-18  9.12307e-06  0.990385  0.00303507  
1.47229e-12  -0.00961901  9.02478e-18  1.03094e-05  0.990387  0.00322638  
1.7614e-12  -0.00961784  1.2201e-17  1.16501e-05  0.990389  0.00342974  
2.10729e-12  -0.00961652  1.64952e-17  1.31651e-05  0.990391  0.00364593  
2.52111e-12  -0.00961502  2.23007e-17  1.48771e-05  0.990394  0.00387574  
3.01618e-12  -0.00961334  3.01494e-17  1.68117e-05  0.990397  0.00412004  
3.60847e-12  -0.00961143  4.07604e-17  1.89979e-05  0.9904  0.00437973  
4.31708e-12  -0.00960928  5.5106e-17  2.14684e-05  0.990403  0.0046558  
5.16483e-12  -0.00960684  7.45005e-17  2.42602e-05  0.990408  0.00494926  
6.17905e-12  -0.00960409  1.00721e-16  2.7415e-05  0.990412  0.00526122  
7.39245e-12  -0.00960098  1.3617e-16  3.09801e-05  0.990417  0.00559284  
8.84411e-12  -0.00959747  1.84094e-16  3.50088e-05  0.990423  0.00594536  
1.05808e-11  -0.0095935  2.48886e-16  3.95614e-05  0.99043  0.0063201  
1.26586e-11  -0.00958901  3.36481e-16  4.4706e-05  0.990438  0.00671845  
1.51444e-11  -0.00958394  4.54906e-16  5.05196e-05  0.990446  0.00714191  
1.81184e-11  -0.00957822  6.15009e-16  5.70892e-05  0.990456  0.00759206  
2.16763e-11  -0.00957174  8.31462e-16  6.45131e-05  0.990467  0.00807057  
2.59329e-11  -0.00956443  1.12409e-15  7.29025e-05  0.990479  0.00857923  
3.10254e-11  -0.00955616  1.51972e-15  8.23828e-05  0.990493  0.00911995  
3.71179e-11  -0.00954682  2.05458e-15  9.30959e-05  0.990509  0.00969474  
4.44068e-11  -0.00953626  2.77769e-15  0.000105202  0.990526  0.0103057  
5.31271e-11  -0.00952433  3.75529e-15  0.000118883  0.990546  0.0109552  
6.35598e-11  -0.00951085  5.07697e-15  0.000134342  0.990569  0.0116457  
7.60411e-11  -0.00949562  6.8638e-15  0.000151812  0.990595  0.0123796  
9.09734e-11  -0.0094784  9.27951e-15  0.000171554  0.990624  0.0131597  
1.08838e-10  -0.00945895  1.25454e-14  0.000193863  0.990656  0.013989  
1.30211e-10  -0.00943697  1.69608e-14  0.000219074  0.990693  0.0148705  
1.55781e-10  -0.00941213  2.29301e-14  0.000247562  0.990735  0.0158075  
1.86371e-10  -0.0093863  3.62618e-14  2.80385e-05  0.990808  0.00531965  
2.2297e-10  -0.00935243  4.24806e-14  0.000270071  0.990838  0.0165096  
2.66754e-10  -0.00931648  5.66619e-14  0.00035729  0.990896  0.0189887  
3.19138e-10  -0.00927607  7.59441e-14  0.000371182  0.990962  0.0193537  
3.81807e-10  -0.00923143  9.88961e-14  0.000360201  0.991028  0.0190647  
4.56783e-10  -0.00918352  1.25468e-13  0.000350432  0.991091  0.0188038  
5.46483e-10  -0.00913313  1.56933e-13  0.000353627  0.991154  0.0188887  
6.53796e-10  -0.00908056  1.95786e-13  0.000372404  0.991219  0.0193831  
7.82184e-10  -0.00902561  2.4558e-13  0.000404089  0.991288  0.0201901  
9.35782e-10  -0.00896776  3.10712e-13  0.000443679  0.991364  0.0211552  
1.11954e-09  -0.00890632  3.96236e-13  0.000485911  0.991448  0.0221383  
1.33939e-09  -0.00884065  5.07718e-13  0.000526496  0.991538  0.0230432  
1.60241e-09  -0.00877026  6.51211e-13  0.000562669  0.991636  0.0238205  
1.91708e-09  -0.00869486  8.33377e-13  0.000593318  0.99174  0.0244593  
2.29354e-09  -0.00861438  1.06183e-12  0.000618833  0.991849  0.0249784  
2.74392e-09  -0.0085289  1.34573e-12  0.000640804  0.991962  0.0254165  
3.28275e-09  -0.00843858  1.69678e-12  0.000661613  0.992078  0.0258243  
3.92739e-09  -0.0083436  2.13054e-12  0.000683959  0.992199  0.0262552  
4.69862e-09  -0.00824407  2.66819e-12  0.000710386  0.992324  0.0267559  
5.6213e-09  -0.00813993  3.33856e-12  0.000742874  0.992454  0.0273591  
6.72516e-09  -0.008031  4.18046e-12  0.000782554  0.992591  0.0280784  
8.0458e-09  -0.00791688  5.24512e-12  0.000829565  0.992735  0.0289074  
9.62576e-09  -0.00779703  6.59858e-12  0.000883081  0.992888  0.0298229  
1.1516e-08  -0.00767084  8.32402e-12  0.000941449  0.993052  0.0307902  
1.37774e-08  -0.00753762  1.05238e-11  0.00100243  0.993226  0.031769  
1.64829e-08  -0.00739673  1.33212e-11  0.00106351  0.993411  0.0327194  
1.97197e-08  -0.00724766  1.68623e-11  0.00112217  0.993607  0.0336064  
2.35921e-08  -0.00709001  2.13174e-11  0.00117626  0.993814  0.0344032  
2.82249e-08  -0.00692362  2.68838e-11  0.00122423  0.994029  0.0350939  
3.37675e-08  -0.00674851  3.37898e-11  0.00126539  0.994252  0.035675  
4.03984e-08  -0.0065649  4.23023e-11  0.00130005  0.994482  0.036156  
4.83316e-08  -0.00637317  5.27388e-11  0.00132949  0.994718  0.0365589  
5.78225e-08  -0.00617377  6.54875e-11  0.00135592  0.994959  0.036916  
6.91772e-08  -0.0059672  8.10356e-11  0.00138212  0.995204  0.0372664  
8.27617e-08  -0.00575383  1.00009e-10  0.00141109  0.995455  0.0376501  
9.90137e-08  -0.00553393  1.23221e-10  0.00144554  0.995711  0.038102  
1.18457e-07  -0.00530755  1.51734e-10  0.00148741  0.995973  0.0386448  
1.41719e-07  -0.00507452  1.86917e-10  0.00153744  0.996244  0.039284  
1.69549e-07  -0.00483445  2.3051e-10  0.0015948  0.996525  0.0400045  
2.02843e-07  -0.00458681  2.84666e-10  0.00165696  0.996817  0.0407707  
2.42676e-07  -0.00433102  3.5196e-10  0.00171964  0.997119  0.0415284  
2.9033e-07  -0.0040666  4.35352e-10  0.00177708  0.997433  0.0422096  
3.47343e-07  -0.00379329  5.38073e-10  0.00182235  0.997756  0.042737  
4.15551e-07  -0.00351125  6.63406e-10  0.00184799  0.998085  0.0430295  
4.97154e-07  -0.00322117  8.1436e-10  0.00184675  0.998417  0.0430078  
5.94781e-07  -0.00292445  9.93219e-10  0.00181249  0.998745  0.0426001  
7.11579e-07  -0.0026232  1.201e-09  0.00174119  0.999065  0.0417471  
8.51314e-07  -0.0023203  1.43687e-09  0.00163186  0.999368  0.0404091  
1.01849e-06  -0.00201923  1.69768e-09  0.00148731  0.999648  0.0385725  
1.21849e-06  -0.00172395  1.97774e-09  0.00131446  0.999899  0.0362573  
1.45777e-06  -0.00143857  2.26903e-09  0.00112413  1.00012  0.0335261  
1.74403e-06  -0.00116705  2.56214e-09  0.000930144  1.0003  0.0304937  
2.08651e-06  -0.00091278  2.84798e-09  0.000747812  1.00045  0.02734  
2.49624e-06  -0.000678246  3.12037e-09  0.000591982  1.00057  0.0243237  
2.98643e-06  -0.000464752  3.37923e-09  0.000474944  1.00067  0.0217859  
3.57288e-06  -0.000272249  3.63412e-09  0.000404583  1.00074  0.0201068  
4.2745e-06  -9.93362e-05  3.90742e-09  0.000383098  1.00081  0.0195649  
5.11389e-06  5.65804e-05  4.23623e-09  0.000406485  1.00088  0.0201526  
6.11811e-06  0.000198972  4.67225e-09  0.000464847  1.00096  0.0215499  
7.31954e-06  0.000331753  5.27818e-09  0.000543424  1.00105  0.0232992  
8.75689e-06  0.000458773  6.11995e-09  0.000624208  1.00116  0.0249697  
1.04765e-05  0.000583305  7.25362e-09  0.000687993  1.00128  0.0262129  
1.25338e-05  0.000707578  8.70692e-09  0.00071682  1.0014  0.0267547  
1.49951e-05  0.00083243  1.04569e-08  0.000696793  1.00153  0.0263767  
1.79397e-05  0.000957136  1.24078e-08  0.000621248  1.00165  0.0249043  
2.14625e-05  0.00107948  1.43791e-08  0.000494111  1.00175  0.0222092  
2.56772e-05  0.00119614  1.6119e-08  0.000332983  1.00182  0.0182312  
3.07194e-05  0.00130337  1.7369e-08  0.000171242  1.00187  0.0130738  
3.67518e-05  0.0013981  1.80118e-08  5.83127e-05  1.00189  0.00762908  
4.39689e-05  0.00147923  1.8341e-08  5.75089e-05  1.0019  0.00757628  
5.26031e-05  0.00154924  1.94957e-08  0.000241675  1.00192  0.015531  
6.29329e-05  0.00161564  2.41069e-08  0.000687994  1.002  0.0262035  
7.52911e-05  0.0016925  3.72237e-08  0.00147454  1.00219  0.0383579  
9.00762e-05  0.00180159  6.76453e-08  0.0026818  1.00255  0.0517202  
0.000107765  0.0019736  1.29915e-07  0.004402  1.00318  0.0662423  
0.000128927  0.00224937  2.47486e-07  0.00675801  1.00417  0.0820363  
0.000154244  0.00268195  4.5799e-07  0.00993253  1.00565  0.0993817  
0.000184533  0.00334014  8.22271e-07  0.0142072  1.0078  0.118732  
0.00022077  0.00431432  1.43996e-06  0.0200116  1.01084  0.140702  
0.000264124  0.0057258  2.47619e-06  0.027982  1.0151  0.166029  
0.00031599  0.00774071  4.20674e-06  0.0390236  1.02105  0.195497  
0.000378041  0.0105896  7.09242e-06  0.0543644  1.02935  0.229813  
0.000452278  0.014593  1.1897e-05  0.0755633  1.0409  0.269433  
0.000541093  0.0201928  1.98643e-05  0.104423  1.0569  0.314326  
0.000647348  0.0279845  3.29659e-05  0.142755  1.07891  0.36375  
0.000774469  0.0387446  5.42177e-05  0.192053  1.10875  0.416192  
0.000926553  0.0534443  8.80704e-05  0.25339  1.1485  0.46971  
0.0011085  0.073251  0.000140964  0.328281  1.20042  0.522946  
0.00132618  0.0995481  0.000222458  0.421485  1.26729  0.576704  
0.00158661  0.134055  0.00034801  0.545947  1.3534  0.63513  
0.00189817  0.179169  0.00054531  0.727548  1.46645  0.704364  
0.00227092  0.238616  0.000865718  1.00145  1.61984  0.786284  
0.00271686  0.318184  0.0013955  1.37565  1.83183  0.866586  
0.00325038  0.425256  0.0022273  1.68832  2.1105  0.894406  
0.00388866  0.562649  0.00322491  1.20046  2.39196  0.708431  
0.00465228  0.712619  0.00389693  0.846016  2.55026  0.575966  
0.00556586  0.862937  0.00467055  0.847534  2.70208  0.560053  
0.00665883  1.01352  0.00559774  0.849055  2.85417  0.545416  
0.00796644  1.16438  0.00670899  0.850578  3.00654  0.531892  
0.00953083  1.31551  0.00804086  0.852105  3.15918  0.519349  
0.0114024  1.46691  0.00963712  0.853634  3.31209  0.507674  
0.0136415  1.61858  0.0115503  0.855166  3.46528  0.496771  
0.0163203  1.77053  0.0138432  0.8567  3.61874  0.486559  
0.0195252  1.92274  0.0165913  0.858238  3.77248  0.476969  
0.0233594  2.07523  0.019885  0.859778  3.9265  0.46794  
0.0279465  2.228  0.0238326  0.861321  4.08079  0.459421  
0.0334344  2.38103  0.0285638  0.862867  4.23536  0.451364  
0.04  2.53435  0.0342343  0.864415  4.3902  0.44373  
