# plotEOS table
# ColdTable(filename=tablefromspectral-LS_extHighrho_constT-coeff17.input)
#[1]rho
#[2]eps
#[3]P
#[4]dP/drho
#[5]h
#[6]cs
1e-13  -0.00937287  2.10936e-19  2.455e-06  0.990629  0.012245  
1.19637e-13  -0.00937287  2.80538e-19  2.73514e-06  0.990629  0.012245  
1.43131e-13  -0.00937287  3.73108e-19  3.04724e-06  0.99063  0.012245  
1.71237e-13  -0.00937287  4.96223e-19  3.39493e-06  0.99063  0.012245  
2.04864e-13  -0.00937287  6.59962e-19  3.78227e-06  0.99063  0.012245  
2.45093e-13  -0.00937287  8.77731e-19  4.21379e-06  0.990631  0.012245  
2.93222e-13  -0.00937287  1.16736e-18  4.69452e-06  0.990631  0.012245  
3.50803e-13  -0.00937287  1.55255e-18  5.23006e-06  0.990632  0.012245  
4.19691e-13  -0.00937287  2.06485e-18  5.82668e-06  0.990632  0.012245  
5.02106e-13  -0.00937287  2.74619e-18  6.49132e-06  0.990633  0.012245  
6.00706e-13  -0.00937287  3.65235e-18  7.23175e-06  0.990633  0.012245  
7.18667e-13  -0.00937287  4.85752e-18  8.05659e-06  0.990634  0.012245  
8.59793e-13  -0.00937287  6.46037e-18  8.97547e-06  0.990635  0.012245  
1.02863e-12  -0.00937287  8.5921e-18  9.99911e-06  0.990635  0.012245  
1.23063e-12  -0.00937287  1.14272e-17  1.11394e-05  0.990636  0.012245  
1.47229e-12  -0.00937287  1.51979e-17  1.24098e-05  0.990637  0.012245  
1.7614e-12  -0.00937287  2.02128e-17  1.38249e-05  0.990639  0.012245  
2.10729e-12  -0.00937287  2.68824e-17  1.54013e-05  0.99064  0.012245  
2.52111e-12  -0.00937287  3.57528e-17  1.71574e-05  0.990641  0.012245  
3.01618e-12  -0.00937287  4.75503e-17  1.91137e-05  0.990643  0.012245  
3.60847e-12  -0.00937287  6.32405e-17  2.12929e-05  0.990645  0.012245  
4.31708e-12  -0.00937287  8.4108e-17  2.37205e-05  0.990647  0.012245  
5.16483e-12  -0.00937287  1.11861e-16  2.64247e-05  0.990649  0.012245  
6.17905e-12  -0.00937287  1.48772e-16  2.94371e-05  0.990651  0.012245  
7.39245e-12  -0.00937287  1.97863e-16  3.27927e-05  0.990654  0.012245  
8.84411e-12  -0.00937287  2.63152e-16  3.65307e-05  0.990657  0.012245  
1.05808e-11  -0.00937287  3.49984e-16  4.06946e-05  0.99066  0.012245  
1.26586e-11  -0.00937287  4.65469e-16  4.5333e-05  0.990664  0.012245  
1.51444e-11  -0.00937287  6.19061e-16  5.04998e-05  0.990668  0.012245  
1.81184e-11  -0.00937287  8.23333e-16  5.62552e-05  0.990673  0.012245  
2.16763e-11  -0.00937287  1.09501e-15  6.26664e-05  0.990678  0.012245  
2.59329e-11  -0.00937287  1.45633e-15  6.98078e-05  0.990683  0.012245  
3.10254e-11  -0.00937287  1.93688e-15  7.77628e-05  0.99069  0.012245  
3.71179e-11  -0.00937287  2.57599e-15  8.6624e-05  0.990697  0.012245  
4.44068e-11  -0.00937287  3.426e-15  9.64945e-05  0.990704  0.012245  
5.31271e-11  -0.00937287  4.55648e-15  0.000107489  0.990713  0.012245  
6.35598e-11  -0.00937287  6.05998e-15  0.000119736  0.990722  0.012245  
7.60411e-11  -0.00937287  8.0596e-15  0.000133378  0.990733  0.012245  
9.09734e-11  -0.00937287  1.0719e-14  0.000148573  0.990745  0.012245  
1.08838e-10  -0.00937287  1.4256e-14  0.000165499  0.990758  0.012245  
1.30211e-10  -0.00937287  1.89601e-14  0.000184353  0.990773  0.012245  
1.55781e-10  -0.00937287  2.52164e-14  0.000205353  0.990789  0.012245  
1.86371e-10  -0.00937287  3.3537e-14  0.000228745  0.990807  0.012245  
2.2297e-10  -0.00935222  4.30936e-14  0.000246475  0.990841  0.0157715  
2.66754e-10  -0.00931606  5.66986e-14  0.00035311  0.990896  0.0187759  
3.19138e-10  -0.0092757  7.57512e-14  0.000379177  0.990962  0.0192896  
3.81807e-10  -0.0092312  9.86881e-14  0.000371883  0.991027  0.0190614  
4.56783e-10  -0.00918339  1.25339e-13  0.000359936  0.991091  0.0188204  
5.46483e-10  -0.00913305  1.56907e-13  0.000357941  0.991154  0.0189028  
6.53796e-10  -0.00908053  1.95785e-13  0.000370282  0.991219  0.0193869  
7.82184e-10  -0.00902557  2.45624e-13  0.000410331  0.991288  0.0201916  
9.35782e-10  -0.00896762  3.10785e-13  0.000448253  0.991364  0.0211547  
1.11954e-09  -0.00890607  3.96275e-13  0.000488324  0.991448  0.022133  
1.33939e-09  -0.0088403  5.07726e-13  0.000525845  0.991539  0.0230336  
1.60241e-09  -0.00876983  6.50989e-13  0.000560316  0.991636  0.0238086  
1.91708e-09  -0.00869437  8.3289e-13  0.000590767  0.99174  0.0244481  
2.29354e-09  -0.00861386  1.06111e-12  0.000616086  0.991849  0.0249703  
2.74392e-09  -0.00852837  1.34474e-12  0.000639262  0.991962  0.0254134  
3.28275e-09  -0.00843806  1.69581e-12  0.000661412  0.992079  0.025827  
3.92739e-09  -0.0083431  2.12977e-12  0.000684199  0.992199  0.026263  
4.69862e-09  -0.00824357  2.66749e-12  0.000710556  0.992324  0.026767  
5.6213e-09  -0.00813944  3.33823e-12  0.000743507  0.992454  0.0273711  
6.72516e-09  -0.00803052  4.18049e-12  0.000782062  0.992591  0.0280889  
8.0458e-09  -0.00791642  5.2454e-12  0.000828474  0.992736  0.0289149  
9.62576e-09  -0.00779661  6.59876e-12  0.000881213  0.992889  0.029827  
1.1516e-08  -0.00767049  8.32489e-12  0.000940458  0.993052  0.0307912  
1.37774e-08  -0.00753738  1.05235e-11  0.00100132  0.993226  0.0317684  
1.64829e-08  -0.00739667  1.33222e-11  0.00106584  0.993412  0.032719  
1.97197e-08  -0.00724752  1.68626e-11  0.00111559  0.993608  0.0336049  
2.35921e-08  -0.00708968  2.13138e-11  0.00116826  0.993814  0.0343991  
2.82249e-08  -0.00692313  2.68768e-11  0.00121518  0.994029  0.0350878  
3.37675e-08  -0.00674789  3.37778e-11  0.00125622  0.994252  0.0356679  
4.03984e-08  -0.0065642  4.22823e-11  0.00129098  0.994482  0.0361496  
4.83316e-08  -0.00637243  5.27074e-11  0.00132289  0.994718  0.0365548  
5.78225e-08  -0.00617302  6.54496e-11  0.00135108  0.994959  0.0369157  
6.91772e-08  -0.00596645  8.09907e-11  0.00137925  0.995204  0.0372703  
8.27617e-08  -0.0057531  9.99648e-11  0.00141098  0.995455  0.0376579  
9.90137e-08  -0.00553321  1.2318e-10  0.00144535  0.995711  0.0381122  
1.18457e-07  -0.00530684  1.51697e-10  0.00148878  0.995974  0.0386554  
1.41719e-07  -0.0050738  1.86886e-10  0.00153826  0.996245  0.0392926  
1.69549e-07  -0.00483375  2.30489e-10  0.00159645  0.996526  0.0400094  
2.02843e-07  -0.00458616  2.84659e-10  0.00165928  0.996817  0.0407709  
2.42676e-07  -0.00433045  3.51925e-10  0.00172267  0.99712  0.0415244  
2.9033e-07  -0.00406617  4.35271e-10  0.00178432  0.997433  0.042203  
3.47343e-07  -0.00379303  5.38022e-10  0.00183822  0.997756  0.0427308  
4.15551e-07  -0.0035112  6.63408e-10  0.00187372  0.998085  0.0430276  
4.97154e-07  -0.00322106  8.1423e-10  0.00180611  0.998417  0.0430005  
5.94781e-07  -0.00292429  9.92699e-10  0.0017677  0.998745  0.0425819  
7.11579e-07  -0.00262315  1.19996e-09  0.00169525  0.999063  0.0417184  
8.51314e-07  -0.00232048  1.43515e-09  0.0015851  0.999365  0.040372  
1.01849e-06  -0.00201978  1.69486e-09  0.00144582  0.999644  0.038531  
1.21849e-06  -0.00172496  1.97377e-09  0.00128087  0.999895  0.0362174  
1.45777e-06  -0.00144007  2.26391e-09  0.00109966  1.00011  0.0334952  
1.74403e-06  -0.00116897  2.55604e-09  0.000917537  1.0003  0.0304808  
2.08651e-06  -0.000915  2.8413e-09  0.000743996  1.00045  0.027355  
2.49624e-06  -0.000680595  3.11373e-09  0.000597413  1.00057  0.0243754  
2.98643e-06  -0.000467026  3.37371e-09  0.00048415  1.00066  0.0218764  
3.57288e-06  -0.00027426  3.63092e-09  0.000413575  1.00074  0.020222  
4.2745e-06  -0.000100943  3.90712e-09  0.000385083  1.00081  0.0196729  
5.11389e-06  5.54449e-05  4.23905e-09  0.000398643  1.00088  0.0202238  
6.11811e-06  0.000198292  4.67706e-09  0.000445259  1.00096  0.021579  
7.31954e-06  0.000331438  5.28285e-09  0.000515551  1.00105  0.0232997  
8.75689e-06  0.000458685  6.12294e-09  0.000596271  1.00116  0.0249603  
1.04765e-05  0.000583302  7.25409e-09  0.000669706  1.00128  0.0262103  
1.25338e-05  0.00070759  8.70523e-09  0.000701538  1.0014  0.0267353  
1.49951e-05  0.00083241  1.0448e-08  0.000663598  1.00153  0.0263298  
1.79397e-05  0.00095696  1.23829e-08  0.000577699  1.00165  0.0248298  
2.14625e-05  0.001079  1.4332e-08  0.000448104  1.00175  0.0221117  
2.56772e-05  0.00119526  1.60474e-08  0.000292487  1.00182  0.0181276  
3.07194e-05  0.0013021  1.72824e-08  0.000145109  1.00186  0.0130415  
3.67518e-05  0.00139663  1.79515e-08  5.21615e-05  1.00189  0.00825603  
4.39689e-05  0.00147799  1.84e-08  6.95255e-05  1.0019  0.00848186  
5.26031e-05  0.00154879  1.98113e-08  0.000257462  1.00193  0.0158014  
6.29329e-05  0.00161669  2.47281e-08  0.000683188  1.00201  0.0263654  
7.52911e-05  0.00169571  3.7938e-08  0.00144146  1.0022  0.038487  
9.00762e-05  0.0018075  6.81213e-08  0.00264208  1.00256  0.0518355  
0.000107765  0.00198241  1.29966e-07  0.00438938  1.00319  0.0663548  
0.000128927  0.00226085  2.47113e-07  0.0067979  1.00418  0.0821529  
0.000154244  0.00269524  4.57324e-07  0.0100346  1.00566  0.0995019  
0.000184533  0.00335343  8.21589e-07  0.0143679  1.00781  0.118844  
0.00022077  0.00432433  1.43945e-06  0.0201975  1.01084  0.140782  
0.000264124  0.00572675  2.47606e-06  0.0281515  1.0151  0.166036  
0.00031599  0.00776077  4.2067e-06  0.0390226  1.02107  0.195608  
0.000378041  0.0106432  7.09278e-06  0.0544463  1.02941  0.230046  
0.000452278  0.0146973  1.18981e-05  0.075666  1.041  0.269754  
0.000541093  0.0203699  1.98646e-05  0.104442  1.05708  0.314661  
0.000647348  0.0282603  3.29589e-05  0.142525  1.07917  0.363999  
0.000774469  0.0391461  5.41841e-05  0.191475  1.10911  0.416275  
0.000926553  0.0539959  8.79844e-05  0.252619  1.14895  0.469661  
0.0011085  0.073973  0.000140826  0.327697  1.20101  0.522988  
0.00132618  0.100464  0.000222359  0.421578  1.26813  0.577208  
0.00158661  0.13521  0.000348255  0.54651  1.35471  0.636329  
0.00189817  0.180649  0.000546417  0.726475  1.46851  0.705841  
0.00227092  0.240537  0.000867845  0.995227  1.62269  0.786595  
0.00271686  0.320577  0.00139648  1.36867  1.83458  0.863218  
0.00325038  0.427733  0.00221703  1.72879  2.10982  0.882923  
0.00388866  0.563837  0.00317382  1.51824  2.38001  0.6672  
0.00465228  0.586175  0.00443444  1.77332  2.53935  0.624159  
0.00556586  0.586175  0.00619685  2.07157  2.69954  0.624159  
0.00665883  0.586175  0.00865971  2.41998  2.88666  0.624159  
0.00796644  0.586175  0.0121014  2.827  3.10522  0.624159  
0.00953083  0.586175  0.016911  3.30247  3.36052  0.624159  
0.0114024  0.586175  0.023632  3.85791  3.65872  0.624159  
0.0136415  0.586175  0.0330243  4.50677  4.00704  0.624159  
0.0163203  0.586175  0.0461494  5.26476  4.4139  0.624159  
0.0195252  0.586175  0.0644909  6.15023  4.88914  0.624159  
0.0233594  0.586175  0.0901221  7.18463  5.44424  0.624159  
0.0279465  0.586175  0.12594  8.39301  6.09264  0.624159  
0.0334344  0.586175  0.175993  9.80462  6.85001  0.624159  
0.04  0.586175  0.24594  11.4537  7.73467  0.624159  
