# plotEOS table
# BetaEq(filename=LS_beta.input)
#[1]rho
#[2]eps
#[3]P
#[4]dP/drho
#[5]h
#[6]cs
1e-13  -0.00941473  2.57314e-19  3.18741e-06  0.990588  0.016341  
1.47281e-13  -0.00941473  4.75089e-19  4.01019e-06  0.990588  0.016341  
2.16916e-13  -0.00941473  8.77174e-19  5.0453e-06  0.990589  0.016341  
3.19475e-13  -0.00941473  1.61956e-18  6.34751e-06  0.99059  0.016341  
4.70526e-13  -0.00941473  2.99025e-18  7.98572e-06  0.990592  0.016341  
6.92993e-13  -0.00941473  5.52102e-18  1.00466e-05  0.990593  0.016341  
1.02065e-12  -0.00941473  1.01937e-17  1.26392e-05  0.990595  0.016341  
1.50321e-12  -0.00941473  1.88209e-17  1.59006e-05  0.990598  0.016341  
2.21394e-12  -0.00941473  3.47498e-17  2.00033e-05  0.990601  0.016341  
3.26071e-12  -0.00941473  6.41598e-17  2.51644e-05  0.990605  0.016341  
4.8024e-12  -0.00941473  1.18461e-16  3.16566e-05  0.99061  0.016341  
7.073e-12  -0.00941473  2.18718e-16  3.98233e-05  0.990616  0.016341  
1.04172e-11  -0.00941473  4.03828e-16  5.00962e-05  0.990624  0.016341  
1.53425e-11  -0.00941473  7.45603e-16  6.30185e-05  0.990634  0.016341  
2.25965e-11  -0.00941473  1.37663e-15  7.9273e-05  0.990646  0.016341  
3.32803e-11  -0.00941473  2.54173e-15  9.9719e-05  0.990662  0.016341  
4.90154e-11  -0.00941473  4.6929e-15  0.000125437  0.990681  0.016341  
7.21903e-11  -0.00941473  8.66467e-15  0.000157786  0.990705  0.016341  
1.06322e-10  -0.00941473  1.59979e-14  0.000198475  0.990736  0.016341  
1.56592e-10  -0.00941473  2.95375e-14  0.000249653  0.990774  0.016341  
2.3063e-10  -0.00934554  4.99656e-14  0.000289748  0.990871  0.0172954  
3.39674e-10  -0.00925931  8.37914e-14  0.000328752  0.990987  0.0184095  
5.00274e-10  -0.00916089  1.40257e-13  0.000372254  0.991119  0.0195844  
7.36806e-10  -0.00904563  2.34278e-13  0.000420445  0.991272  0.0208211  
1.08517e-09  -0.00891504  3.90582e-13  0.000474177  0.991445  0.0221209  
1.59825e-09  -0.00876812  6.49942e-13  0.00053375  0.991639  0.0234845  
2.35391e-09  -0.00860231  1.07937e-12  0.000598992  0.991856  0.0249119  
3.46686e-09  -0.00841226  1.7883e-12  0.000671086  0.992104  0.0264014  
5.10602e-09  -0.00820118  2.95667e-12  0.000750124  0.992378  0.0279518  
7.52018e-09  -0.00796203  4.87507e-12  0.000834638  0.992686  0.0295578  
1.10758e-08  -0.00769642  8.01686e-12  0.000927148  0.993027  0.0312147  
1.63125e-08  -0.00739757  1.31376e-11  0.00102361  0.993408  0.0329117  
2.40251e-08  -0.00706748  2.14531e-11  0.00112464  0.993825  0.0346383  
3.53844e-08  -0.00670238  3.48812e-11  0.00122884  0.994283  0.0363768  
5.21143e-08  -0.00629854  5.64134e-11  0.0013357  0.994784  0.038104  
7.67543e-08  -0.00585676  9.06867e-11  0.00143577  0.995325  0.0397917  
1.13044e-07  -0.00537534  1.4471e-10  0.00152796  0.995905  0.0414024  
1.66492e-07  -0.00485545  2.28908e-10  0.00161052  0.996519  0.0428914  
2.45211e-07  -0.00430226  3.58528e-10  0.00166455  0.99716  0.0442073  
3.61149e-07  -0.00371432  5.54689e-10  0.00170678  0.997822  0.0452927  
5.31902e-07  -0.00310164  8.46816e-10  0.00170792  0.99849  0.0460941  
7.83389e-07  -0.00247153  1.27357e-09  0.00167651  0.999154  0.0465584  
1.15378e-06  -0.00183155  1.86896e-09  0.00139451  0.999788  0.0464537  
1.6993e-06  -0.00121051  2.44919e-09  0.000792712  1.00023  0.0438335  
2.50274e-06  -0.00068843  3.02233e-09  0.00066212  1.00052  0.0400983  
3.68605e-06  -0.000254535  3.77156e-09  0.000612283  1.00077  0.0367716  
5.42884e-06  0.000116595  4.78578e-09  0.000559532  1.001  0.0338238  
7.99563e-06  0.000435821  6.09857e-09  0.000476907  1.0012  0.0308175  
1.1776e-05  0.000706417  7.59106e-09  0.000334819  1.00135  0.0271171  
1.73438e-05  0.000931028  9.42769e-09  0.000542783  1.00147  0.0232084  
2.55441e-05  0.00113824  1.36438e-08  0.000501965  1.00167  0.0223553  
3.76215e-05  0.00134122  1.97416e-08  0.000525451  1.00187  0.0231425  
5.54091e-05  0.00154868  3.15949e-08  0.00081231  1.00212  0.0292071  
8.1607e-05  0.00180511  6.59239e-08  0.00180221  1.00261  0.0432941  
0.000120191  0.00223508  1.83759e-07  0.00438269  1.00376  0.0668763  
0.000177019  0.00315114  6.24219e-07  0.0129246  1.00668  0.112002  
0.000260714  0.00543382  2.3225e-06  0.0289834  1.01434  0.168493  
0.000383982  0.0108098  7.69645e-06  0.0596885  1.03085  0.241474  
0.000565531  0.0221399  2.28519e-05  0.11178  1.06255  0.33025  
0.000832918  0.0444198  6.50566e-05  0.208749  1.12253  0.439192  
0.00122673  0.086753  0.000180107  0.383086  1.23357  0.566602  
0.00180673  0.137882  0.000457015  0.648639  1.39083  0.664984  
0.00266097  0.137882  0.000971099  0.922001  1.50282  0.664984  
0.00391909  0.137882  0.00206346  1.31028  1.6644  0.664984  
0.00577206  0.137882  0.0043846  1.86163  1.89751  0.664984  
0.00850113  0.137882  0.00931674  2.64436  2.23382  0.664984  
0.0125205  0.137882  0.0197969  3.75526  2.71904  0.664984  
0.0184403  0.137882  0.0420659  5.3315  3.41908  0.664984  
0.027159  0.137882  0.0893849  7.56738  4.42905  0.664984  
0.04  0.137882  0.189932  10.738  5.88617  0.664984  
