# PlotEOS table
# ColdTable(filename=input/LS_Gamma2_appended_ColdTable.input)
#[1] rho
#[2] eps
#[3] P
#[4] dP/drho
#[5] h
#[6] cs
1e-13  0.00101606  9.65281e-26  1.92794e-12  1.00102  1.38819e-06  
1.05917e-13  0.00101606  1.08296e-25  2.04704e-12  1.00102  1.42873e-06  
1.12184e-13  0.00101606  1.21485e-25  2.16354e-12  1.00102  1.47042e-06  
1.18821e-13  0.00101606  1.36289e-25  2.29707e-12  1.00102  1.5133e-06  
1.25852e-13  0.00101606  1.52904e-25  2.4281e-12  1.00102  1.55739e-06  
1.33298e-13  0.00101606  1.71521e-25  2.57197e-12  1.00102  1.60274e-06  
1.41185e-13  0.00101606  1.92408e-25  2.73048e-12  1.00102  1.64937e-06  
1.49538e-13  0.00101606  2.15896e-25  2.89307e-12  1.00102  1.69753e-06  
1.58386e-13  0.00101606  2.42202e-25  3.05797e-12  1.00102  1.74711e-06  
1.67758e-13  0.00101606  2.7171e-25  3.23939e-12  1.00102  1.79811e-06  
1.77683e-13  0.00101606  3.04775e-25  3.4236e-12  1.00102  1.85055e-06  
1.88197e-13  0.00101606  3.41865e-25  3.63429e-12  1.00102  1.90449e-06  
1.99332e-13  0.00101606  3.83535e-25  3.85011e-12  1.00102  1.95995e-06  
2.11126e-13  0.00101606  4.30292e-25  4.07881e-12  1.00102  2.01699e-06  
2.23618e-13  0.00101606  4.82757e-25  4.32118e-12  1.00102  2.07581e-06  
2.36848e-13  0.00101606  5.41505e-25  4.56703e-12  1.00102  2.13646e-06  
2.50862e-13  0.00101606  6.07515e-25  4.84884e-12  1.00102  2.19882e-06  
2.65705e-13  0.00101606  6.81526e-25  5.12535e-12  1.00102  2.26297e-06  
2.81426e-13  0.00101606  7.64571e-25  5.44134e-12  1.00102  2.32893e-06  
2.98078e-13  0.00101606  8.57814e-25  5.75236e-12  1.00102  2.39677e-06  
3.15714e-13  0.00101606  9.62273e-25  6.09336e-12  1.00102  2.46653e-06  
3.34394e-13  0.00101606  1.07947e-24  6.45471e-12  1.00102  2.53838e-06  
3.5418e-13  0.00101606  1.21097e-24  6.83761e-12  1.00102  2.61255e-06  
3.75136e-13  0.00101606  1.35851e-24  7.24337e-12  1.00102  2.68883e-06  
3.97331e-13  0.00101606  1.52405e-24  7.67334e-12  1.00102  2.76729e-06  
4.20841e-13  0.00101606  1.7098e-24  8.129e-12  1.00102  2.84797e-06  
4.45741e-13  0.00101606  1.91808e-24  8.59286e-12  1.00102  2.93095e-06  
4.72114e-13  0.00101606  2.15149e-24  9.12105e-12  1.00102  3.01627e-06  
5.00048e-13  0.00101606  2.41385e-24  9.66322e-12  1.00102  3.10402e-06  
5.29635e-13  0.00101606  2.70825e-24  1.02378e-11  1.00102  3.19474e-06  
5.60972e-13  0.00101606  3.038e-24  1.08217e-11  1.00102  3.28804e-06  
5.94163e-13  0.00101606  3.40782e-24  1.14629e-11  1.00102  3.38399e-06  
6.29319e-13  0.00101606  3.82323e-24  1.21695e-11  1.00102  3.48268e-06  
6.66554e-13  0.00101606  4.28948e-24  1.28659e-11  1.00102  3.58416e-06  
7.05992e-13  0.00101606  4.81194e-24  1.36291e-11  1.00102  3.68852e-06  
7.47764e-13  0.00101606  5.39814e-24  1.44378e-11  1.00102  3.79584e-06  
7.92008e-13  0.00101606  6.05588e-24  1.52948e-11  1.00102  3.90666e-06  
8.38869e-13  0.00101606  6.79389e-24  1.6203e-11  1.00102  4.02078e-06  
8.88503e-13  0.00101606  7.62068e-24  1.71269e-11  1.00102  4.13813e-06  
9.41073e-13  0.00101606  8.54883e-24  1.81805e-11  1.00102  4.25883e-06  
9.96755e-13  0.00101606  9.59123e-24  1.92612e-11  1.00102  4.38295e-06  
1.05573e-12  0.00101606  1.07603e-23  2.03633e-11  1.00102  4.5106e-06  
1.1182e-12  0.00101606  1.207e-23  2.15697e-11  1.00102  4.64186e-06  
1.18436e-12  0.00101606  1.35394e-23  2.2848e-11  1.00102  4.77722e-06  
1.25443e-12  0.00101606  1.51912e-23  2.42576e-11  1.00102  4.91678e-06  
1.32865e-12  0.00101606  1.70422e-23  2.56449e-11  1.00102  5.06032e-06  
1.40727e-12  0.00101606  1.9118e-23  2.71665e-11  1.00102  5.20795e-06  
1.49053e-12  0.00101606  2.14472e-23  2.87789e-11  1.00102  5.35976e-06  
1.57872e-12  0.00101606  2.40605e-23  3.04876e-11  1.00102  5.51589e-06  
1.67213e-12  0.00101606  2.69929e-23  3.22985e-11  1.00102  5.67644e-06  
1.77107e-12  0.00101606  3.02834e-23  3.42176e-11  1.00102  5.84176e-06  
1.87586e-12  0.00101606  3.3968e-23  3.61702e-11  1.00102  6.01246e-06  
1.98685e-12  0.00101606  3.81085e-23  3.8397e-11  1.00102  6.18802e-06  
2.10441e-12  0.00101606  4.27502e-23  4.05932e-11  1.00102  6.36858e-06  
2.22892e-12  0.00101606  4.79597e-23  4.30905e-11  1.00102  6.55426e-06  
2.3608e-12  0.00101606  5.38076e-23  4.55609e-11  1.00102  6.74522e-06  
2.50048e-12  0.00101606  6.03604e-23  4.82634e-11  1.00102  6.94159e-06  
2.64843e-12  0.00101606  6.77127e-23  5.11274e-11  1.00102  7.14352e-06  
2.80513e-12  0.00101606  7.59622e-23  5.41625e-11  1.00102  7.3523e-06  
2.9711e-12  0.00101606  8.52186e-23  5.73791e-11  1.00102  7.56702e-06  
3.1469e-12  0.00101606  9.56051e-23  6.0788e-11  1.00102  7.78786e-06  
3.33309e-12  0.00101606  1.07247e-22  6.42657e-11  1.00102  8.01497e-06  
3.5303e-12  0.00101606  1.20306e-22  6.82122e-11  1.00102  8.24853e-06  
3.73918e-12  0.00101606  1.34972e-22  7.21237e-11  1.00102  8.48871e-06  
3.96042e-12  0.00101606  1.51403e-22  7.65499e-11  1.00102  8.73569e-06  
4.19475e-12  0.00101606  1.69874e-22  8.11067e-11  1.00102  8.99069e-06  
4.44294e-12  0.00101606  1.90566e-22  8.57516e-11  1.00102  9.25331e-06  
4.70582e-12  0.00101606  2.13777e-22  9.08405e-11  1.00102  9.5234e-06  
4.98425e-12  0.00101606  2.39821e-22  9.62336e-11  1.00102  9.80118e-06  
5.27916e-12  0.00101606  2.69043e-22  1.01949e-10  1.00102  1.00868e-05  
5.59151e-12  0.00101606  3.01833e-22  1.08007e-10  1.00102  1.03806e-05  
5.92235e-12  0.00101606  3.38622e-22  1.14203e-10  1.00102  1.06827e-05  
6.27276e-12  0.00101606  3.79825e-22  1.20968e-10  1.00102  1.09942e-05  
6.64391e-12  0.00101606  4.26139e-22  1.28411e-10  1.00102  1.13154e-05  
7.03701e-12  0.00101606  4.78039e-22  1.35768e-10  1.00102  1.16458e-05  
7.45337e-12  0.00101606  5.36244e-22  1.43821e-10  1.00102  1.19855e-05  
7.89437e-12  0.00101606  6.0161e-22  1.52663e-10  1.00102  1.23349e-05  
8.36146e-12  0.00101606  6.74999e-22  1.6144e-10  1.00102  1.26942e-05  
8.85619e-12  0.00101606  7.57219e-22  1.70697e-10  1.00102  1.30637e-05  
9.38019e-12  0.00101606  8.49311e-22  1.80801e-10  1.00102  1.34441e-05  
9.9352e-12  0.00101606  9.52828e-22  1.91912e-10  1.00102  1.38369e-05  
1.0523e-11  0.00101606  1.069e-21  2.03324e-10  1.00102  1.42409e-05  
1.11457e-11  0.00101606  1.19919e-21  2.14983e-10  1.00102  1.46565e-05  
1.18051e-11  0.00101606  1.3453e-21  2.28184e-10  1.00102  1.50838e-05  
1.25036e-11  0.00101606  1.50932e-21  2.41299e-10  1.00102  1.55233e-05  
1.32434e-11  0.00101606  1.69314e-21  2.55619e-10  1.00102  1.59752e-05  
1.4027e-11  0.00101606  1.89938e-21  2.70796e-10  1.00102  1.644e-05  
1.48569e-11  0.00101606  2.1308e-21  2.86881e-10  1.00102  1.69204e-05  
1.5736e-11  0.00101606  2.39047e-21  3.03929e-10  1.00102  1.74145e-05  
1.66671e-11  0.00101606  2.68186e-21  3.21998e-10  1.00102  1.79228e-05  
1.76532e-11  0.00101606  3.0085e-21  3.4048e-10  1.00102  1.84455e-05  
1.86977e-11  0.00101606  3.37494e-21  3.61363e-10  1.00102  1.8983e-05  
1.9804e-11  0.00101606  3.78645e-21  3.82151e-10  1.00102  1.95358e-05  
2.09758e-11  0.00101606  4.24752e-21  4.04829e-10  1.00102  2.01042e-05  
2.22168e-11  0.00101606  4.76486e-21  4.28864e-10  1.00102  2.06909e-05  
2.35314e-11  0.00101606  5.34535e-21  4.54337e-10  1.00102  2.12954e-05  
2.49237e-11  0.00101606  5.99671e-21  4.81335e-10  1.00102  2.1917e-05  
2.63983e-11  0.00101606  6.72762e-21  5.09951e-10  1.00102  2.25563e-05  
2.79603e-11  0.00101606  7.54717e-21  5.39253e-10  1.00102  2.32137e-05  
2.96146e-11  0.00101606  8.46616e-21  5.72296e-10  1.00102  2.38898e-05  
3.13668e-11  0.00101606  9.49862e-21  6.05258e-10  1.00102  2.4585e-05  
3.32227e-11  0.00101606  1.06553e-20  6.4118e-10  1.00102  2.53017e-05  
3.51884e-11  0.00101606  1.1953e-20  6.79252e-10  1.00102  2.60409e-05  
3.72705e-11  0.00101606  1.34093e-20  7.19604e-10  1.00102  2.68012e-05  
3.94757e-11  0.00101606  1.50433e-20  7.62374e-10  1.00102  2.75831e-05  
4.18113e-11  0.00101606  1.68769e-20  8.07707e-10  1.00102  2.83872e-05  
4.42852e-11  0.00101606  1.89333e-20  8.5418e-10  1.00102  2.92142e-05  
4.69055e-11  0.00101606  2.12385e-20  9.06482e-10  1.00102  3.00646e-05  
4.96808e-11  0.00101606  2.38291e-20  9.60462e-10  1.00102  3.09398e-05  
5.26203e-11  0.00101606  2.67312e-20  1.01568e-09  1.00102  3.1844e-05  
5.57337e-11  0.00101606  2.99873e-20  1.07601e-09  1.00102  3.27738e-05  
5.90313e-11  0.00101606  3.3641e-20  1.13996e-09  1.00102  3.37302e-05  
6.2524e-11  0.00101606  3.7741e-20  1.20774e-09  1.00102  3.47137e-05  
6.62234e-11  0.00101606  4.23389e-20  1.27726e-09  1.00102  3.57251e-05  
7.01417e-11  0.00101606  4.74936e-20  1.35543e-09  1.00102  3.67652e-05  
7.42919e-11  0.00101606  5.32862e-20  1.43363e-09  1.00102  3.78348e-05  
7.86875e-11  0.00101606  5.9775e-20  1.51875e-09  1.00102  3.89402e-05  
8.33433e-11  0.00101606  6.7056e-20  1.60897e-09  1.00102  4.00775e-05  
8.82745e-11  0.00101606  7.52259e-20  1.7046e-09  1.00102  4.12472e-05  
9.34975e-11  0.00101606  8.43937e-20  1.80596e-09  1.00102  4.24501e-05  
9.90295e-11  0.00101606  9.46745e-20  1.90997e-09  1.00102  4.36872e-05  
1.04889e-10  0.00101606  1.06202e-19  2.02685e-09  1.00102  4.49593e-05  
1.11095e-10  0.00101606  1.19154e-19  2.14385e-09  1.00102  4.62675e-05  
1.17668e-10  0.00101606  1.33664e-19  2.27117e-09  1.00102  4.76176e-05  
1.2463e-10  0.00101606  1.49946e-19  2.40612e-09  1.00102  4.90086e-05  
1.32004e-10  0.00101606  1.68217e-19  2.54917e-09  1.00102  5.04392e-05  
1.39815e-10  0.00101606  1.88719e-19  2.7008e-09  1.00102  5.19105e-05  
1.48087e-10  0.00101606  2.11709e-19  2.85645e-09  1.00102  5.34235e-05  
1.56849e-10  0.00101606  2.37491e-19  3.03125e-09  1.00102  5.49795e-05  
1.6613e-10  0.00101606  2.66455e-19  3.20637e-09  1.00102  5.65797e-05  
1.75959e-10  0.00101606  2.98909e-19  3.39687e-09  1.00102  5.82286e-05  
1.8637e-10  0.00101606  3.35325e-19  3.5988e-09  1.00102  5.99299e-05  
1.97397e-10  0.00101606  3.76189e-19  3.81284e-09  1.00102  6.16797e-05  
2.09077e-10  0.00101607  4.21996e-19  4.03253e-09  1.00102  6.34792e-05  
2.21447e-10  0.00101607  4.73402e-19  4.27935e-09  1.00102  6.53298e-05  
2.3455e-10  0.00101607  5.31112e-19  4.52652e-09  1.00102  6.72329e-05  
2.48428e-10  0.00101607  5.95796e-19  4.79546e-09  1.00102  6.919e-05  
2.63127e-10  0.00101607  6.68379e-19  5.08055e-09  1.00102  7.12042e-05  
2.78695e-10  0.00101607  7.49828e-19  5.38276e-09  1.00102  7.32849e-05  
2.95185e-10  0.00101607  8.411e-19  5.69288e-09  1.00102  7.5425e-05  
3.1265e-10  0.00101607  9.43596e-19  6.04145e-09  1.00102  7.76259e-05  
3.31149e-10  0.00101607  1.05859e-18  6.39037e-09  1.00102  7.98894e-05  
3.50742e-10  0.00101607  1.18751e-18  6.77015e-09  1.00102  8.22171e-05  
3.71495e-10  0.00101607  1.33219e-18  7.17272e-09  1.00102  8.46109e-05  
3.93475e-10  0.00101607  1.49454e-18  7.59948e-09  1.00102  8.70725e-05  
4.16756e-10  0.00101607  1.67673e-18  8.0519e-09  1.00102  8.96159e-05  
4.41415e-10  0.00101607  1.88089e-18  8.51643e-09  1.00102  9.22333e-05  
4.67532e-10  0.00101607  2.1102e-18  9.03812e-09  1.00102  9.49252e-05  
4.95195e-10  0.00101607  2.36743e-18  9.56083e-09  1.00102  9.76937e-05  
5.24495e-10  0.00101607  2.65571e-18  1.01126e-08  1.00102  0.000100541  
5.55528e-10  0.00101607  2.97896e-18  1.07303e-08  1.00102  0.000103468  
5.88397e-10  0.00101607  3.34212e-18  1.13511e-08  1.00102  0.000106479  
6.23211e-10  0.00101607  3.74904e-18  1.20255e-08  1.00102  0.000109586  
6.60085e-10  0.00101607  4.20633e-18  1.27626e-08  1.00102  0.000112787  
6.99141e-10  0.00101607  4.71902e-18  1.35009e-08  1.00102  0.00011608  
7.40507e-10  0.00101607  5.29356e-18  1.42805e-08  1.00102  0.000119466  
7.84322e-10  0.00101607  5.93828e-18  1.51533e-08  1.00102  0.000122948  
8.30728e-10  0.00101607  6.66212e-18  1.60305e-08  1.00102  0.000126529  
8.7988e-10  0.00101607  7.47347e-18  1.69835e-08  1.00102  0.000130212  
9.31941e-10  0.00101607  8.38393e-18  1.79937e-08  1.00102  0.000134006  
9.87081e-10  0.00101607  9.40565e-18  1.90648e-08  1.00102  0.000137921  
1.04548e-09  0.00101607  1.05522e-17  2.02003e-08  1.00102  0.000141948  
1.10734e-09  0.00101607  1.18377e-17  2.13689e-08  1.00102  0.000146089  
1.17286e-09  0.00101607  1.32794e-17  2.26395e-08  1.00102  0.000150348  
1.24226e-09  0.00101607  1.48972e-17  2.39865e-08  1.00102  0.000154728  
1.31576e-09  0.00101608  1.67127e-17  2.54146e-08  1.00102  0.000159233  
1.39361e-09  0.00101608  1.87502e-17  2.69287e-08  1.00102  0.000163867  
1.47607e-09  0.00101608  2.10332e-17  2.84857e-08  1.00102  0.000168656  
1.5634e-09  0.00101608  2.3595e-17  3.018e-08  1.00102  0.000173581  
1.6559e-09  0.00101608  2.64698e-17  3.19763e-08  1.00102  0.000178646  
1.75388e-09  0.00101608  2.9696e-17  3.38807e-08  1.00102  0.000183856  
1.85765e-09  0.00101608  3.33146e-17  3.58437e-08  1.00102  0.000189213  
1.96757e-09  0.00101608  3.73715e-17  3.79752e-08  1.00102  0.000194722  
2.08398e-09  0.00101608  4.19239e-17  4.02349e-08  1.00102  0.000200387  
2.20729e-09  0.00101608  4.70327e-17  4.26307e-08  1.00102  0.00020624  
2.33789e-09  0.00101609  5.27661e-17  4.51709e-08  1.00102  0.000212263  
2.47621e-09  0.00101609  5.91936e-17  4.77877e-08  1.00102  0.000218459  
2.62273e-09  0.00101609  6.64033e-17  5.06309e-08  1.00102  0.000224831  
2.77791e-09  0.00101609  7.44941e-17  5.36455e-08  1.00102  0.000231383  
2.94227e-09  0.00101609  8.35708e-17  5.67559e-08  1.00102  0.000238121  
3.11636e-09  0.00101609  9.3746e-17  6.02193e-08  1.00102  0.000245051  
3.30074e-09  0.00101609  1.05181e-16  6.38124e-08  1.00102  0.000252199  
3.49604e-09  0.0010161  1.17997e-16  6.75139e-08  1.00102  0.000259566  
3.70289e-09  0.0010161  1.32362e-16  7.14237e-08  1.00102  0.000267143  
3.92198e-09  0.0010161  1.4849e-16  7.57876e-08  1.00102  0.000274935  
4.15404e-09  0.0010161  1.6659e-16  8.01882e-08  1.00102  0.00028295  
4.39982e-09  0.0010161  1.86886e-16  8.4963e-08  1.00102  0.000291192  
4.66015e-09  0.00101611  2.09659e-16  8.9895e-08  1.00102  0.000299667  
4.93588e-09  0.00101611  2.35183e-16  9.52409e-08  1.00102  0.000308397  
5.22793e-09  0.00101611  2.63825e-16  1.00909e-07  1.00102  0.000317409  
5.53725e-09  0.00101612  2.95968e-16  1.06919e-07  1.00102  0.000326676  
5.86488e-09  0.00101612  3.32041e-16  1.13292e-07  1.00102  0.000336208  
6.21189e-09  0.00101612  3.72498e-16  1.19871e-07  1.00102  0.000346009  
6.57943e-09  0.00101613  4.17867e-16  1.27007e-07  1.00102  0.00035609  
6.96872e-09  0.00101613  4.68782e-16  1.34574e-07  1.00102  0.000366456  
7.38104e-09  0.00101613  5.25924e-16  1.42598e-07  1.00102  0.00037712  
7.81776e-09  0.00101614  5.89963e-16  1.50872e-07  1.00102  0.000388141  
8.28032e-09  0.00101614  6.61827e-16  1.59857e-07  1.00102  0.000399476  
8.77025e-09  0.00101615  7.42479e-16  1.69385e-07  1.00102  0.000411133  
9.28916e-09  0.00101615  8.32997e-16  1.79489e-07  1.00102  0.000423122  
9.83878e-09  0.00101616  9.34539e-16  1.89931e-07  1.00102  0.000435452  
1.04209e-08  0.00101616  1.04837e-15  2.00965e-07  1.00102  0.00044813  
1.10375e-08  0.00101617  1.17597e-15  2.13212e-07  1.00102  0.000461169  
1.16906e-08  0.00101618  1.31936e-15  2.25937e-07  1.00102  0.000474635  
1.23823e-08  0.00101618  1.48011e-15  2.39075e-07  1.00102  0.000488499  
1.31149e-08  0.00101619  1.66048e-15  2.53329e-07  1.00102  0.000502756  
1.38909e-08  0.00101619  1.86276e-15  2.6806e-07  1.00102  0.00051742  
1.47128e-08  0.0010162  2.08964e-15  2.84028e-07  1.00102  0.0005325  
1.55833e-08  0.00101621  2.34426e-15  3.00961e-07  1.00102  0.000548008  
1.65053e-08  0.00101622  2.63e-15  3.18487e-07  1.00102  0.000563955  
1.74819e-08  0.00101623  2.95029e-15  3.37458e-07  1.00102  0.000580402  
1.85162e-08  0.00101624  3.30975e-15  3.57576e-07  1.00102  0.000597358  
1.96118e-08  0.00101625  3.71318e-15  3.78911e-07  1.00102  0.000614797  
2.07722e-08  0.00101627  4.16561e-15  4.00972e-07  1.00102  0.000632732  
2.20012e-08  0.00101627  4.67311e-15  4.24878e-07  1.00102  0.000651176  
2.3303e-08  0.00101628  5.24248e-15  4.4962e-07  1.00102  0.000670143  
2.46818e-08  0.0010163  5.88087e-15  4.76405e-07  1.00102  0.000689648  
2.61421e-08  0.00101632  6.59733e-15  5.04812e-07  1.00102  0.000709738  
2.76889e-08  0.00101633  7.40146e-15  5.34939e-07  1.00102  0.000730477  
2.93272e-08  0.00101634  8.30302e-15  5.66092e-07  1.00102  0.000751805  
3.10624e-08  0.00101636  9.3146e-15  5.99853e-07  1.00102  0.000773741  
3.29003e-08  0.00101638  1.04492e-14  6.34796e-07  1.00102  0.000796299  
3.48469e-08  0.0010164  1.17218e-14  6.72631e-07  1.00102  0.000819499  
3.69088e-08  0.00101642  1.315e-14  7.12758e-07  1.00102  0.000843356  
3.90926e-08  0.00101644  1.47529e-14  7.55318e-07  1.00102  0.000867893  
4.14056e-08  0.00101647  1.65498e-14  7.99329e-07  1.00102  0.000893257  
4.38554e-08  0.00101648  1.85665e-14  8.47032e-07  1.00102  0.000919344  
4.64503e-08  0.00101651  2.08279e-14  8.96408e-07  1.00102  0.000946173  
4.91986e-08  0.00101654  2.3365e-14  9.49877e-07  1.00102  0.000973765  
5.21096e-08  0.00101657  2.62126e-14  1.00659e-06  1.00102  0.00100214  
5.51928e-08  0.0010166  2.9408e-14  1.06538e-06  1.00102  0.00103132  
5.84584e-08  0.00101663  3.29908e-14  1.12755e-06  1.00102  0.00106133  
6.19173e-08  0.00101666  3.7007e-14  1.19474e-06  1.00102  0.00109231  
6.55808e-08  0.0010167  4.15196e-14  1.26774e-06  1.00102  0.00112422  
6.9461e-08  0.00101673  4.65765e-14  1.34004e-06  1.00102  0.00115703  
7.35709e-08  0.00101677  5.2248e-14  1.41995e-06  1.00102  0.00119078  
7.79239e-08  0.00101682  5.86135e-14  1.50471e-06  1.00102  0.00122549  
8.25345e-08  0.00101686  6.57561e-14  1.59262e-06  1.00102  0.00126117  
8.74178e-08  0.0010169  7.37655e-14  1.68767e-06  1.00102  0.00129787  
9.25901e-08  0.00101696  8.27553e-14  1.78848e-06  1.00102  0.00133573  
9.80685e-08  0.00101701  9.28461e-14  1.89544e-06  1.00102  0.00137475  
1.03871e-07  0.00101707  1.04152e-13  2.00365e-06  1.00102  0.00141488  
1.10017e-07  0.00101713  1.16842e-13  2.1259e-06  1.00102  0.00145615  
1.16526e-07  0.00101719  1.31079e-13  2.24748e-06  1.00102  0.0014986  
1.23421e-07  0.00101726  1.47042e-13  2.38446e-06  1.00102  0.00154226  
1.30723e-07  0.00101733  1.6497e-13  2.52107e-06  1.00102  0.00158715  
1.38458e-07  0.0010174  1.85051e-13  2.67142e-06  1.00102  0.00163337  
1.4665e-07  0.00101748  2.07616e-13  2.83461e-06  1.00102  0.0016811  
1.55327e-07  0.00101756  2.32898e-13  2.99673e-06  1.00102  0.00173018  
1.64517e-07  0.00101765  2.61283e-13  3.17963e-06  1.00102  0.00178067  
1.74251e-07  0.00101775  2.93123e-13  3.36181e-06  1.00102  0.00183259  
1.84562e-07  0.00101784  3.28818e-13  3.56253e-06  1.00102  0.00188598  
1.95482e-07  0.00101795  3.68883e-13  3.77546e-06  1.00102  0.00194088  
2.07048e-07  0.00101806  4.13857e-13  3.99677e-06  1.00102  0.00199734  
2.19298e-07  0.00101818  4.64283e-13  4.23569e-06  1.00102  0.00205572  
2.32274e-07  0.00101831  5.20828e-13  4.48356e-06  1.00102  0.00211576  
2.46017e-07  0.00101844  5.84288e-13  4.75161e-06  1.00102  0.0021775  
2.60573e-07  0.00101858  6.55478e-13  5.02997e-06  1.00102  0.002241  
2.7599e-07  0.00101873  7.35311e-13  5.32448e-06  1.00102  0.0023063  
2.9232e-07  0.00101888  8.24855e-13  5.64257e-06  1.00102  0.00237346  
3.09616e-07  0.00101905  9.25366e-13  5.98008e-06  1.00102  0.00244251  
3.27935e-07  0.00101923  1.0382e-12  6.3382e-06  1.00102  0.00251381  
3.47339e-07  0.00101942  1.1646e-12  6.7018e-06  1.00102  0.00258724  
3.6789e-07  0.00101961  1.30644e-12  7.10244e-06  1.00102  0.00266276  
3.89657e-07  0.00101983  1.46567e-12  7.52755e-06  1.00102  0.00274043  
4.12712e-07  0.00102005  1.64433e-12  7.96949e-06  1.00102  0.0028203  
4.37131e-07  0.00102028  1.84471e-12  8.43718e-06  1.00102  0.00290244  
4.62995e-07  0.00102053  2.06943e-12  8.93211e-06  1.00103  0.0029869  
4.9039e-07  0.0010208  2.32143e-12  9.46611e-06  1.00103  0.00307398  
5.19405e-07  0.00102108  2.60431e-12  1.00328e-05  1.00103  0.00316379  
5.50137e-07  0.00102138  2.9216e-12  1.06217e-05  1.00103  0.00325615  
5.82687e-07  0.00102169  3.27744e-12  1.12449e-05  1.00103  0.00335114  
6.17163e-07  0.00102202  3.67673e-12  1.1918e-05  1.00103  0.00344884  
6.53679e-07  0.00102238  4.12482e-12  1.26184e-05  1.00103  0.0035493  
6.92356e-07  0.00102275  4.62739e-12  1.33597e-05  1.00103  0.00365261  
7.33321e-07  0.00102315  5.19105e-12  1.41593e-05  1.00103  0.00375897  
7.7671e-07  0.00102357  5.82381e-12  1.5008e-05  1.00103  0.00386882  
8.22666e-07  0.00102401  6.53357e-12  1.58905e-05  1.00103  0.00398178  
8.71341e-07  0.00102448  7.32966e-12  1.68248e-05  1.00103  0.00409796  
9.22896e-07  0.00102498  8.22258e-12  1.78138e-05  1.00103  0.00421745  
9.77502e-07  0.0010255  9.22408e-12  1.88608e-05  1.00103  0.00434032  
1.03534e-06  0.00102606  1.03476e-11  1.99902e-05  1.00104  0.00446668  
1.0966e-06  0.00102665  1.16088e-11  2.11672e-05  1.00104  0.00459662  
1.16148e-06  0.00102727  1.30234e-11  2.24359e-05  1.00104  0.00473093  
1.2302e-06  0.00102794  1.461e-11  2.37562e-05  1.00104  0.0048691  
1.30299e-06  0.00102865  1.63897e-11  2.5154e-05  1.00104  0.0050112  
1.38009e-06  0.00102939  1.8386e-11  2.6634e-05  1.00104  0.00515734  
1.46174e-06  0.00103018  2.0626e-11  2.82307e-05  1.00104  0.00530762  
1.54823e-06  0.00103101  2.31398e-11  2.98643e-05  1.00105  0.00546217  
1.63983e-06  0.00103189  2.59574e-11  3.16534e-05  1.00105  0.0056211  
1.73686e-06  0.00103283  2.91207e-11  3.35525e-05  1.00105  0.00578515  
1.83963e-06  0.00103383  3.2669e-11  3.553e-05  1.00105  0.00595413  
1.94847e-06  0.00103488  3.66494e-11  3.76243e-05  1.00105  0.00612792  
2.06376e-06  0.001036  4.11145e-11  3.98422e-05  1.00106  0.00630666  
2.18587e-06  0.00103717  4.61234e-11  4.21912e-05  1.00106  0.00649047  
2.3152e-06  0.00103842  5.17424e-11  4.46791e-05  1.00106  0.00667949  
2.45218e-06  0.00103974  5.80463e-11  4.73606e-05  1.00106  0.00687388  
2.59727e-06  0.00104114  6.51243e-11  5.02075e-05  1.00107  0.00707424  
2.75095e-06  0.00104263  7.30571e-11  5.31179e-05  1.00107  0.00728092  
2.91371e-06  0.0010442  8.19557e-11  5.62516e-05  1.00107  0.00749348  
3.08611e-06  0.00104587  9.19385e-11  5.95711e-05  1.00108  0.00771208  
3.26871e-06  0.00104763  1.03138e-10  6.30875e-05  1.00108  0.00793689  
3.46211e-06  0.0010495  1.15705e-10  6.68777e-05  1.00108  0.00816808  
3.66696e-06  0.00105147  1.29813e-10  7.07677e-05  1.00109  0.00840582  
3.88392e-06  0.00105356  1.45628e-10  7.50191e-05  1.00109  0.00865054  
4.11373e-06  0.00105579  1.63369e-10  7.94519e-05  1.0011  0.0089033  
4.35712e-06  0.00105815  1.83274e-10  8.41486e-05  1.0011  0.00916327  
4.61493e-06  0.00106064  2.05592e-10  8.90371e-05  1.00111  0.00943063  
4.88798e-06  0.00106327  2.30634e-10  9.43872e-05  1.00111  0.00970558  
5.17719e-06  0.00106607  2.58744e-10  9.99745e-05  1.00112  0.00998833  
5.48351e-06  0.00106902  2.90279e-10  0.000105797  1.00112  0.0102791  
5.80796e-06  0.00107213  3.25635e-10  0.000112056  1.00113  0.0105781  
6.1516e-06  0.00107546  3.653e-10  0.000118793  1.00113  0.0108871  
6.51558e-06  0.00107899  4.09803e-10  0.000125826  1.00114  0.011205  
6.90109e-06  0.00108272  4.59739e-10  0.00013328  1.00115  0.011532  
7.30941e-06  0.00108666  5.15771e-10  0.00014118  1.00116  0.0118683  
7.74189e-06  0.00109083  5.78624e-10  0.000149416  1.00117  0.0122141  
8.19996e-06  0.00109525  6.49112e-10  0.00015827  1.00117  0.0125697  
8.68513e-06  0.00109992  7.28204e-10  0.000167508  1.00118  0.0129354  
9.19901e-06  0.00110488  8.16871e-10  0.000177584  1.00119  0.0133128  
9.7433e-06  0.00111016  9.16439e-10  0.000188289  1.0012  0.0137016  
1.03198e-05  0.00111573  1.02811e-09  0.00019929  1.00122  0.0141015  
1.09304e-05  0.00112164  1.15334e-09  0.000210929  1.00123  0.0145127  
1.15771e-05  0.00112788  1.29381e-09  0.000223442  1.00124  0.0149357  
1.22621e-05  0.00113448  1.45144e-09  0.000236709  1.00125  0.0153706  
1.29876e-05  0.00114146  1.62832e-09  0.000250563  1.00127  0.0158178  
1.37561e-05  0.00114887  1.82667e-09  0.000265665  1.00128  0.0162788  
1.457e-05  0.00115676  2.04924e-09  0.000281453  1.0013  0.0167542  
1.5432e-05  0.00116511  2.29886e-09  0.000297928  1.00131  0.0172432  
1.63451e-05  0.00117393  2.57895e-09  0.000315642  1.00133  0.0177461  
1.73122e-05  0.00118327  2.89318e-09  0.00033414  1.00135  0.0182633  
1.83366e-05  0.00119315  3.24568e-09  0.00035402  1.00137  0.0187951  
1.94215e-05  0.0012036  3.64127e-09  0.000374796  1.00139  0.0193421  
2.05706e-05  0.00121465  4.08496e-09  0.000397431  1.00141  0.019905  
2.17877e-05  0.00122646  4.58248e-09  0.000420739  1.00144  0.0204864  
2.30768e-05  0.00123894  5.14088e-09  0.000445804  1.00146  0.0210843  
2.44423e-05  0.00125215  5.7673e-09  0.000471992  1.00149  0.0216993  
2.58884e-05  0.00126612  6.46995e-09  0.000499722  1.00152  0.0223317  
2.74202e-05  0.00128089  7.2581e-09  0.000529087  1.00155  0.022982  
2.90426e-05  0.00129651  8.14229e-09  0.000560632  1.00158  0.0236508  
3.0761e-05  0.00131303  9.13477e-09  0.000593177  1.00161  0.0243384  
3.2581e-05  0.00133066  1.0247e-08  0.000629021  1.00165  0.025049  
3.45088e-05  0.00134934  1.14954e-08  0.000666565  1.00168  0.0257801  
3.65506e-05  0.0013691  1.28961e-08  0.000705826  1.00172  0.026532  
3.87132e-05  0.00138999  1.44674e-08  0.000747418  1.00176  0.0273053  
4.10037e-05  0.00141209  1.62302e-08  0.000791483  1.00181  0.0281004  
4.34298e-05  0.00143546  1.82079e-08  0.000838169  1.00185  0.0289179  
4.59995e-05  0.00146017  2.04267e-08  0.000887638  1.0019  0.0297587  
4.87212e-05  0.00148648  2.29157e-08  0.000941445  1.00196  0.0306261  
5.16039e-05  0.00151442  2.57062e-08  0.000996236  1.00201  0.0315199  
5.46572e-05  0.00154397  2.88384e-08  0.00105588  1.00207  0.0324391  
5.78911e-05  0.00157523  3.2352e-08  0.00111746  1.00213  0.0333843  
6.13164e-05  0.00160829  3.62932e-08  0.00118352  1.0022  0.0343563  
6.49443e-05  0.00164326  4.07155e-08  0.00125354  1.00227  0.0353557  
6.87869e-05  0.00168018  4.56786e-08  0.0013297  1.00234  0.0364535  
7.28569e-05  0.00171902  5.12552e-08  0.00141073  1.00242  0.0382074  
7.71677e-05  0.00176088  5.79881e-08  0.0016205  1.00251  0.040636  
8.17335e-05  0.00180573  6.60606e-08  0.0018574  1.00261  0.0432816  
8.65695e-05  0.0018541  7.57484e-08  0.00212645  1.00273  0.0461187  
9.16916e-05  0.00190655  8.739e-08  0.00243332  1.00286  0.0491535  
9.71167e-05  0.00196373  1.01391e-07  0.00277843  1.00301  0.052396  
0.000102863  0.00202635  1.18233e-07  0.0031716  1.00318  0.0558613  
0.000108949  0.00209536  1.38529e-07  0.00350017  1.00337  0.0595777  
0.000115395  0.00217306  1.63137e-07  0.0040181  1.00359  0.0636368  
0.000122223  0.00225951  1.92872e-07  0.00461504  1.00384  0.0680625  
0.000129455  0.00235604  2.2893e-07  0.00531925  1.00412  0.0729402  
0.000137114  0.00246418  2.72882e-07  0.00617266  1.00445  0.0783599  
0.000145227  0.00258614  3.25906e-07  0.00689006  1.00483  0.0845718  
0.00015382  0.0027243  3.8832e-07  0.00749696  1.00525  0.0921979  
0.000162921  0.00287995  4.60992e-07  0.0107064  1.00571  0.10221  
0.00017256  0.0030579  5.72656e-07  0.0124875  1.00638  0.107372  
0.00018277  0.00326415  7.01101e-07  0.0133301  1.0071  0.115907  
0.000193585  0.00350273  8.57161e-07  0.0154969  1.00793  0.123973  
0.000205038  0.00377738  1.04597e-06  0.0175041  1.00888  0.131826  
0.00021717  0.00409206  1.27212e-06  0.0197329  1.00995  0.14  
0.00023002  0.00445132  1.54239e-06  0.0222086  1.01116  0.148507  
0.000243629  0.00486008  1.86474e-06  0.0249413  1.01251  0.157358  
0.000258044  0.00533083  2.24789e-06  0.0282517  1.01404  0.166603  
0.000273312  0.00586979  2.70302e-06  0.0316187  1.01576  0.176246  
0.000289483  0.0064795  3.24287e-06  0.0353193  1.01768  0.186269  
0.000306611  0.00716747  3.88227e-06  0.0394146  1.01983  0.196682  
0.000324753  0.00794185  4.63848e-06  0.0439317  1.02222  0.207495  
0.000343968  0.00881152  5.53162e-06  0.0489136  1.02489  0.218718  
0.000364319  0.00978639  6.58434e-06  0.0540371  1.02786  0.23035  
0.000385875  0.0108874  7.81613e-06  0.0602978  1.03114  0.242344  
0.000408707  0.0121385  9.21486e-06  0.0643065  1.03468  0.254332  
0.000432889  0.0135186  1.0849e-05  0.0709921  1.03858  0.266719  
0.000458502  0.0150384  1.27597e-05  0.0782921  1.04287  0.279539  
0.00048563  0.0167262  1.49899e-05  0.0861413  1.04759  0.292781  
0.000514364  0.0186005  1.75909e-05  0.0948704  1.0528  0.306443  
0.000544798  0.0206619  2.06245e-05  0.104391  1.05852  0.320545  
0.000577032  0.0229251  2.41595e-05  0.114998  1.06479  0.335103  
0.000611174  0.025493  2.82721e-05  0.126248  1.07175  0.350157  
0.000647335  0.0283061  3.30589e-05  0.13866  1.07938  0.365661  
0.000685637  0.0314074  3.86263e-05  0.152176  1.08774  0.381602  
0.000726204  0.0348204  4.5098e-05  0.166952  1.09692  0.397977  
0.000769172  0.0385692  5.26175e-05  0.183109  1.10698  0.414781  
0.000814682  0.0426857  6.13503e-05  0.200695  1.11799  0.432009  
0.000862885  0.0472031  7.14856e-05  0.219999  1.13005  0.449647  
0.00091394  0.0522291  8.32494e-05  0.240926  1.14332  0.467746  
0.000968016  0.057759  9.68952e-05  0.263796  1.15786  0.486238  
0.00102529  0.0638281  0.000112719  0.288794  1.17377  0.50509  
0.00108595  0.0704694  0.000131061  0.31599  1.19116  0.52428  
0.00115021  0.0777431  0.000152315  0.345842  1.21017  0.543785  
0.00121826  0.0857133  0.000176942  0.378339  1.23095  0.563576  
0.00129035  0.0944114  0.000205463  0.413695  1.25364  0.583625  
0.00136669  0.104014  0.000238483  0.451458  1.27851  0.603915  
0.00144756  0.114602  0.000276708  0.493407  1.30576  0.624394  
0.0015332  0.126166  0.000320947  0.539238  1.3355  0.645001  
0.00162392  0.138804  0.000372138  0.589318  1.36796  0.665693  
0.00172  0.152611  0.000431357  0.643801  1.4034  0.686424  
0.00182177  0.167679  0.000499829  0.702772  1.44204  0.707148  
0.00192956  0.184104  0.00057896  0.767663  1.48415  0.727816  
0.00204373  0.202104  0.000670464  0.835534  1.53016  0.748368  
0.00216465  0.221987  0.000776266  0.912139  1.5806  0.768724  
0.00229273  0.243669  0.000898516  0.995403  1.63557  0.788849  
0.00242839  0.267301  0.00103968  1.08544  1.69544  0.808692  
0.00257207  0.29307  0.00120273  1.1849  1.76068  0.828205  
0.00272425  0.321157  0.00139106  1.29214  1.83178  0.84734  
0.00288544  0.351729  0.00160841  1.40855  1.90915  0.866054  
0.00305616  0.385008  0.00185919  1.52956  1.99335  0.8843  
0.00323699  0.421825  0.00214878  1.66749  2.08565  0.90194  
0.00342851  0.461942  0.00248298  1.81789  2.18616  0.919027  
0.00363137  0.505608  0.00286844  1.98045  2.29551  0.935532  
0.00384623  0.553117  0.00331293  2.15747  2.41446  0.951432  
0.0040738  0.604806  0.00382541  2.35024  2.54383  0.966704  
0.00431484  0.661028  0.00441617  2.55931  2.68451  0.981332  
0.00457014  0.722108  0.00509694  2.78682  2.83738  0.995306  
0.00484054  0.789303  0.00588185  3.01911  3.00442  1.00852  
0.00512695  0.862691  0.00678643  3.28666  3.18637  1.02103  
0.0054303  0.942463  0.00782812  3.57531  3.38403  1.03289  
0.00575159  1.02913  0.00902761  3.89026  3.59872  1.04409  
0.0060919  1.1233  0.0104089  4.23402  3.83195  1.05464  
0.00645235  1.22557  0.0119992  4.60358  4.08524  1.06455  
0.00683412  1.33654  0.0138288  5.00625  4.36003  1.07385  
0.00723847  1.45797  0.0159349  5.41133  4.65938  1.08249  
0.00766676  1.59082  0.0183598  5.88465  4.98555  1.09049  
0.00812038  1.73504  0.0211487  6.39467  5.33944  1.09795  
0.00860085  1.8916  0.024356  6.95001  5.72342  1.10486  
0.00910974  2.06146  0.0280441  7.55254  6.13993  1.11127  
0.00964874  2.24563  0.0322839  8.20606  6.59155  1.11718  
0.0102196  2.44532  0.0371569  8.9121  7.08116  1.12264  
0.0108243  2.66256  0.0427568  9.61021  7.61263  1.12764  
0.0114648  2.90083  0.049198  10.4386  8.19207  1.13216  
0.0121431  3.1592  0.0565992  11.3362  8.82022  1.13631  
0.0128616  3.43931  0.0650998  12.305  9.50089  1.14009  
0.0136226  3.74283  0.074861  13.3569  10.2382  1.14353  
0.0144286  4.07159  0.0860695  14.5029  11.0368  1.14666  
0.0152823  4.42759  0.0989385  15.7352  11.9017  1.14949  
0.0161865  4.81281  0.113704  16.9235  12.8374  1.15203  
