# EOS Table generated on 20120306 from
# HShenEOS_rho220_temp180_ye65_version2.0_20111026_EOSmaker_svn9.h5
# Original table has nrho ntemp nye:    220   180    65
EoSType = ColdBetaYe
Nrho =  2000
RhoMin =   0.161865E-14      RhoMax =   0.158181E-01
RhoSpacing = Log
   1.618653E-15   4.484485E-01
   1.643055E-15   4.484476E-01
   1.667824E-15   4.484467E-01
   1.692967E-15   4.484458E-01
   1.718489E-15   4.484448E-01
   1.744396E-15   4.484439E-01
   1.770693E-15   4.484430E-01
   1.797387E-15   4.484421E-01
   1.824483E-15   4.484412E-01
   1.851988E-15   4.484403E-01
   1.879907E-15   4.484393E-01
   1.908247E-15   4.484383E-01
   1.937014E-15   4.484374E-01
   1.966215E-15   4.484365E-01
   1.995856E-15   4.484356E-01
   2.025945E-15   4.484346E-01
   2.056486E-15   4.484336E-01
   2.087488E-15   4.484327E-01
   2.118958E-15   4.484318E-01
   2.150902E-15   4.484309E-01
   2.183327E-15   4.484300E-01
   2.216241E-15   4.484290E-01
   2.249652E-15   4.484281E-01
   2.283566E-15   4.484272E-01
   2.317991E-15   4.484263E-01
   2.352936E-15   4.484253E-01
   2.388407E-15   4.484243E-01
   2.424413E-15   4.484234E-01
   2.460961E-15   4.484225E-01
   2.498061E-15   4.484216E-01
   2.535720E-15   4.484207E-01
   2.573947E-15   4.484197E-01
   2.612750E-15   4.484188E-01
   2.652137E-15   4.484179E-01
   2.692119E-15   4.484170E-01
   2.732704E-15   4.484160E-01
   2.773900E-15   4.484150E-01
   2.815717E-15   4.484141E-01
   2.858165E-15   4.484132E-01
   2.901252E-15   4.484122E-01
   2.944990E-15   4.484113E-01
   2.989386E-15   4.484104E-01
   3.034452E-15   4.484095E-01
   3.080197E-15   4.484085E-01
   3.126632E-15   4.484075E-01
   3.173767E-15   4.484066E-01
   3.221612E-15   4.484057E-01
   3.270179E-15   4.484047E-01
   3.319478E-15   4.484038E-01
   3.369520E-15   4.484029E-01
   3.420316E-15   4.484020E-01
   3.471878E-15   4.484010E-01
   3.524218E-15   4.484000E-01
   3.577347E-15   4.483991E-01
   3.631276E-15   4.483982E-01
   3.686019E-15   4.483972E-01
   3.741586E-15   4.483962E-01
   3.797992E-15   4.483953E-01
   3.855247E-15   4.483944E-01
   3.913366E-15   4.483934E-01
   3.972361E-15   4.483925E-01
   4.032246E-15   4.483916E-01
   4.093033E-15   4.483906E-01
   4.154737E-15   4.483896E-01
   4.217370E-15   4.483887E-01
   4.280948E-15   4.483878E-01
   4.345485E-15   4.483868E-01
   4.410994E-15   4.483859E-01
   4.477491E-15   4.483849E-01
   4.544991E-15   4.483839E-01
   4.613508E-15   4.483830E-01
   4.683058E-15   4.483821E-01
   4.753656E-15   4.483811E-01
   4.825319E-15   4.483802E-01
   4.898062E-15   4.483792E-01
   4.971901E-15   4.483782E-01
   5.046854E-15   4.483773E-01
   5.122937E-15   4.483763E-01
   5.200166E-15   4.483754E-01
   5.278560E-15   4.483745E-01
   5.358136E-15   4.483735E-01
   5.438911E-15   4.483725E-01
   5.520905E-15   4.483716E-01
   5.604134E-15   4.483706E-01
   5.688618E-15   4.483697E-01
   5.774375E-15   4.483687E-01
   5.861425E-15   4.483677E-01
   5.949788E-15   4.483668E-01
   6.039483E-15   4.483658E-01
   6.130529E-15   4.483649E-01
   6.222949E-15   4.483639E-01
   6.316761E-15   4.483629E-01
   6.411988E-15   4.483620E-01
   6.508651E-15   4.483610E-01
   6.606771E-15   4.483600E-01
   6.706369E-15   4.483590E-01
   6.807470E-15   4.483581E-01
   6.910094E-15   4.483571E-01
   7.014266E-15   4.483561E-01
   7.120008E-15   4.483552E-01
   7.227344E-15   4.483542E-01
   7.336298E-15   4.483533E-01
   7.446895E-15   4.483522E-01
   7.559159E-15   4.483513E-01
   7.673115E-15   4.483503E-01
   7.788790E-15   4.483494E-01
   7.906208E-15   4.483483E-01
   8.025396E-15   4.483474E-01
   8.146381E-15   4.483464E-01
   8.269190E-15   4.483454E-01
   8.393850E-15   4.483444E-01
   8.520390E-15   4.483435E-01
   8.648837E-15   4.483425E-01
   8.779221E-15   4.483414E-01
   8.911570E-15   4.483405E-01
   9.045914E-15   4.483395E-01
   9.182284E-15   4.483386E-01
   9.320709E-15   4.483375E-01
   9.461221E-15   4.483365E-01
   9.603852E-15   4.483356E-01
   9.748633E-15   4.483345E-01
   9.895596E-15   4.483336E-01
   1.004477E-14   4.483326E-01
   1.019620E-14   4.483315E-01
   1.034991E-14   4.483306E-01
   1.050594E-14   4.483296E-01
   1.066432E-14   4.483286E-01
   1.082509E-14   4.483276E-01
   1.098828E-14   4.483266E-01
   1.115393E-14   4.483256E-01
   1.132208E-14   4.483246E-01
   1.149276E-14   4.483236E-01
   1.166602E-14   4.483225E-01
   1.184189E-14   4.483216E-01
   1.202041E-14   4.483205E-01
   1.220162E-14   4.483195E-01
   1.238556E-14   4.483185E-01
   1.257228E-14   4.483175E-01
   1.276181E-14   4.483165E-01
   1.295420E-14   4.483154E-01
   1.314948E-14   4.483144E-01
   1.334772E-14   4.483134E-01
   1.354894E-14   4.483124E-01
   1.375319E-14   4.483114E-01
   1.396052E-14   4.483103E-01
   1.417098E-14   4.483093E-01
   1.438461E-14   4.483083E-01
   1.460146E-14   4.483073E-01
   1.482159E-14   4.483062E-01
   1.504503E-14   4.483052E-01
   1.527183E-14   4.483042E-01
   1.550206E-14   4.483031E-01
   1.573576E-14   4.483021E-01
   1.597298E-14   4.483010E-01
   1.621378E-14   4.483000E-01
   1.645820E-14   4.482989E-01
   1.670632E-14   4.482979E-01
   1.695817E-14   4.482968E-01
   1.721382E-14   4.482958E-01
   1.747332E-14   4.482947E-01
   1.773673E-14   4.482937E-01
   1.800412E-14   4.482926E-01
   1.827554E-14   4.482916E-01
   1.855105E-14   4.482905E-01
   1.883071E-14   4.482895E-01
   1.911459E-14   4.482884E-01
   1.940274E-14   4.482873E-01
   1.969525E-14   4.482861E-01
   1.999216E-14   4.482851E-01
   2.029354E-14   4.482840E-01
   2.059948E-14   4.482830E-01
   2.091002E-14   4.482819E-01
   2.122524E-14   4.482808E-01
   2.154522E-14   4.482797E-01
   2.187002E-14   4.482786E-01
   2.219972E-14   4.482776E-01
   2.253438E-14   4.482764E-01
   2.287409E-14   4.482753E-01
   2.321893E-14   4.482743E-01
   2.356896E-14   4.482731E-01
   2.392427E-14   4.482720E-01
   2.428493E-14   4.482710E-01
   2.465103E-14   4.482698E-01
   2.502266E-14   4.482687E-01
   2.539988E-14   4.482675E-01
   2.578279E-14   4.482665E-01
   2.617147E-14   4.482653E-01
   2.656601E-14   4.482642E-01
   2.696650E-14   4.482630E-01
   2.737303E-14   4.482620E-01
   2.778569E-14   4.482608E-01
   2.820456E-14   4.482597E-01
   2.862976E-14   4.482585E-01
   2.906136E-14   4.482574E-01
   2.949946E-14   4.482563E-01
   2.994418E-14   4.482551E-01
   3.039559E-14   4.482539E-01
   3.085382E-14   4.482527E-01
   3.131895E-14   4.482516E-01
   3.179109E-14   4.482504E-01
   3.227035E-14   4.482492E-01
   3.275683E-14   4.482481E-01
   3.325065E-14   4.482469E-01
   3.375191E-14   4.482457E-01
   3.426073E-14   4.482445E-01
   3.477722E-14   4.482433E-01
   3.530150E-14   4.482421E-01
   3.583368E-14   4.482409E-01
   3.637388E-14   4.482397E-01
   3.692223E-14   4.482385E-01
   3.747884E-14   4.482373E-01
   3.804384E-14   4.482361E-01
   3.861736E-14   4.482349E-01
   3.919953E-14   4.482336E-01
   3.979047E-14   4.482324E-01
   4.039033E-14   4.482312E-01
   4.099922E-14   4.482300E-01
   4.161730E-14   4.482286E-01
   4.224469E-14   4.482274E-01
   4.288154E-14   4.482262E-01
   4.352799E-14   4.482249E-01
   4.418419E-14   4.482237E-01
   4.485028E-14   4.482224E-01
   4.552641E-14   4.482211E-01
   4.621273E-14   4.482198E-01
   4.690940E-14   4.482186E-01
   4.761657E-14   4.482172E-01
   4.833440E-14   4.482160E-01
   4.906306E-14   4.482147E-01
   4.980270E-14   4.482134E-01
   5.055349E-14   4.482121E-01
   5.131559E-14   4.482107E-01
   5.208919E-14   4.482094E-01
   5.287445E-14   4.482080E-01
   5.367155E-14   4.482067E-01
   5.448066E-14   4.482053E-01
   5.530197E-14   4.482040E-01
   5.613566E-14   4.482027E-01
   5.698192E-14   4.482014E-01
   5.784094E-14   4.481999E-01
   5.871291E-14   4.481986E-01
   5.959802E-14   4.481972E-01
   6.049648E-14   4.481958E-01
   6.140848E-14   4.481944E-01
   6.233423E-14   4.481930E-01
   6.327394E-14   4.481917E-01
   6.422781E-14   4.481902E-01
   6.519606E-14   4.481888E-01
   6.617891E-14   4.481873E-01
   6.717657E-14   4.481860E-01
   6.818928E-14   4.481845E-01
   6.921725E-14   4.481830E-01
   7.026072E-14   4.481815E-01
   7.131992E-14   4.481801E-01
   7.239509E-14   4.481786E-01
   7.348646E-14   4.481772E-01
   7.459429E-14   4.481757E-01
   7.571882E-14   4.481742E-01
   7.686030E-14   4.481726E-01
   7.801899E-14   4.481711E-01
   7.919515E-14   4.481696E-01
   8.038904E-14   4.481681E-01
   8.160092E-14   4.481665E-01
   8.283108E-14   4.481649E-01
   8.407978E-14   4.481634E-01
   8.534731E-14   4.481619E-01
   8.663394E-14   4.481603E-01
   8.793997E-14   4.481587E-01
   8.926569E-14   4.481571E-01
   9.061140E-14   4.481555E-01
   9.197739E-14   4.481538E-01
   9.336397E-14   4.481522E-01
   9.477146E-14   4.481507E-01
   9.620017E-14   4.481490E-01
   9.765041E-14   4.481474E-01
   9.912252E-14   4.481457E-01
   1.006168E-13   4.481440E-01
   1.021336E-13   4.481423E-01
   1.036733E-13   4.481406E-01
   1.052362E-13   4.481389E-01
   1.068227E-13   4.481371E-01
   1.084331E-13   4.481355E-01
   1.100677E-13   4.481338E-01
   1.117270E-13   4.481320E-01
   1.134114E-13   4.481302E-01
   1.151211E-13   4.481284E-01
   1.168565E-13   4.481266E-01
   1.186182E-13   4.481248E-01
   1.204064E-13   4.481230E-01
   1.222216E-13   4.481212E-01
   1.240641E-13   4.481194E-01
   1.259344E-13   4.481176E-01
   1.278329E-13   4.481158E-01
   1.297600E-13   4.481139E-01
   1.317162E-13   4.481119E-01
   1.337018E-13   4.481100E-01
   1.357174E-13   4.481082E-01
   1.377634E-13   4.481062E-01
   1.398402E-13   4.481043E-01
   1.419483E-13   4.481023E-01
   1.440882E-13   4.481003E-01
   1.462604E-13   4.480985E-01
   1.484653E-13   4.480964E-01
   1.507035E-13   4.480944E-01
   1.529754E-13   4.480924E-01
   1.552815E-13   4.480903E-01
   1.576224E-13   4.480882E-01
   1.599986E-13   4.480862E-01
   1.624107E-13   4.480841E-01
   1.648590E-13   4.480820E-01
   1.673443E-13   4.480801E-01
   1.698671E-13   4.480779E-01
   1.724279E-13   4.480757E-01
   1.750273E-13   4.480735E-01
   1.776659E-13   4.480713E-01
   1.803442E-13   4.480691E-01
   1.830630E-13   4.480669E-01
   1.858227E-13   4.480647E-01
   1.886240E-13   4.480625E-01
   1.914676E-13   4.480602E-01
   1.943540E-13   4.480580E-01
   1.972840E-13   4.480557E-01
   2.002581E-13   4.480533E-01
   2.032770E-13   4.480509E-01
   2.063415E-13   4.480486E-01
   2.094521E-13   4.480463E-01
   2.126097E-13   4.480439E-01
   2.158148E-13   4.480415E-01
   2.190683E-13   4.480392E-01
   2.223708E-13   4.480368E-01
   2.257231E-13   4.480343E-01
   2.291259E-13   4.480317E-01
   2.325801E-13   4.480292E-01
   2.360863E-13   4.480267E-01
   2.396454E-13   4.480242E-01
   2.432581E-13   4.480216E-01
   2.469253E-13   4.480192E-01
   2.506477E-13   4.480167E-01
   2.544263E-13   4.480141E-01
   2.582619E-13   4.480114E-01
   2.621552E-13   4.480087E-01
   2.661073E-13   4.480060E-01
   2.701189E-13   4.480033E-01
   2.741910E-13   4.480006E-01
   2.783245E-13   4.479979E-01
   2.825204E-13   4.479952E-01
   2.867794E-13   4.479925E-01
   2.911027E-13   4.479898E-01
   2.954912E-13   4.479868E-01
   2.999458E-13   4.479839E-01
   3.044675E-13   4.479810E-01
   3.090575E-13   4.479781E-01
   3.137166E-13   4.479752E-01
   3.184460E-13   4.479722E-01
   3.232466E-13   4.479694E-01
   3.281197E-13   4.479664E-01
   3.330662E-13   4.479635E-01
   3.380872E-13   4.479604E-01
   3.431840E-13   4.479572E-01
   3.483576E-13   4.479540E-01
   3.536091E-13   4.479509E-01
   3.589399E-13   4.479477E-01
   3.643510E-13   4.479446E-01
   3.698437E-13   4.479414E-01
   3.754192E-13   4.479384E-01
   3.810788E-13   4.479352E-01
   3.868236E-13   4.479319E-01
   3.926551E-13   4.479285E-01
   3.985745E-13   4.479251E-01
   4.045831E-13   4.479217E-01
   4.106823E-13   4.479183E-01
   4.168734E-13   4.479148E-01
   4.231579E-13   4.479115E-01
   4.295372E-13   4.479081E-01
   4.360125E-13   4.479046E-01
   4.425856E-13   4.479012E-01
   4.492576E-13   4.478974E-01
   4.560303E-13   4.478938E-01
   4.629051E-13   4.478901E-01
   4.698835E-13   4.478865E-01
   4.769672E-13   4.478827E-01
   4.841576E-13   4.478791E-01
   4.914564E-13   4.478754E-01
   4.988652E-13   4.478717E-01
   5.063857E-13   4.478680E-01
   5.140197E-13   4.478639E-01
   5.217686E-13   4.478600E-01
   5.296344E-13   4.478560E-01
   5.376188E-13   4.478521E-01
   5.457236E-13   4.478481E-01
   5.539505E-13   4.478441E-01
   5.623015E-13   4.478402E-01
   5.707783E-13   4.478361E-01
   5.793830E-13   4.478321E-01
   5.881173E-13   4.478279E-01
   5.969833E-13   4.478235E-01
   6.059830E-13   4.478193E-01
   6.151184E-13   4.478150E-01
   6.243915E-13   4.478107E-01
   6.338043E-13   4.478064E-01
   6.433591E-13   4.478021E-01
   6.530579E-13   4.477978E-01
   6.629030E-13   4.477935E-01
   6.728964E-13   4.477888E-01
   6.830405E-13   4.477842E-01
   6.933375E-13   4.477796E-01
   7.037898E-13   4.477750E-01
   7.143996E-13   4.477703E-01
   7.251694E-13   4.477657E-01
   7.361015E-13   4.477610E-01
   7.471984E-13   4.477564E-01
   7.584627E-13   4.477518E-01
   7.698967E-13   4.477468E-01
   7.815031E-13   4.477418E-01
   7.932845E-13   4.477369E-01
   8.052434E-13   4.477317E-01
   8.173827E-13   4.477268E-01
   8.297050E-13   4.477218E-01
   8.422130E-13   4.477167E-01
   8.549096E-13   4.477118E-01
   8.677976E-13   4.477068E-01
   8.808799E-13   4.477014E-01
   8.941594E-13   4.476960E-01
   9.076391E-13   4.476906E-01
   9.213220E-13   4.476852E-01
   9.352112E-13   4.476799E-01
   9.493097E-13   4.476744E-01
   9.636208E-13   4.476690E-01
   9.781477E-13   4.476636E-01
   9.928935E-13   4.476583E-01
   1.007862E-12   4.476526E-01
   1.023055E-12   4.476467E-01
   1.038478E-12   4.476409E-01
   1.054134E-12   4.476350E-01
   1.070025E-12   4.476292E-01
   1.086156E-12   4.476235E-01
   1.102530E-12   4.476176E-01
   1.119151E-12   4.476117E-01
   1.136022E-12   4.476059E-01
   1.153148E-12   4.475999E-01
   1.170532E-12   4.475936E-01
   1.188178E-12   4.475873E-01
   1.206091E-12   4.475809E-01
   1.224273E-12   4.475746E-01
   1.242729E-12   4.475684E-01
   1.261463E-12   4.475622E-01
   1.280480E-12   4.475559E-01
   1.299784E-12   4.475496E-01
   1.319379E-12   4.475431E-01
   1.339269E-12   4.475363E-01
   1.359458E-12   4.475295E-01
   1.379953E-12   4.475227E-01
   1.400756E-12   4.475159E-01
   1.421873E-12   4.475091E-01
   1.443308E-12   4.475024E-01
   1.465066E-12   4.474956E-01
   1.487152E-12   4.474889E-01
   1.509571E-12   4.474820E-01
   1.532329E-12   4.474746E-01
   1.555429E-12   4.474674E-01
   1.578877E-12   4.474600E-01
   1.602679E-12   4.474528E-01
   1.626840E-12   4.474455E-01
   1.651365E-12   4.474382E-01
   1.676260E-12   4.474309E-01
   1.701530E-12   4.474237E-01
   1.727181E-12   4.474163E-01
   1.753219E-12   4.474084E-01
   1.779649E-12   4.474005E-01
   1.806478E-12   4.473927E-01
   1.833711E-12   4.473849E-01
   1.861355E-12   4.473771E-01
   1.889415E-12   4.473693E-01
   1.917899E-12   4.473614E-01
   1.946811E-12   4.473535E-01
   1.976160E-12   4.473457E-01
   2.005951E-12   4.473373E-01
   2.036192E-12   4.473289E-01
   2.066888E-12   4.473205E-01
   2.098047E-12   4.473121E-01
   2.129675E-12   4.473036E-01
   2.161781E-12   4.472952E-01
   2.194370E-12   4.472867E-01
   2.227451E-12   4.472783E-01
   2.261030E-12   4.472699E-01
   2.295116E-12   4.472609E-01
   2.329715E-12   4.472518E-01
   2.364837E-12   4.472428E-01
   2.400487E-12   4.472338E-01
   2.436675E-12   4.472247E-01
   2.473409E-12   4.472156E-01
   2.510696E-12   4.472066E-01
   2.548545E-12   4.471976E-01
   2.586965E-12   4.471885E-01
   2.625965E-12   4.471790E-01
   2.665552E-12   4.471693E-01
   2.705736E-12   4.471596E-01
   2.746525E-12   4.471499E-01
   2.787930E-12   4.471402E-01
   2.829959E-12   4.471305E-01
   2.872621E-12   4.471208E-01
   2.915927E-12   4.471111E-01
   2.959885E-12   4.471013E-01
   3.004506E-12   4.470913E-01
   3.049800E-12   4.470809E-01
   3.095777E-12   4.470705E-01
   3.142446E-12   4.470600E-01
   3.189820E-12   4.470497E-01
   3.237907E-12   4.470393E-01
   3.286719E-12   4.470289E-01
   3.336267E-12   4.470185E-01
   3.386563E-12   4.470081E-01
   3.437616E-12   4.469974E-01
   3.489439E-12   4.469862E-01
   3.542043E-12   4.469751E-01
   3.595441E-12   4.469639E-01
   3.649643E-12   4.469528E-01
   3.704662E-12   4.469417E-01
   3.760511E-12   4.469306E-01
   3.817202E-12   4.469194E-01
   3.874747E-12   4.469083E-01
   3.933160E-12   4.468969E-01
   3.992453E-12   4.468850E-01
   4.052641E-12   4.468731E-01
   4.113735E-12   4.468612E-01
   4.175751E-12   4.468493E-01
   4.238702E-12   4.468374E-01
   4.302601E-12   4.468255E-01
   4.367464E-12   4.468136E-01
   4.433305E-12   4.468017E-01
   4.500138E-12   4.467896E-01
   4.567979E-12   4.467769E-01
   4.636842E-12   4.467641E-01
   4.706744E-12   4.467514E-01
   4.777700E-12   4.467388E-01
   4.849725E-12   4.467260E-01
   4.922836E-12   4.467133E-01
   4.997049E-12   4.467006E-01
   5.072381E-12   4.466878E-01
   5.148848E-12   4.466751E-01
   5.226468E-12   4.466615E-01
   5.305259E-12   4.466480E-01
   5.385237E-12   4.466344E-01
   5.466421E-12   4.466208E-01
   5.548829E-12   4.466072E-01
   5.632479E-12   4.465937E-01
   5.717390E-12   4.465801E-01
   5.803581E-12   4.465665E-01
   5.891072E-12   4.465529E-01
   5.979882E-12   4.465385E-01
   6.070030E-12   4.465241E-01
   6.161537E-12   4.465095E-01
   6.254424E-12   4.464951E-01
   6.348711E-12   4.464807E-01
   6.444420E-12   4.464661E-01
   6.541571E-12   4.464517E-01
   6.640187E-12   4.464373E-01
   6.740290E-12   4.464228E-01
   6.841902E-12   4.464076E-01
   6.945045E-12   4.463921E-01
   7.049744E-12   4.463768E-01
   7.156020E-12   4.463613E-01
   7.263899E-12   4.463459E-01
   7.373405E-12   4.463305E-01
   7.484561E-12   4.463150E-01
   7.597393E-12   4.462997E-01
   7.711925E-12   4.462842E-01
   7.828185E-12   4.462682E-01
   7.946197E-12   4.462518E-01
   8.065988E-12   4.462353E-01
   8.187585E-12   4.462189E-01
   8.311015E-12   4.462025E-01
   8.436306E-12   4.461862E-01
   8.563485E-12   4.461698E-01
   8.692582E-12   4.461534E-01
   8.823625E-12   4.461370E-01
   8.956644E-12   4.461200E-01
   9.091668E-12   4.461026E-01
   9.228727E-12   4.460851E-01
   9.367853E-12   4.460676E-01
   9.509076E-12   4.460502E-01
   9.652428E-12   4.460328E-01
   9.797941E-12   4.460154E-01
   9.945647E-12   4.459979E-01
   1.009558E-11   4.459805E-01
   1.024777E-11   4.459626E-01
   1.040226E-11   4.459442E-01
   1.055908E-11   4.459256E-01
   1.071826E-11   4.459071E-01
   1.087984E-11   4.458886E-01
   1.104386E-11   4.458701E-01
   1.121035E-11   4.458515E-01
   1.137935E-11   4.458330E-01
   1.155089E-11   4.458145E-01
   1.172503E-11   4.457957E-01
   1.190178E-11   4.457761E-01
   1.208121E-11   4.457564E-01
   1.226333E-11   4.457367E-01
   1.244821E-11   4.457171E-01
   1.263587E-11   4.456974E-01
   1.282636E-11   4.456778E-01
   1.301972E-11   4.456582E-01
   1.321599E-11   4.456385E-01
   1.341523E-11   4.456187E-01
   1.361747E-11   4.455978E-01
   1.382275E-11   4.455771E-01
   1.403113E-11   4.455562E-01
   1.424266E-11   4.455353E-01
   1.445737E-11   4.455146E-01
   1.467532E-11   4.454937E-01
   1.489655E-11   4.454728E-01
   1.512112E-11   4.454521E-01
   1.534908E-11   4.454312E-01
   1.558047E-11   4.454091E-01
   1.581535E-11   4.453871E-01
   1.605377E-11   4.453650E-01
   1.629578E-11   4.453429E-01
   1.654145E-11   4.453208E-01
   1.679081E-11   4.452988E-01
   1.704394E-11   4.452768E-01
   1.730088E-11   4.452547E-01
   1.756170E-11   4.452327E-01
   1.782645E-11   4.452095E-01
   1.809518E-11   4.451861E-01
   1.836797E-11   4.451627E-01
   1.864488E-11   4.451394E-01
   1.892595E-11   4.451160E-01
   1.921127E-11   4.450927E-01
   1.950088E-11   4.450693E-01
   1.979486E-11   4.450460E-01
   2.009328E-11   4.450226E-01
   2.039619E-11   4.449982E-01
   2.070367E-11   4.449736E-01
   2.101578E-11   4.449488E-01
   2.133260E-11   4.449241E-01
   2.165419E-11   4.448994E-01
   2.198064E-11   4.448747E-01
   2.231200E-11   4.448501E-01
   2.264836E-11   4.448253E-01
   2.298979E-11   4.448007E-01
   2.333637E-11   4.447751E-01
   2.368817E-11   4.447490E-01
   2.404527E-11   4.447229E-01
   2.440776E-11   4.446967E-01
   2.477572E-11   4.446707E-01
   2.514922E-11   4.446446E-01
   2.552835E-11   4.446185E-01
   2.591320E-11   4.445923E-01
   2.630385E-11   4.445663E-01
   2.670038E-11   4.449058E-01
   2.710290E-11   4.456527E-01
   2.751148E-11   4.464002E-01
   2.792623E-11   4.471484E-01
   2.834722E-11   4.478973E-01
   2.877456E-11   4.486468E-01
   2.920835E-11   4.493969E-01
   2.964867E-11   4.501506E-01
   3.009563E-11   4.509168E-01
   3.054933E-11   4.511439E-01
   3.100987E-11   4.503200E-01
   3.147735E-11   4.495066E-01
   3.195188E-11   4.487000E-01
   3.243357E-11   4.478943E-01
   3.292251E-11   4.470895E-01
   3.341883E-11   4.462854E-01
   3.392263E-11   4.454821E-01
   3.443402E-11   4.446796E-01
   3.495312E-11   4.440361E-01
   3.548005E-11   4.440062E-01
   3.601492E-11   4.439765E-01
   3.655786E-11   4.439467E-01
   3.710898E-11   4.439169E-01
   3.766840E-11   4.438871E-01
   3.823627E-11   4.438574E-01
   3.881269E-11   4.438276E-01
   3.939780E-11   4.437978E-01
   3.999173E-11   4.437680E-01
   4.059462E-11   4.437369E-01
   4.120659E-11   4.437060E-01
   4.182779E-11   4.436750E-01
   4.245836E-11   4.436440E-01
   4.309843E-11   4.436130E-01
   4.374815E-11   4.435819E-01
   4.440767E-11   4.435510E-01
   4.507713E-11   4.435200E-01
   4.575668E-11   4.434890E-01
   4.644647E-11   4.434563E-01
   4.714666E-11   4.434236E-01
   4.785741E-11   4.433907E-01
   4.857888E-11   4.433580E-01
   4.931122E-11   4.433252E-01
   5.005460E-11   4.432925E-01
   5.080918E-11   4.432597E-01
   5.157514E-11   4.432268E-01
   5.235265E-11   4.431941E-01
   5.314188E-11   4.431595E-01
   5.394301E-11   4.431244E-01
   5.475622E-11   4.430893E-01
   5.558168E-11   4.430541E-01
   5.641959E-11   4.430190E-01
   5.727013E-11   4.429839E-01
   5.813350E-11   4.429488E-01
   5.900987E-11   4.429137E-01
   5.989947E-11   4.428786E-01
   6.080247E-11   4.428423E-01
   6.171908E-11   4.428055E-01
   6.264951E-11   4.427687E-01
   6.359397E-11   4.427319E-01
   6.455267E-11   4.426951E-01
   6.552582E-11   4.426583E-01
   6.651364E-11   4.426215E-01
   6.751635E-11   4.425847E-01
   6.853417E-11   4.425479E-01
   6.956735E-11   4.425102E-01
   7.061609E-11   4.424717E-01
   7.168065E-11   4.424332E-01
   7.276126E-11   4.423947E-01
   7.385815E-11   4.423561E-01
   7.497158E-11   4.423177E-01
   7.610180E-11   4.422791E-01
   7.724906E-11   4.422406E-01
   7.841361E-11   4.422021E-01
   7.959571E-11   4.421629E-01
   8.079564E-11   4.421227E-01
   8.201366E-11   4.420826E-01
   8.325003E-11   4.420424E-01
   8.450505E-11   4.420022E-01
   8.577899E-11   4.419621E-01
   8.707213E-11   4.419219E-01
   8.838477E-11   4.418818E-01
   8.971719E-11   4.418417E-01
   9.106970E-11   4.418010E-01
   9.244260E-11   4.417589E-01
   9.383620E-11   4.417168E-01
   9.525081E-11   4.416748E-01
   9.668674E-11   4.416327E-01
   9.814432E-11   4.415907E-01
   9.962387E-11   4.415486E-01
   1.011257E-10   4.415066E-01
   1.026502E-10   4.414645E-01
   1.041977E-10   4.414221E-01
   1.057685E-10   4.413780E-01
   1.073630E-10   4.413337E-01
   1.089815E-10   4.412895E-01
   1.106245E-10   4.412452E-01
   1.122922E-10   4.412010E-01
   1.139850E-10   4.411568E-01
   1.157033E-10   4.411126E-01
   1.174476E-10   4.410684E-01
   1.192182E-10   4.410243E-01
   1.210154E-10   4.409774E-01
   1.228397E-10   4.409307E-01
   1.246916E-10   4.408839E-01
   1.265713E-10   4.408371E-01
   1.284794E-10   4.407904E-01
   1.304163E-10   4.407436E-01
   1.323824E-10   4.406969E-01
   1.343781E-10   4.406501E-01
   1.364039E-10   4.406034E-01
   1.384602E-10   4.405544E-01
   1.405475E-10   4.405049E-01
   1.426663E-10   4.404555E-01
   1.448170E-10   4.404061E-01
   1.470002E-10   4.403567E-01
   1.492163E-10   4.403073E-01
   1.514657E-10   4.402579E-01
   1.537491E-10   4.402085E-01
   1.560669E-10   4.401592E-01
   1.584197E-10   4.401083E-01
   1.608079E-10   4.400568E-01
   1.632321E-10   4.400054E-01
   1.656929E-10   4.399543E-01
   1.681908E-10   4.399034E-01
   1.707263E-10   4.398524E-01
   1.733000E-10   4.398014E-01
   1.759126E-10   4.397504E-01
   1.785645E-10   4.396995E-01
   1.812564E-10   4.396470E-01
   1.839889E-10   4.395934E-01
   1.867626E-10   4.395398E-01
   1.895781E-10   4.394863E-01
   1.924360E-10   4.394327E-01
   1.953370E-10   4.393792E-01
   1.982818E-10   4.393256E-01
   2.012710E-10   4.392720E-01
   2.043052E-10   4.392185E-01
   2.073851E-10   4.391635E-01
   2.105115E-10   4.391067E-01
   2.136850E-10   4.390500E-01
   2.169064E-10   4.389932E-01
   2.201763E-10   4.389364E-01
   2.234955E-10   4.388798E-01
   2.268648E-10   4.388230E-01
   2.302848E-10   4.387664E-01
   2.337565E-10   4.387098E-01
   2.372804E-10   4.386522E-01
   2.408575E-10   4.385932E-01
   2.444885E-10   4.385342E-01
   2.481742E-10   4.384751E-01
   2.519155E-10   4.384161E-01
   2.557132E-10   4.383571E-01
   2.595681E-10   4.382981E-01
   2.634812E-10   4.382390E-01
   2.674532E-10   4.381801E-01
   2.714852E-10   4.381207E-01
   2.755779E-10   4.380592E-01
   2.797323E-10   4.379978E-01
   2.839493E-10   4.379364E-01
   2.882299E-10   4.378749E-01
   2.925751E-10   4.378135E-01
   2.969857E-10   4.377521E-01
   3.014629E-10   4.376907E-01
   3.060075E-10   4.376293E-01
   3.106207E-10   4.375676E-01
   3.153034E-10   4.375029E-01
   3.200566E-10   4.374381E-01
   3.248816E-10   4.373732E-01
   3.297793E-10   4.373085E-01
   3.347508E-10   4.372437E-01
   3.397972E-10   4.371790E-01
   3.449198E-10   4.371141E-01
   3.501195E-10   4.370494E-01
   3.553977E-10   4.369847E-01
   3.607554E-10   4.369169E-01
   3.661939E-10   4.368490E-01
   3.717144E-10   4.367810E-01
   3.773181E-10   4.367130E-01
   3.830062E-10   4.366451E-01
   3.887802E-10   4.365771E-01
   3.946411E-10   4.365091E-01
   4.005904E-10   4.364412E-01
   4.066295E-10   4.363733E-01
   4.127595E-10   4.363030E-01
   4.189820E-10   4.362320E-01
   4.252982E-10   4.361611E-01
   4.317097E-10   4.360901E-01
   4.382179E-10   4.360192E-01
   4.448241E-10   4.359482E-01
   4.515300E-10   4.358772E-01
   4.583369E-10   4.358062E-01
   4.652465E-10   4.357353E-01
   4.722602E-10   4.356621E-01
   4.793796E-10   4.355876E-01
   4.866064E-10   4.355133E-01
   4.939421E-10   4.354389E-01
   5.013884E-10   4.353644E-01
   5.089470E-10   4.352901E-01
   5.166195E-10   4.352157E-01
   5.244077E-10   4.351414E-01
   5.323133E-10   4.350670E-01
   5.403381E-10   4.349909E-01
   5.484838E-10   4.349130E-01
   5.567524E-10   4.348351E-01
   5.651456E-10   4.347573E-01
   5.736653E-10   4.346796E-01
   5.823134E-10   4.346018E-01
   5.910920E-10   4.345242E-01
   6.000028E-10   4.344465E-01
   6.090481E-10   4.343689E-01
   6.182296E-10   4.342897E-01
   6.275496E-10   4.342082E-01
   6.370101E-10   4.341266E-01
   6.466132E-10   4.340452E-01
   6.563611E-10   4.339636E-01
   6.662559E-10   4.338822E-01
   6.762999E-10   4.338007E-01
   6.864953E-10   4.337192E-01
   6.968444E-10   4.336378E-01
   7.073495E-10   4.335554E-01
   7.180130E-10   4.334700E-01
   7.288372E-10   4.333845E-01
   7.398246E-10   4.332990E-01
   7.509777E-10   4.332137E-01
   7.622989E-10   4.331282E-01
   7.737908E-10   4.330427E-01
   7.854559E-10   4.329573E-01
   7.972968E-10   4.328719E-01
   8.093163E-10   4.327860E-01
   8.215170E-10   4.326965E-01
   8.339016E-10   4.326070E-01
   8.464729E-10   4.325176E-01
   8.592337E-10   4.324282E-01
   8.721869E-10   4.323387E-01
   8.853353E-10   4.322494E-01
   8.986820E-10   4.321600E-01
   9.122299E-10   4.320706E-01
   9.259820E-10   4.319812E-01
   9.399414E-10   4.318878E-01
   9.541113E-10   4.317945E-01
   9.684948E-10   4.317011E-01
   9.830951E-10   4.316077E-01
   9.979155E-10   4.315143E-01
   1.012959E-09   4.314210E-01
   1.028230E-09   4.313276E-01
   1.043731E-09   4.312343E-01
   1.059465E-09   4.311409E-01
   1.075437E-09   4.310440E-01
   1.091650E-09   4.309466E-01
   1.108107E-09   4.308490E-01
   1.124812E-09   4.307515E-01
   1.141768E-09   4.306540E-01
   1.158981E-09   4.305566E-01
   1.176453E-09   4.304591E-01
   1.194188E-09   4.303616E-01
   1.212191E-09   4.302641E-01
   1.230465E-09   4.301635E-01
   1.249015E-09   4.300616E-01
   1.267844E-09   4.299603E-01
   1.286957E-09   4.298599E-01
   1.306358E-09   4.297596E-01
   1.326052E-09   4.296593E-01
   1.346042E-09   4.295591E-01
   1.366334E-09   4.294587E-01
   1.386932E-09   4.293585E-01
   1.407841E-09   4.292555E-01
   1.429064E-09   4.291505E-01
   1.450608E-09   4.290456E-01
   1.472476E-09   4.289407E-01
   1.494674E-09   4.288358E-01
   1.517207E-09   4.287309E-01
   1.540079E-09   4.286261E-01
   1.563296E-09   4.285212E-01
   1.586863E-09   4.284165E-01
   1.610786E-09   4.283092E-01
   1.635069E-09   4.281989E-01
   1.659718E-09   4.280887E-01
   1.684738E-09   4.279785E-01
   1.710136E-09   4.278684E-01
   1.735917E-09   4.277584E-01
   1.762087E-09   4.276483E-01
   1.788651E-09   4.275384E-01
   1.815615E-09   4.274285E-01
   1.842986E-09   4.273170E-01
   1.870769E-09   4.272019E-01
   1.898972E-09   4.270869E-01
   1.927599E-09   4.269719E-01
   1.956658E-09   4.268570E-01
   1.986155E-09   4.267422E-01
   2.016097E-09   4.266274E-01
   2.046491E-09   4.265126E-01
   2.077342E-09   4.263979E-01
   2.108658E-09   4.262822E-01
   2.140447E-09   4.261622E-01
   2.172715E-09   4.260420E-01
   2.205469E-09   4.259220E-01
   2.238717E-09   4.258020E-01
   2.272466E-09   4.256819E-01
   2.306725E-09   4.255619E-01
   2.341499E-09   4.254420E-01
   2.376798E-09   4.253220E-01
   2.412629E-09   4.252018E-01
   2.449000E-09   4.250762E-01
   2.485919E-09   4.249508E-01
   2.523395E-09   4.248253E-01
   2.561436E-09   4.246999E-01
   2.600050E-09   4.245745E-01
   2.639247E-09   4.244491E-01
   2.679034E-09   4.243237E-01
   2.719421E-09   4.241984E-01
   2.760417E-09   4.240730E-01
   2.802031E-09   4.239425E-01
   2.844273E-09   4.238115E-01
   2.887151E-09   4.236805E-01
   2.930675E-09   4.235495E-01
   2.974856E-09   4.234186E-01
   3.019703E-09   4.232876E-01
   3.065226E-09   4.231567E-01
   3.111435E-09   4.230258E-01
   3.158341E-09   4.228950E-01
   3.205953E-09   4.227595E-01
   3.254284E-09   4.226227E-01
   3.303343E-09   4.224860E-01
   3.353142E-09   4.223493E-01
   3.403692E-09   4.222125E-01
   3.455003E-09   4.220758E-01
   3.507088E-09   4.219392E-01
   3.559959E-09   4.218025E-01
   3.613626E-09   4.216660E-01
   3.668102E-09   4.215253E-01
   3.723400E-09   4.213822E-01
   3.779531E-09   4.212392E-01
   3.836509E-09   4.210963E-01
   3.894345E-09   4.209533E-01
   3.953054E-09   4.208104E-01
   4.012647E-09   4.206676E-01
   4.073139E-09   4.205247E-01
   4.134542E-09   4.203819E-01
   4.196872E-09   4.202356E-01
   4.260141E-09   4.200860E-01
   4.324364E-09   4.199367E-01
   4.389554E-09   4.197880E-01
   4.455728E-09   4.196393E-01
   4.522900E-09   4.194907E-01
   4.591083E-09   4.193422E-01
   4.660295E-09   4.191938E-01
   4.730551E-09   4.190454E-01
   4.801865E-09   4.188944E-01
   4.874254E-09   4.187393E-01
   4.947735E-09   4.185842E-01
   5.022324E-09   4.184291E-01
   5.098036E-09   4.182741E-01
   5.174891E-09   4.181192E-01
   5.252904E-09   4.179643E-01
   5.332093E-09   4.178095E-01
   5.412475E-09   4.176547E-01
   5.494070E-09   4.174982E-01
   5.576894E-09   4.173362E-01
   5.660968E-09   4.171743E-01
   5.746308E-09   4.170125E-01
   5.832936E-09   4.168507E-01
   5.920869E-09   4.166889E-01
   6.010127E-09   4.165272E-01
   6.100732E-09   4.163655E-01
   6.192702E-09   4.162039E-01
   6.286059E-09   4.160415E-01
   6.380823E-09   4.158726E-01
   6.477015E-09   4.157038E-01
   6.574658E-09   4.155351E-01
   6.673773E-09   4.153664E-01
   6.774382E-09   4.151978E-01
   6.876507E-09   4.150292E-01
   6.980173E-09   4.148609E-01
   7.085401E-09   4.146925E-01
   7.192215E-09   4.145242E-01
   7.300640E-09   4.143484E-01
   7.410699E-09   4.141723E-01
   7.522417E-09   4.139964E-01
   7.635820E-09   4.138206E-01
   7.750932E-09   4.136449E-01
   7.867779E-09   4.134692E-01
   7.986388E-09   4.132937E-01
   8.106785E-09   4.131182E-01
   8.228997E-09   4.129429E-01
   8.353051E-09   4.127603E-01
   8.478976E-09   4.125764E-01
   8.606799E-09   4.123926E-01
   8.736549E-09   4.122087E-01
   8.868255E-09   4.120250E-01
   9.001946E-09   4.118414E-01
   9.137653E-09   4.116578E-01
   9.275405E-09   4.114742E-01
   9.415235E-09   4.112908E-01
   9.557172E-09   4.111016E-01
   9.701249E-09   4.109098E-01
   9.847498E-09   4.107183E-01
   9.995952E-09   4.105267E-01
   1.014664E-08   4.103352E-01
   1.029961E-08   4.101439E-01
   1.045488E-08   4.099530E-01
   1.061249E-08   4.097628E-01
   1.077247E-08   4.095728E-01
   1.093487E-08   4.093780E-01
   1.109972E-08   4.091796E-01
   1.126705E-08   4.089814E-01
   1.143690E-08   4.087832E-01
   1.160932E-08   4.085851E-01
   1.178433E-08   4.083871E-01
   1.196198E-08   4.081892E-01
   1.214231E-08   4.079915E-01
   1.232536E-08   4.077936E-01
   1.251117E-08   4.075919E-01
   1.269978E-08   4.073846E-01
   1.289123E-08   4.071775E-01
   1.308557E-08   4.069704E-01
   1.328284E-08   4.067632E-01
   1.348308E-08   4.065562E-01
   1.368634E-08   4.063492E-01
   1.389267E-08   4.061423E-01
   1.410210E-08   4.059353E-01
   1.431470E-08   4.057255E-01
   1.453049E-08   4.055086E-01
   1.474954E-08   4.052918E-01
   1.497190E-08   4.050751E-01
   1.519760E-08   4.048584E-01
   1.542671E-08   4.046418E-01
   1.565927E-08   4.044251E-01
   1.589534E-08   4.042085E-01
   1.613497E-08   4.039920E-01
   1.637821E-08   4.037737E-01
   1.662511E-08   4.035474E-01
   1.687574E-08   4.033211E-01
   1.713015E-08   4.030949E-01
   1.738839E-08   4.028688E-01
   1.765052E-08   4.026427E-01
   1.791661E-08   4.024168E-01
   1.818671E-08   4.021910E-01
   1.846088E-08   4.019653E-01
   1.873918E-08   4.017394E-01
   1.902168E-08   4.015039E-01
   1.930844E-08   4.012687E-01
   1.959952E-08   4.010336E-01
   1.989498E-08   4.007987E-01
   2.019491E-08   4.005640E-01
   2.049935E-08   4.003294E-01
   2.080838E-08   4.000949E-01
   2.112208E-08   3.998615E-01
   2.144050E-08   3.996288E-01
   2.176372E-08   3.993872E-01
   2.209181E-08   3.991447E-01
   2.242485E-08   3.989022E-01
   2.276291E-08   3.986597E-01
   2.310607E-08   3.984172E-01
   2.345440E-08   3.981749E-01
   2.380798E-08   3.979325E-01
   2.416689E-08   3.976902E-01
   2.453122E-08   3.974480E-01
   2.490103E-08   3.971966E-01
   2.527642E-08   3.969427E-01
   2.565747E-08   3.966888E-01
   2.604426E-08   3.964351E-01
   2.643689E-08   3.961815E-01
   2.683543E-08   3.959281E-01
   2.723998E-08   3.956749E-01
   2.765063E-08   3.954217E-01
   2.806747E-08   3.951687E-01
   2.849060E-08   3.949083E-01
   2.892010E-08   3.946438E-01
   2.935608E-08   3.943793E-01
   2.979863E-08   3.941152E-01
   3.024785E-08   3.938511E-01
   3.070385E-08   3.935874E-01
   3.116672E-08   3.933238E-01
   3.163657E-08   3.930603E-01
   3.211350E-08   3.927971E-01
   3.259761E-08   3.925280E-01
   3.308903E-08   3.922527E-01
   3.358786E-08   3.919776E-01
   3.409421E-08   3.917027E-01
   3.460818E-08   3.914280E-01
   3.512991E-08   3.911535E-01
   3.565951E-08   3.908791E-01
   3.619708E-08   3.906049E-01
   3.674276E-08   3.903310E-01
   3.729667E-08   3.900525E-01
   3.785893E-08   3.897674E-01
   3.842966E-08   3.894826E-01
   3.900900E-08   3.891980E-01
   3.959707E-08   3.889136E-01
   4.019401E-08   3.886293E-01
   4.079994E-08   3.883451E-01
   4.141501E-08   3.880611E-01
   4.203936E-08   3.877772E-01
   4.267311E-08   3.874904E-01
   4.331642E-08   3.871936E-01
   4.396943E-08   3.868970E-01
   4.463228E-08   3.866005E-01
   4.530512E-08   3.863041E-01
   4.598811E-08   3.860080E-01
   4.668139E-08   3.857120E-01
   4.738513E-08   3.854162E-01
   4.809947E-08   3.851205E-01
   4.882458E-08   3.848238E-01
   4.956063E-08   3.845149E-01
   5.030777E-08   3.842062E-01
   5.106617E-08   3.838977E-01
   5.183601E-08   3.835894E-01
   5.261745E-08   3.832813E-01
   5.341067E-08   3.829734E-01
   5.421585E-08   3.826658E-01
   5.503317E-08   3.823583E-01
   5.586281E-08   3.820510E-01
   5.670496E-08   3.817304E-01
   5.755980E-08   3.814095E-01
   5.842753E-08   3.810888E-01
   5.930834E-08   3.807683E-01
   6.020243E-08   3.804481E-01
   6.111000E-08   3.801282E-01
   6.203125E-08   3.798075E-01
   6.296639E-08   3.794864E-01
   6.391562E-08   3.791654E-01
   6.487917E-08   3.788323E-01
   6.585724E-08   3.784969E-01
   6.685006E-08   3.781616E-01
   6.785784E-08   3.778266E-01
   6.888082E-08   3.774918E-01
   6.991921E-08   3.771573E-01
   7.097326E-08   3.768230E-01
   7.204321E-08   3.764889E-01
   7.312928E-08   3.761551E-01
   7.423172E-08   3.758108E-01
   7.535078E-08   3.754618E-01
   7.648672E-08   3.751131E-01
   7.763978E-08   3.747646E-01
   7.881022E-08   3.744164E-01
   7.999830E-08   3.740684E-01
   8.120430E-08   3.737206E-01
   8.242848E-08   3.733731E-01
   8.367111E-08   3.730258E-01
   8.493247E-08   3.726695E-01
   8.621285E-08   3.723063E-01
   8.751254E-08   3.719432E-01
   8.883181E-08   3.715803E-01
   9.017097E-08   3.712175E-01
   9.153033E-08   3.708551E-01
   9.291017E-08   3.704928E-01
   9.431082E-08   3.701307E-01
   9.573258E-08   3.697667E-01
   9.717577E-08   3.693945E-01
   9.864073E-08   3.690127E-01
   1.001278E-07   3.686312E-01
   1.016372E-07   3.682500E-01
   1.031694E-07   3.678692E-01
   1.047247E-07   3.674887E-01
   1.063035E-07   3.671086E-01
   1.079060E-07   3.667288E-01
   1.095328E-07   3.663494E-01
   1.111840E-07   3.659653E-01
   1.128601E-07   3.655692E-01
   1.145615E-07   3.651736E-01
   1.162886E-07   3.647784E-01
   1.180416E-07   3.643836E-01
   1.198212E-07   3.639893E-01
   1.216275E-07   3.635954E-01
   1.234611E-07   3.632021E-01
   1.253223E-07   3.628090E-01
   1.272115E-07   3.624136E-01
   1.291293E-07   3.620027E-01
   1.310759E-07   3.615922E-01
   1.330519E-07   3.611820E-01
   1.350577E-07   3.607722E-01
   1.370938E-07   3.603629E-01
   1.391605E-07   3.599538E-01
   1.412584E-07   3.595446E-01
   1.433879E-07   3.591358E-01
   1.455495E-07   3.587269E-01
   1.477437E-07   3.582996E-01
   1.499710E-07   3.578726E-01
   1.522318E-07   3.574461E-01
   1.545268E-07   3.570201E-01
   1.568563E-07   3.565944E-01
   1.592210E-07   3.561692E-01
   1.616213E-07   3.557444E-01
   1.640577E-07   3.553201E-01
   1.665310E-07   3.548962E-01
   1.690415E-07   3.544555E-01
   1.715898E-07   3.540133E-01
   1.741766E-07   3.535715E-01
   1.768023E-07   3.531303E-01
   1.794677E-07   3.526897E-01
   1.821732E-07   3.522496E-01
   1.849195E-07   3.518100E-01
   1.877072E-07   3.513711E-01
   1.905370E-07   3.509327E-01
   1.934094E-07   3.504794E-01
   1.963251E-07   3.500215E-01
   1.992847E-07   3.495609E-01
   2.022890E-07   3.491004E-01
   2.053385E-07   3.486403E-01
   2.084341E-07   3.481806E-01
   2.115763E-07   3.477213E-01
   2.147658E-07   3.472624E-01
   2.180035E-07   3.468039E-01
   2.212900E-07   3.463322E-01
   2.246260E-07   3.458526E-01
   2.280123E-07   3.453733E-01
   2.314496E-07   3.448944E-01
   2.349388E-07   3.444158E-01
   2.384805E-07   3.439375E-01
   2.420757E-07   3.434597E-01
   2.457251E-07   3.429822E-01
   2.494294E-07   3.425050E-01
   2.531897E-07   3.420181E-01
   2.570066E-07   3.415209E-01
   2.608810E-07   3.410242E-01
   2.648139E-07   3.405279E-01
   2.688060E-07   3.400320E-01
   2.728583E-07   3.395315E-01
   2.769717E-07   3.390310E-01
   2.811472E-07   3.385313E-01
   2.853855E-07   3.380321E-01
   2.896878E-07   3.375255E-01
   2.940549E-07   3.370044E-01
   2.984879E-07   3.364837E-01
   3.029877E-07   3.359635E-01
   3.075553E-07   3.354438E-01
   3.121918E-07   3.349246E-01
   3.168981E-07   3.344059E-01
   3.216755E-07   3.338876E-01
   3.265248E-07   3.333698E-01
   3.314473E-07   3.328475E-01
   3.364439E-07   3.323073E-01
   3.415159E-07   3.317679E-01
   3.466644E-07   3.312290E-01
   3.518904E-07   3.306908E-01
   3.571953E-07   3.301533E-01
   3.625801E-07   3.295863E-01
   3.680461E-07   3.290080E-01
   3.735945E-07   3.284304E-01
   3.792265E-07   3.278512E-01
   3.849434E-07   3.272478E-01
   3.907466E-07   3.266456E-01
   3.966372E-07   3.260447E-01
   4.026166E-07   3.254449E-01
   4.086862E-07   3.248463E-01
   4.148472E-07   3.242490E-01
   4.211011E-07   3.236528E-01
   4.274494E-07   3.230579E-01
   4.338933E-07   3.224640E-01
   4.404343E-07   3.218471E-01
   4.470740E-07   3.212304E-01
   4.538138E-07   3.206156E-01
   4.606551E-07   3.200024E-01
   4.675996E-07   3.194715E-01
   4.746488E-07   3.189397E-01
   4.818043E-07   3.184068E-01
   4.890676E-07   3.178727E-01
   4.964405E-07   3.173374E-01
   5.039244E-07   3.167827E-01
   5.115212E-07   3.162231E-01
   5.192326E-07   3.156630E-01
   5.270601E-07   3.151024E-01
   5.350057E-07   3.145412E-01
   5.430711E-07   3.139795E-01
   5.512580E-07   3.134172E-01
   5.595684E-07   3.128543E-01
   5.680040E-07   3.122909E-01
   5.765668E-07   3.117108E-01
   5.852587E-07   3.111228E-01
   5.940817E-07   3.105346E-01
   6.030376E-07   3.099395E-01
   6.121286E-07   3.092776E-01
   6.213566E-07   3.086165E-01
   6.307237E-07   3.079565E-01
   6.402320E-07   3.072973E-01
   6.498837E-07   3.066390E-01
   6.596809E-07   3.059654E-01
   6.696258E-07   3.052790E-01
   6.797205E-07   3.045935E-01
   6.899675E-07   3.039091E-01
   7.003690E-07   3.032256E-01
   7.109272E-07   3.025430E-01
   7.216446E-07   3.018614E-01
   7.325236E-07   3.011808E-01
   7.435666E-07   3.005010E-01
   7.547761E-07   2.996177E-01
   7.661546E-07   2.982091E-01
   7.777045E-07   2.968131E-01
   7.894287E-07   2.954298E-01
   8.013295E-07   2.940589E-01
   8.134098E-07   2.927003E-01
   8.256721E-07   2.913538E-01
   8.381194E-07   2.900192E-01
   8.507543E-07   2.873253E-01
   8.635796E-07   2.846156E-01
   8.765983E-07   2.818801E-01
   8.898133E-07   2.791008E-01
   9.032275E-07   2.760943E-01
   9.168439E-07   2.730755E-01
   9.306655E-07   2.700441E-01
   9.446956E-07   2.672166E-01
   9.589371E-07   2.644412E-01
   9.733934E-07   2.617138E-01
   9.880675E-07   2.589488E-01
   1.002963E-06   2.559958E-01
   1.018083E-06   2.530885E-01
   1.033431E-06   2.502253E-01
   1.049010E-06   2.474961E-01
   1.064824E-06   2.448038E-01
   1.080877E-06   2.421398E-01
   1.097171E-06   2.395083E-01
   1.113711E-06   2.369293E-01
   1.130501E-06   2.343839E-01
   1.147543E-06   2.317626E-01
   1.164843E-06   2.291640E-01
   1.182403E-06   2.265613E-01
   1.200228E-06   2.239712E-01
   1.218322E-06   2.213934E-01
   1.236689E-06   2.188751E-01
   1.255332E-06   2.164484E-01
   1.274257E-06   2.140656E-01
   1.293466E-06   2.117260E-01
   1.312966E-06   2.093966E-01
   1.332759E-06   2.071682E-01
   1.352851E-06   2.049521E-01
   1.373245E-06   2.027477E-01
   1.393947E-06   2.005550E-01
   1.414961E-06   1.983972E-01
   1.436292E-06   1.962724E-01
   1.457945E-06   1.941747E-01
   1.479924E-06   1.921031E-01
   1.502234E-06   1.899909E-01
   1.524881E-06   1.878364E-01
   1.547869E-06   1.857059E-01
   1.571203E-06   1.835994E-01
   1.594889E-06   1.815164E-01
   1.618933E-06   1.794968E-01
   1.643339E-06   1.776105E-01
   1.668113E-06   1.757474E-01
   1.693260E-06   1.739068E-01
   1.718786E-06   1.720434E-01
   1.744697E-06   1.701649E-01
   1.770999E-06   1.683487E-01
   1.797697E-06   1.665501E-01
   1.824798E-06   1.647645E-01
   1.852308E-06   1.629915E-01
   1.880232E-06   1.612309E-01
   1.908577E-06   1.594935E-01
   1.937349E-06   1.578025E-01
   1.966555E-06   1.561107E-01
   1.996201E-06   1.544087E-01
   2.026295E-06   1.527257E-01
   2.056842E-06   1.510610E-01
   2.087849E-06   1.494314E-01
   2.119324E-06   1.478488E-01
   2.151273E-06   1.462819E-01
   2.183704E-06   1.447303E-01
   2.216624E-06   1.431940E-01
   2.250040E-06   1.416541E-01
   2.283960E-06   1.400971E-01
   2.318392E-06   1.386131E-01
   2.353342E-06   1.371441E-01
   2.388819E-06   1.356861E-01
   2.424832E-06   1.342389E-01
   2.461387E-06   1.328020E-01
   2.498493E-06   1.313760E-01
   2.536158E-06   1.299623E-01
   2.574391E-06   1.286186E-01
   2.613201E-06   1.272513E-01
   2.652596E-06   1.259035E-01
   2.692584E-06   1.245749E-01
   2.733176E-06   1.232650E-01
   2.774379E-06   1.219733E-01
   2.816204E-06   1.206995E-01
   2.858659E-06   1.194661E-01
   2.901754E-06   1.182728E-01
   2.945499E-06   1.170858E-01
   2.989903E-06   1.158606E-01
   3.034976E-06   1.146463E-01
   3.080729E-06   1.134429E-01
   3.127172E-06   1.122501E-01
   3.174315E-06   1.110679E-01
   3.222169E-06   1.099014E-01
   3.270744E-06   1.088034E-01
   3.320051E-06   1.077170E-01
   3.370102E-06   1.066421E-01
   3.420907E-06   1.055377E-01
   3.472478E-06   1.044422E-01
   3.524827E-06   1.033585E-01
   3.577965E-06   1.022864E-01
   3.631903E-06   1.012256E-01
   3.686655E-06   1.001760E-01
   3.742233E-06   9.917354E-02
   3.798648E-06   9.818610E-02
   3.855914E-06   9.720602E-02
   3.914043E-06   9.620100E-02
   3.973048E-06   9.519629E-02
   4.032943E-06   9.420014E-02
   4.093740E-06   9.321240E-02
   4.155455E-06   9.223292E-02
   4.218099E-06   9.126171E-02
   4.281688E-06   9.029845E-02
   4.346236E-06   8.941901E-02
   4.411757E-06   8.858312E-02
   4.478265E-06   8.773883E-02
   4.545776E-06   8.689123E-02
   4.614305E-06   8.604821E-02
   4.683867E-06   8.520985E-02
   4.754477E-06   8.437607E-02
   4.826152E-06   8.354679E-02
   4.898908E-06   8.272218E-02
   4.972760E-06   8.190191E-02
   5.047726E-06   8.108616E-02
   5.123822E-06   8.025087E-02
   5.201065E-06   7.943301E-02
   5.279472E-06   7.864444E-02
   5.359062E-06   7.786954E-02
   5.439851E-06   7.710801E-02
   5.521859E-06   7.635940E-02
   5.605102E-06   7.562340E-02
   5.689600E-06   7.489979E-02
   5.775373E-06   7.418820E-02
   5.862438E-06   7.347383E-02
   5.950816E-06   7.274640E-02
   6.040526E-06   7.202685E-02
   6.131589E-06   7.131510E-02
   6.224024E-06   7.061095E-02
   6.317853E-06   6.991851E-02
   6.413096E-06   6.926362E-02
   6.509776E-06   6.861745E-02
   6.607912E-06   6.797976E-02
   6.707528E-06   6.734207E-02
   6.808646E-06   6.669274E-02
   6.911288E-06   6.605707E-02
   7.015478E-06   6.543486E-02
   7.121238E-06   6.482540E-02
   7.228593E-06   6.422857E-02
   7.337566E-06   6.364375E-02
   7.448182E-06   6.307072E-02
   7.560465E-06   6.250911E-02
   7.674441E-06   6.195043E-02
   7.790135E-06   6.134443E-02
   7.907574E-06   6.074384E-02
   8.026783E-06   6.014844E-02
   8.147789E-06   5.956572E-02
   8.270619E-06   5.899224E-02
   8.395301E-06   5.842545E-02
   8.521862E-06   5.786534E-02
   8.650331E-06   5.731176E-02
   8.780738E-06   5.676457E-02
   8.913110E-06   5.617855E-02
   9.047477E-06   5.560290E-02
   9.183870E-06   5.503768E-02
   9.322320E-06   5.448245E-02
   9.462856E-06   5.393706E-02
   9.605511E-06   5.340129E-02
   9.750317E-06   5.287475E-02
   9.897306E-06   5.235729E-02
   1.004651E-05   5.184870E-02
   1.019796E-05   5.132592E-02
   1.035170E-05   5.080509E-02
   1.050776E-05   5.028944E-02
   1.066616E-05   4.980428E-02
   1.082696E-05   4.935698E-02
   1.099018E-05   4.891448E-02
   1.115586E-05   4.847663E-02
   1.132404E-05   4.804352E-02
   1.149475E-05   4.761499E-02
   1.166804E-05   4.717106E-02
   1.184393E-05   4.672405E-02
   1.202248E-05   4.628125E-02
   1.220373E-05   4.584273E-02
   1.238770E-05   4.540835E-02
   1.257445E-05   4.497809E-02
   1.276401E-05   4.455181E-02
   1.295643E-05   4.412959E-02
   1.315176E-05   4.371127E-02
   1.335002E-05   4.328169E-02
   1.355128E-05   4.284572E-02
   1.375557E-05   4.241388E-02
   1.396294E-05   4.198610E-02
   1.417343E-05   4.156223E-02
   1.438710E-05   4.114233E-02
   1.460399E-05   4.072620E-02
   1.482415E-05   4.031396E-02
   1.504763E-05   3.991953E-02
   1.527447E-05   3.956640E-02
   1.550474E-05   3.920621E-02
   1.573848E-05   3.884955E-02
   1.597574E-05   3.849642E-02
   1.621658E-05   3.814675E-02
   1.646105E-05   3.780045E-02
   1.670920E-05   3.745750E-02
   1.696110E-05   3.711785E-02
   1.721679E-05   3.678147E-02
   1.747634E-05   3.644171E-02
   1.773980E-05   3.609143E-02
   1.800723E-05   3.574439E-02
   1.827870E-05   3.540061E-02
   1.855425E-05   3.505999E-02
   1.883396E-05   3.472248E-02
   1.911789E-05   3.438805E-02
   1.940610E-05   3.405666E-02
   1.969865E-05   3.372828E-02
   1.999561E-05   3.339873E-02
   2.029705E-05   3.305469E-02
   2.060303E-05   3.271395E-02
   2.091363E-05   3.237660E-02
   2.122891E-05   3.204239E-02
   2.154894E-05   3.171142E-02
   2.187380E-05   3.138364E-02
   2.220355E-05   3.105893E-02
   2.253828E-05   3.073727E-02
   2.287805E-05   3.041753E-02
   2.322294E-05   3.008205E-02
   2.357303E-05   2.979805E-02
   2.392840E-05   2.953253E-02
   2.428913E-05   2.926963E-02
   2.465529E-05   2.900929E-02
   2.502698E-05   2.875147E-02
   2.540427E-05   2.849612E-02
   2.578724E-05   2.824329E-02
   2.617599E-05   2.799283E-02
   2.657060E-05   2.773042E-02
   2.697116E-05   2.746944E-02
   2.737776E-05   2.721105E-02
   2.779049E-05   2.695522E-02
   2.820944E-05   2.670190E-02
   2.863470E-05   2.645106E-02
   2.906638E-05   2.620266E-02
   2.950456E-05   2.595670E-02
   2.994935E-05   2.571311E-02
   3.040085E-05   2.546272E-02
   3.085915E-05   2.521241E-02
   3.132436E-05   2.496464E-02
   3.179658E-05   2.471936E-02
   3.227592E-05   2.447660E-02
   3.276249E-05   2.423623E-02
   3.325639E-05   2.399831E-02
   3.375774E-05   2.376271E-02
   3.426665E-05   2.352945E-02
   3.478323E-05   2.329220E-02
   3.530760E-05   2.305413E-02
   3.583987E-05   2.281850E-02
   3.638017E-05   2.258534E-02
   3.692861E-05   2.235456E-02
   3.748531E-05   2.212617E-02
   3.805042E-05   2.190011E-02
   3.862404E-05   2.167631E-02
   3.920630E-05   2.145483E-02
   3.979735E-05   2.123387E-02
   4.039731E-05   2.101369E-02
   4.100631E-05   2.079589E-02
   4.162449E-05   2.058035E-02
   4.225199E-05   2.036713E-02
   4.288895E-05   2.015612E-02
   4.353551E-05   1.996296E-02
   4.419182E-05   1.981767E-02
   4.485803E-05   1.967387E-02
   4.553427E-05   1.953268E-02
   4.622071E-05   1.939475E-02
   4.691750E-05   1.925833E-02
   4.762480E-05   1.912337E-02
   4.834276E-05   1.898986E-02
   4.907154E-05   1.885778E-02
   4.981130E-05   1.872710E-02
   5.056222E-05   1.859779E-02
   5.132446E-05   1.846984E-02
   5.209819E-05   1.834500E-02
   5.288359E-05   1.822681E-02
   5.368082E-05   1.810991E-02
   5.449007E-05   1.799429E-02
   5.531153E-05   1.787993E-02
   5.614536E-05   1.776681E-02
   5.699177E-05   1.765491E-02
   5.785094E-05   1.754421E-02
   5.872305E-05   1.743471E-02
   5.960832E-05   1.732853E-02
   6.050693E-05   1.724001E-02
   6.141909E-05   1.715249E-02
   6.234500E-05   1.706600E-02
   6.328487E-05   1.698045E-02
   6.423891E-05   1.689587E-02
   6.520732E-05   1.681224E-02
   6.619034E-05   1.672954E-02
   6.718818E-05   1.664775E-02
   6.820106E-05   1.656687E-02
   6.922921E-05   1.650848E-02
   7.027286E-05   1.645117E-02
   7.133224E-05   1.639455E-02
   7.240760E-05   1.633858E-02
   7.349916E-05   1.628327E-02
   7.460718E-05   1.622859E-02
   7.573190E-05   1.617454E-02
   7.687358E-05   1.612110E-02
   7.803247E-05   1.606829E-02
   7.920883E-05   1.604868E-02
   8.040293E-05   1.603513E-02
   8.161502E-05   1.602174E-02
   8.284539E-05   1.600852E-02
   8.409431E-05   1.599547E-02
   8.536206E-05   1.598258E-02
   8.664891E-05   1.596983E-02
   8.795517E-05   1.595723E-02
   8.928112E-05   1.594478E-02
   9.062705E-05   1.596667E-02
   9.199328E-05   1.600191E-02
   9.338011E-05   1.603669E-02
   9.478784E-05   1.607103E-02
   9.621679E-05   1.610494E-02
   9.766728E-05   1.613843E-02
   9.913964E-05   1.617149E-02
   1.006342E-04   1.620415E-02
   1.021513E-04   1.623642E-02
   1.036912E-04   1.630268E-02
   1.052544E-04   1.639287E-02
   1.068412E-04   1.648187E-02
   1.084518E-04   1.656972E-02
   1.100868E-04   1.665643E-02
   1.117464E-04   1.674202E-02
   1.134310E-04   1.682653E-02
   1.151410E-04   1.690996E-02
   1.168767E-04   1.699234E-02
   1.186387E-04   1.710945E-02
   1.204272E-04   1.726915E-02
   1.222427E-04   1.742655E-02
   1.240855E-04   1.758174E-02
   1.259561E-04   1.773474E-02
   1.278550E-04   1.788560E-02
   1.297824E-04   1.803438E-02
   1.317389E-04   1.818110E-02
   1.337249E-04   1.832582E-02
   1.357409E-04   1.849437E-02
   1.377872E-04   1.871702E-02
   1.398644E-04   1.893621E-02
   1.419729E-04   1.915204E-02
   1.441131E-04   1.936459E-02
   1.462857E-04   1.957393E-02
   1.484910E-04   1.978012E-02
   1.507295E-04   1.998323E-02
   1.530018E-04   2.025542E-02
   1.553084E-04   2.056615E-02
   1.576497E-04   2.103701E-02
   1.600263E-04   2.149911E-02
   1.624387E-04   2.195274E-02
   1.648875E-04   2.239811E-02
   1.673733E-04   2.283545E-02
   1.698965E-04   2.326500E-02
   1.724577E-04   2.368692E-02
   1.750575E-04   2.410142E-02
   1.776966E-04   2.451584E-02
   1.803754E-04   2.507957E-02
   1.830946E-04   2.563260E-02
   1.858548E-04   2.617523E-02
   1.886566E-04   2.670772E-02
   1.915007E-04   2.723037E-02
   1.943876E-04   2.774345E-02
   1.973181E-04   2.824723E-02
   2.002927E-04   2.874193E-02
   2.033121E-04   2.922784E-02
   2.063771E-04   2.983057E-02
   2.094883E-04   3.053134E-02
   2.126464E-04   3.125807E-02
   2.158521E-04   3.197452E-02
   2.191061E-04   3.268093E-02
   2.224092E-04   3.337750E-02
   2.257621E-04   3.406444E-02
   2.291655E-04   3.474195E-02
   2.326203E-04   3.541020E-02
   2.361271E-04   3.619568E-02
   2.396868E-04   3.700666E-02
   2.433001E-04   3.780639E-02
   2.469679E-04   3.859507E-02
   2.506910E-04   3.937292E-02
   2.544703E-04   4.016089E-02
   2.583065E-04   4.102929E-02
   2.622005E-04   4.188569E-02
   2.661533E-04   4.273033E-02
   2.701656E-04   4.366855E-02
   2.742384E-04   4.465132E-02
   2.783726E-04   4.561921E-02
   2.825692E-04   4.657259E-02
   2.868290E-04   4.751178E-02
   2.911530E-04   4.843707E-02
   2.955422E-04   4.934879E-02
   2.999976E-04   5.027455E-02
   3.045202E-04   5.125758E-02
   3.091109E-04   5.234152E-02
   3.137708E-04   5.351991E-02
   3.185010E-04   5.467929E-02
   3.233025E-04   5.582017E-02
   3.281764E-04   5.694294E-02
   3.331237E-04   5.804804E-02
   3.381456E-04   5.913589E-02
   3.432433E-04   6.022487E-02
   3.484178E-04   6.137083E-02
   3.536703E-04   6.259002E-02
   3.590019E-04   6.394132E-02
   3.644140E-04   6.526957E-02
   3.699076E-04   6.657539E-02
   3.754841E-04   6.785931E-02
   3.811446E-04   6.912189E-02
   3.868905E-04   7.038936E-02
   3.927229E-04   7.169687E-02
   3.986434E-04   7.298276E-02
   4.046530E-04   7.432402E-02
   4.107533E-04   7.588295E-02
   4.169455E-04   7.741105E-02
   4.232310E-04   7.890924E-02
   4.296114E-04   8.040065E-02
   4.360879E-04   8.192600E-02
   4.426620E-04   8.342182E-02
   4.493353E-04   8.488896E-02
   4.561091E-04   8.632823E-02
   4.629851E-04   8.776540E-02
   4.699647E-04   8.939229E-02
   4.770496E-04   9.104286E-02
   4.842412E-04   9.269694E-02
   4.915413E-04   9.432485E-02
   4.989514E-04   9.592718E-02
   5.064732E-04   9.750457E-02
   5.141085E-04   9.905754E-02
   5.218588E-04   1.006120E-01
   5.297260E-04   1.021825E-01
   5.377117E-04   1.040339E-01
   5.458179E-04   1.058582E-01
   5.540462E-04   1.076467E-01
   5.623986E-04   1.094004E-01
   5.708769E-04   1.111623E-01
   5.794831E-04   1.129122E-01
   5.882189E-04   1.146287E-01
   5.970865E-04   1.163126E-01
   6.060877E-04   1.179648E-01
   6.152247E-04   1.199479E-01
   6.244994E-04   1.220178E-01
   6.339139E-04   1.240380E-01
   6.434703E-04   1.260088E-01
   6.531708E-04   1.279319E-01
   6.630175E-04   1.298092E-01
   6.730127E-04   1.316895E-01
   6.831585E-04   1.335309E-01
   6.934573E-04   1.353295E-01
   7.039114E-04   1.372659E-01
   7.145230E-04   1.392373E-01
   7.252947E-04   1.411986E-01
   7.362287E-04   1.431392E-01
   7.473275E-04   1.450405E-01
   7.585937E-04   1.469038E-01
   7.700297E-04   1.487302E-01
   7.816381E-04   1.505329E-01
   7.934215E-04   1.523292E-01
   8.053826E-04   1.542552E-01
   8.175239E-04   1.562629E-01
   8.298483E-04   1.582254E-01
   8.423585E-04   1.601472E-01
   8.550573E-04   1.620630E-01
   8.679475E-04   1.639368E-01
   8.810321E-04   1.657701E-01
   8.943139E-04   1.675640E-01
   9.077959E-04   1.693198E-01
   9.214812E-04   1.711603E-01
   9.353728E-04   1.731039E-01
   9.494738E-04   1.750033E-01
   9.637874E-04   1.768598E-01
   9.783167E-04   1.786749E-01
   9.930651E-04   1.804577E-01
   1.008036E-03   1.822241E-01
   1.023232E-03   1.839521E-01
   1.038658E-03   1.856432E-01
   1.054316E-03   1.873552E-01
   1.070210E-03   1.891610E-01
   1.086344E-03   1.909404E-01
   1.102721E-03   1.926930E-01
   1.119344E-03   1.944065E-01
   1.136219E-03   1.960824E-01
   1.153348E-03   1.977218E-01
   1.170735E-03   1.993259E-01
   1.188384E-03   2.009090E-01
   1.206299E-03   2.024962E-01
   1.224484E-03   2.041885E-01
   1.242944E-03   2.058430E-01
   1.261681E-03   2.074608E-01
   1.280702E-03   2.090432E-01
   1.300009E-03   2.105994E-01
   1.319607E-03   2.121349E-01
   1.339500E-03   2.136378E-01
   1.359693E-03   2.151091E-01
   1.380191E-03   2.165544E-01
   1.400998E-03   2.181126E-01
   1.422118E-03   2.196366E-01
   1.443557E-03   2.211420E-01
   1.465319E-03   2.226195E-01
   1.487409E-03   2.240656E-01
   1.509832E-03   2.254813E-01
   1.532593E-03   2.268676E-01
   1.555698E-03   2.282253E-01
   1.579150E-03   2.295553E-01
   1.602956E-03   2.310082E-01
   1.627121E-03   2.324509E-01
   1.651651E-03   2.338629E-01
   1.676550E-03   2.352450E-01
   1.701824E-03   2.365982E-01
   1.727480E-03   2.379235E-01
   1.753522E-03   2.392216E-01
   1.779957E-03   2.404989E-01
   1.806790E-03   2.417590E-01
   1.834028E-03   2.431182E-01
   1.861676E-03   2.444870E-01
   1.889742E-03   2.458268E-01
   1.918230E-03   2.471387E-01
   1.947148E-03   2.484234E-01
   1.976502E-03   2.496819E-01
   2.006298E-03   2.509242E-01
   2.036543E-03   2.521447E-01
   2.067245E-03   2.533410E-01
   2.098409E-03   2.546151E-01
   2.130043E-03   2.559220E-01
   2.162154E-03   2.572016E-01
   2.194749E-03   2.584546E-01
   2.227836E-03   2.596820E-01
   2.261421E-03   2.608927E-01
   2.295513E-03   2.620820E-01
   2.330118E-03   2.632475E-01
   2.365245E-03   2.643900E-01
   2.400902E-03   2.656022E-01
   2.437096E-03   2.668826E-01
   2.473836E-03   2.681360E-01
   2.511130E-03   2.693632E-01
   2.548986E-03   2.705701E-01
   2.587412E-03   2.717578E-01
   2.626418E-03   2.729214E-01
   2.666012E-03   2.740616E-01
   2.706203E-03   2.751791E-01
   2.747000E-03   2.763374E-01
   2.788412E-03   2.775824E-01
   2.830448E-03   2.788009E-01
   2.873118E-03   2.799939E-01
   2.916431E-03   2.811714E-01
   2.960397E-03   2.823247E-01
   3.005025E-03   2.834545E-01
   3.050327E-03   2.845615E-01
   3.096312E-03   2.856463E-01
   3.142989E-03   2.867536E-01
   3.190371E-03   2.879872E-01
   3.238466E-03   2.891943E-01
   3.287287E-03   2.903783E-01
   3.336844E-03   2.915430E-01
   3.387148E-03   2.926833E-01
   3.438210E-03   2.938000E-01
   3.490042E-03   2.948937E-01
   3.542655E-03   2.959651E-01
   3.596062E-03   2.970325E-01
   3.650273E-03   2.982495E-01
   3.705302E-03   2.994397E-01
   3.761161E-03   3.006082E-01
   3.817861E-03   3.017552E-01
   3.875417E-03   3.028777E-01
   3.933840E-03   3.039766E-01
   3.993143E-03   3.050525E-01
   4.053341E-03   3.061062E-01
   4.114446E-03   3.071383E-01
   4.176473E-03   3.083265E-01
   4.239434E-03   3.094961E-01
   4.303345E-03   3.106437E-01
   4.368219E-03   3.117691E-01
   4.434071E-03   3.128702E-01
   4.500916E-03   3.139477E-01
   4.568768E-03   3.150023E-01
   4.637644E-03   3.160348E-01
   4.707557E-03   3.170458E-01
   4.778525E-03   3.181985E-01
   4.850563E-03   3.193598E-01
   4.923686E-03   3.204974E-01
   4.997912E-03   3.216130E-01
   5.073257E-03   3.227039E-01
   5.149738E-03   3.237708E-01
   5.227372E-03   3.248146E-01
   5.306176E-03   3.258359E-01
   5.386168E-03   3.268356E-01
   5.467366E-03   3.279381E-01
   5.549788E-03   3.290707E-01
   5.633452E-03   3.301781E-01
   5.718378E-03   3.312647E-01
   5.804584E-03   3.323269E-01
   5.892090E-03   3.333654E-01
   5.980915E-03   3.343810E-01
   6.071079E-03   3.353744E-01
   6.162602E-03   3.363465E-01
   6.255505E-03   3.374044E-01
   6.349808E-03   3.385225E-01
   6.445533E-03   3.396143E-01
   6.542702E-03   3.406837E-01
   6.641335E-03   3.417302E-01
   6.741455E-03   3.427528E-01
   6.843084E-03   3.437523E-01
   6.946245E-03   3.447295E-01
   7.050962E-03   3.456851E-01
   7.157257E-03   3.466958E-01
   7.265155E-03   3.477861E-01
   7.374679E-03   3.488501E-01
   7.485854E-03   3.498889E-01
   7.598705E-03   3.509066E-01
   7.713258E-03   3.519010E-01
   7.829537E-03   3.528727E-01
   7.947570E-03   3.538223E-01
   8.067382E-03   3.547506E-01
   8.189000E-03   3.557085E-01
   8.312451E-03   3.567672E-01
   8.437763E-03   3.577999E-01
   8.564965E-03   3.588078E-01
   8.694084E-03   3.597915E-01
   8.825150E-03   3.607546E-01
   8.958192E-03   3.616959E-01
   9.093239E-03   3.626155E-01
   9.230322E-03   3.635140E-01
   9.369471E-03   3.644195E-01
   9.510719E-03   3.654532E-01
   9.654095E-03   3.664610E-01
   9.799634E-03   3.674440E-01
   9.947366E-03   3.684029E-01
   1.009733E-02   3.693387E-01
   1.024954E-02   3.702529E-01
   1.040406E-02   3.711475E-01
   1.056090E-02   3.720213E-01
   1.072011E-02   3.728777E-01
   1.088172E-02   3.738685E-01
   1.104577E-02   3.748342E-01
   1.121228E-02   3.757758E-01
   1.138131E-02   3.766940E-01
   1.155289E-02   3.775898E-01
   1.172705E-02   3.784640E-01
   1.190384E-02   3.793174E-01
   1.208329E-02   3.801511E-01
   1.226545E-02   3.809670E-01
   1.245036E-02   3.819377E-01
   1.263805E-02   3.829056E-01
   1.282857E-02   3.838482E-01
   1.302197E-02   3.847665E-01
   1.321828E-02   3.856614E-01
   1.341755E-02   3.865339E-01
   1.361982E-02   3.873848E-01
   1.382514E-02   3.882148E-01
   1.403356E-02   3.890247E-01
   1.424512E-02   3.898879E-01
   1.445987E-02   3.907548E-01
   1.467785E-02   3.915999E-01
   1.489913E-02   3.924237E-01
   1.512374E-02   3.932270E-01
   1.535173E-02   3.940107E-01
   1.558316E-02   3.947753E-01
   1.581808E-02   3.955216E-01
