# EOS Table generated on 20120307 from
# HShenEOS_rho220_temp180_ye65_version2.0_20111026_EOSmaker_svn9.h5
# Original table has nrho ntemp nye:    220   180    65
EoSType = ColdTable
Nrho =  2000
RhoMin =   0.161865E-14      RhoMax =   0.158181E-01
HeatCapacity =   0.160000E-02
GammaTh =   0.166667E+01
Kappa =   0.100000E+03
RhoSpacing = Log
 1.62507564E-02 1.28711287E+00 8.25377107E-02
 1.59652137E-02 1.28767810E+00 8.19750795E-02
 1.56839573E-02 1.28824383E+00 8.14079278E-02
 1.54069226E-02 1.28881006E+00 8.08361724E-02
 1.51340463E-02 1.28937679E+00 8.02597267E-02
 1.48652661E-02 1.28994401E+00 7.96785007E-02
 1.46005204E-02 1.29051174E+00 7.90924004E-02
 1.43397486E-02 1.29107996E+00 7.85013283E-02
 1.40828911E-02 1.29164869E+00 7.79051826E-02
 1.38298893E-02 1.29221792E+00 7.73038570E-02
 1.35804082E-02 1.29278753E+00 7.67654643E-02
 1.33346338E-02 1.29335763E+00 7.62333883E-02
 1.30925534E-02 1.29392823E+00 7.56970589E-02
 1.28541114E-02 1.29449933E+00 7.51563950E-02
 1.26192531E-02 1.29507095E+00 7.46113120E-02
 1.23879246E-02 1.29564306E+00 7.40617219E-02
 1.21600730E-02 1.29621568E+00 7.35075331E-02
 1.19356459E-02 1.29678881E+00 7.29486503E-02
 1.17145920E-02 1.29736245E+00 7.23849739E-02
 1.14966397E-02 1.29793647E+00 7.18708074E-02
 1.12818868E-02 1.29851094E+00 7.13725942E-02
 1.10703662E-02 1.29908593E+00 7.08704573E-02
 1.08620289E-02 1.29966143E+00 7.03643209E-02
 1.06568274E-02 1.30023744E+00 6.98541061E-02
 1.04547140E-02 1.30081396E+00 6.93397307E-02
 1.02556428E-02 1.30139099E+00 6.88211094E-02
 1.00595676E-02 1.30196854E+00 6.82981531E-02
 9.86644336E-03 1.30254660E+00 6.77707692E-02
 9.67605820E-03 1.30312503E+00 6.72803655E-02
 9.48842971E-03 1.30370390E+00 6.68141597E-02
 9.30362927E-03 1.30428327E+00 6.63443326E-02
 9.12161438E-03 1.30486316E+00 6.58708133E-02
 8.94234270E-03 1.30544357E+00 6.53935282E-02
 8.76577336E-03 1.30602450E+00 6.49124009E-02
 8.59186514E-03 1.30660595E+00 6.44273515E-02
 8.42057843E-03 1.30718791E+00 6.39382974E-02
 8.25187323E-03 1.30777039E+00 6.34451522E-02
 8.08559207E-03 1.30835326E+00 6.29778870E-02
 7.92168336E-03 1.30893649E+00 6.25419043E-02
 7.76024898E-03 1.30952024E+00 6.21025780E-02
 7.60125147E-03 1.31010452E+00 6.16598421E-02
 7.44465417E-03 1.31068931E+00 6.12136280E-02
 7.29042108E-03 1.31127463E+00 6.07638647E-02
 7.13851603E-03 1.31186048E+00 6.03104778E-02
 6.98890413E-03 1.31244685E+00 5.98533903E-02
 6.84155099E-03 1.31303374E+00 5.93925222E-02
 6.69634646E-03 1.31362104E+00 5.89477336E-02
 6.55318330E-03 1.31420861E+00 5.85402673E-02
 6.41218484E-03 1.31479670E+00 5.81297132E-02
 6.27331823E-03 1.31538533E+00 5.77160102E-02
 6.13655123E-03 1.31597448E+00 5.72990943E-02
 6.00185211E-03 1.31656416E+00 5.68788994E-02
 5.86918959E-03 1.31715438E+00 5.64553566E-02
 5.73853289E-03 1.31774512E+00 5.60283944E-02
 5.60985168E-03 1.31833639E+00 5.55979381E-02
 5.48307722E-03 1.31892811E+00 5.51749415E-02
 5.35806229E-03 1.31951996E+00 5.47943673E-02
 5.23494038E-03 1.32011234E+00 5.44109417E-02
 5.11368318E-03 1.32070525E+00 5.40246080E-02
 4.99426197E-03 1.32129871E+00 5.36353068E-02
 4.87664931E-03 1.32189269E+00 5.32429768E-02
 4.76081770E-03 1.32248722E+00 5.28475541E-02
 4.64674005E-03 1.32308228E+00 5.24489722E-02
 4.53439016E-03 1.32367788E+00 5.20471622E-02
 4.42373137E-03 1.32427398E+00 5.16452621E-02
 4.31459578E-03 1.32487002E+00 5.12900403E-02
 4.20711531E-03 1.32546660E+00 5.09321863E-02
 4.10126498E-03 1.32606372E+00 5.05716473E-02
 3.99701982E-03 1.32666138E+00 5.02083685E-02
 3.89435562E-03 1.32725959E+00 4.98422929E-02
 3.79324853E-03 1.32785834E+00 4.94733615E-02
 3.69367455E-03 1.32845763E+00 4.91015126E-02
 3.59561095E-03 1.32905746E+00 4.87266826E-02
 3.49903456E-03 1.32965784E+00 4.83488048E-02
 3.40380632E-03 1.33025801E+00 4.80138590E-02
 3.31001498E-03 1.33085866E+00 4.76801062E-02
 3.21764803E-03 1.33145986E+00 4.73438761E-02
 3.12668361E-03 1.33206161E+00 4.70051177E-02
 3.03710053E-03 1.33266390E+00 4.66637786E-02
 2.94887794E-03 1.33326675E+00 4.63198040E-02
 2.86199508E-03 1.33387014E+00 4.59731372E-02
 2.77643133E-03 1.33447408E+00 4.56237191E-02
 2.69216718E-03 1.33507857E+00 4.52714884E-02
 2.60911508E-03 1.33568279E+00 4.49531334E-02
 2.52730776E-03 1.33628734E+00 4.46420966E-02
 2.44674398E-03 1.33689245E+00 4.43287757E-02
 2.36740483E-03 1.33749810E+00 4.40131240E-02
 2.28927171E-03 1.33810431E+00 4.36950930E-02
 2.21232628E-03 1.33871108E+00 4.33746322E-02
 2.13655049E-03 1.33931840E+00 4.30516893E-02
 2.06192670E-03 1.33992627E+00 4.27262102E-02
 1.98843701E-03 1.34053470E+00 4.23981380E-02
 1.91603706E-03 1.34114282E+00 4.20958950E-02
 1.84472393E-03 1.34175103E+00 4.18062696E-02
 1.77449542E-03 1.34235981E+00 4.15145409E-02
 1.70533516E-03 1.34296914E+00 4.12206659E-02
 1.63722665E-03 1.34357903E+00 4.09245998E-02
 1.57015415E-03 1.34418948E+00 4.06262966E-02
 1.50410166E-03 1.34480049E+00 4.03257079E-02
 1.43905378E-03 1.34541207E+00 4.00227840E-02
 1.37499525E-03 1.34602420E+00 3.97174729E-02
 1.31191308E-03 1.34663602E+00 3.94308638E-02
 1.24979184E-03 1.34724760E+00 3.91614209E-02
 1.18861559E-03 1.34785974E+00 3.88900440E-02
 1.12836944E-03 1.34847245E+00 3.86166934E-02
 1.06903978E-03 1.34908572E+00 3.83413286E-02
 1.01061213E-03 1.34969956E+00 3.80639067E-02
 9.53073314E-04 1.35031396E+00 3.77843841E-02
 8.96409288E-04 1.35092893E+00 3.75027148E-02
 8.40607286E-04 1.35154447E+00 3.72188516E-02
 7.85673353E-04 1.35215975E+00 3.69474010E-02
 7.31605026E-04 1.35277432E+00 3.66969806E-02
 6.78358172E-04 1.35338945E+00 3.64447848E-02
 6.25920041E-04 1.35400515E+00 3.61907774E-02
 5.74278890E-04 1.35462143E+00 3.59349215E-02
 5.23422347E-04 1.35523827E+00 3.56771781E-02
 4.73338357E-04 1.35585568E+00 3.54175070E-02
 4.24015320E-04 1.35647367E+00 3.51558666E-02
 3.75441817E-04 1.35709223E+00 3.48922137E-02
 3.27631025E-04 1.35771069E+00 3.46354510E-02
 2.80617153E-04 1.35832777E+00 3.44029538E-02
 2.34316086E-04 1.35894543E+00 3.41688304E-02
 1.88717162E-04 1.35956367E+00 3.39330480E-02
 1.43809603E-04 1.36018247E+00 3.36955725E-02
 9.95826492E-05 1.36080185E+00 3.34563685E-02
 5.60265423E-05 1.36142181E+00 3.32154000E-02
 1.31308395E-05 1.36204235E+00 3.29726289E-02
-2.91146091E-05 1.36266346E+00 3.27280158E-02
-7.07022475E-05 1.36328476E+00 3.24854735E-02
-1.11537462E-04 1.36390381E+00 3.22698545E-02
-1.51755693E-04 1.36452344E+00 3.20527491E-02
-1.91366114E-04 1.36514365E+00 3.18341278E-02
-2.30378329E-04 1.36576443E+00 3.16139594E-02
-2.68800806E-04 1.36638580E+00 3.13922126E-02
-3.06642874E-04 1.36700775E+00 3.11688541E-02
-3.43913158E-04 1.36763027E+00 3.09438496E-02
-3.80620149E-04 1.36825338E+00 3.07171639E-02
-4.16772783E-04 1.36887708E+00 3.04887596E-02
-4.52201958E-04 1.36949750E+00 3.02886369E-02
-4.87096569E-04 1.37011845E+00 3.00875417E-02
-5.21466500E-04 1.37073999E+00 2.98850649E-02
-5.55319774E-04 1.37136210E+00 2.96811786E-02
-5.88664299E-04 1.37198480E+00 2.94758540E-02
-6.21507281E-04 1.37260809E+00 2.92690618E-02
-6.53856834E-04 1.37323196E+00 2.90607706E-02
-6.85719937E-04 1.37385642E+00 2.88509489E-02
-7.17104042E-04 1.37448146E+00 2.86395635E-02
-7.47834078E-04 1.37510311E+00 2.84506321E-02
-7.78073891E-04 1.37572466E+00 2.82645800E-02
-8.07862469E-04 1.37634679E+00 2.80772719E-02
-8.37206397E-04 1.37696951E+00 2.78886829E-02
-8.66112306E-04 1.37759281E+00 2.76987875E-02
-8.94586581E-04 1.37821670E+00 2.75075591E-02
-9.22635805E-04 1.37884118E+00 2.73149701E-02
-9.50266465E-04 1.37946625E+00 2.71209916E-02
-9.77484658E-04 1.38009192E+00 2.69255942E-02
-1.00412281E-03 1.38071421E+00 2.67474754E-02
-1.03029911E-03 1.38133554E+00 2.65755093E-02
-1.05608825E-03 1.38195746E+00 2.64024045E-02
-1.08149595E-03 1.38257997E+00 2.62281390E-02
-1.10652769E-03 1.38320307E+00 2.60526898E-02
-1.13118933E-03 1.38382676E+00 2.58760330E-02
-1.15548618E-03 1.38445104E+00 2.56981441E-02
-1.17942348E-03 1.38507592E+00 2.55189978E-02
-1.20300685E-03 1.38570138E+00 2.53385676E-02
-1.22608841E-03 1.38632370E+00 2.51709195E-02
-1.24872371E-03 1.38694396E+00 2.50122011E-02
-1.27102804E-03 1.38756480E+00 2.48524541E-02
-1.29300622E-03 1.38818623E+00 2.46916589E-02
-1.31466302E-03 1.38880826E+00 2.45297953E-02
-1.33600297E-03 1.38943088E+00 2.43668423E-02
-1.35703086E-03 1.39005409E+00 2.42027780E-02
-1.37775140E-03 1.39067789E+00 2.40375798E-02
-1.39816892E-03 1.39130229E+00 2.38712245E-02
-1.41816427E-03 1.39192399E+00 2.37136691E-02
-1.43772081E-03 1.39254225E+00 2.35672918E-02
-1.45699533E-03 1.39316110E+00 2.34199877E-02
-1.47599173E-03 1.39378055E+00 2.32717397E-02
-1.49471416E-03 1.39440059E+00 2.31225297E-02
-1.51316674E-03 1.39502122E+00 2.29723388E-02
-1.53135303E-03 1.39564245E+00 2.28211484E-02
-1.54927702E-03 1.39626427E+00 2.26689385E-02
-1.56694264E-03 1.39688668E+00 2.25156883E-02
-1.58426487E-03 1.39750708E+00 2.23678124E-02
-1.60115084E-03 1.39812241E+00 2.22329293E-02
-1.61779692E-03 1.39873834E+00 2.20972138E-02
-1.63420684E-03 1.39935486E+00 2.19606501E-02
-1.65038391E-03 1.39997197E+00 2.18232226E-02
-1.66633162E-03 1.40058967E+00 2.16849145E-02
-1.68205303E-03 1.40120797E+00 2.15457095E-02
-1.69755121E-03 1.40182686E+00 2.14055905E-02
-1.71282946E-03 1.40244635E+00 2.12645393E-02
-1.72784040E-03 1.40306475E+00 2.11259360E-02
-1.74241455E-03 1.40367620E+00 2.10017539E-02
-1.75678594E-03 1.40428824E+00 2.08768253E-02
-1.77095722E-03 1.40490088E+00 2.07511371E-02
-1.78493118E-03 1.40551410E+00 2.06246755E-02
-1.79871056E-03 1.40612792E+00 2.04974263E-02
-1.81229789E-03 1.40674233E+00 2.03693753E-02
-1.82569633E-03 1.40735733E+00 2.02405063E-02
-1.83890786E-03 1.40797293E+00 2.01108051E-02
-1.85192259E-03 1.40858864E+00 1.99810748E-02
-1.86450034E-03 1.40919524E+00 1.98668329E-02
-1.87690681E-03 1.40980244E+00 1.97519238E-02
-1.88914418E-03 1.41041023E+00 1.96363363E-02
-1.90121458E-03 1.41101860E+00 1.95200588E-02
-1.91312077E-03 1.41162757E+00 1.94030780E-02
-1.92486433E-03 1.41223712E+00 1.92853825E-02
-1.93644779E-03 1.41284727E+00 1.91669585E-02
-1.94787365E-03 1.41345801E+00 1.90477920E-02
-1.95914342E-03 1.41406935E+00 1.89278703E-02
-1.97002241E-03 1.41467111E+00 1.88215104E-02
-1.98073421E-03 1.41527250E+00 1.87158987E-02
-1.99130343E-03 1.41587447E+00 1.86096829E-02
-2.00173198E-03 1.41647703E+00 1.85028527E-02
-2.01202172E-03 1.41708018E+00 1.83953974E-02
-2.02217449E-03 1.41768392E+00 1.82873061E-02
-2.03219210E-03 1.41828825E+00 1.81785675E-02
-2.04207634E-03 1.41889317E+00 1.80691701E-02
-2.05182900E-03 1.41949868E+00 1.79591019E-02
-2.06125785E-03 1.42009537E+00 1.78595100E-02
-2.07050990E-03 1.42068999E+00 1.77625244E-02
-2.07964169E-03 1.42128520E+00 1.76650032E-02
-2.08865527E-03 1.42188098E+00 1.75669365E-02
-2.09755199E-03 1.42247735E+00 1.74683156E-02
-2.10633320E-03 1.42307431E+00 1.73691315E-02
-2.11500088E-03 1.42367185E+00 1.72693734E-02
-2.12355585E-03 1.42426998E+00 1.71690328E-02
-2.13200004E-03 1.42486870E+00 1.70680984E-02
-2.14018193E-03 1.42545962E+00 1.69749877E-02
-2.14817653E-03 1.42604653E+00 1.68860123E-02
-2.15607079E-03 1.42663401E+00 1.67965619E-02
-2.16386532E-03 1.42722207E+00 1.67066303E-02
-2.17156201E-03 1.42781071E+00 1.66162083E-02
-2.17916145E-03 1.42839993E+00 1.65252894E-02
-2.18666550E-03 1.42898973E+00 1.64338639E-02
-2.19407486E-03 1.42958012E+00 1.63419245E-02
-2.20139089E-03 1.43017108E+00 1.62494620E-02
-2.20849988E-03 1.43075554E+00 1.61625564E-02
-2.21541234E-03 1.43133379E+00 1.60810259E-02
-2.22224050E-03 1.43191262E+00 1.59990776E-02
-2.22898537E-03 1.43249202E+00 1.59167049E-02
-2.23564796E-03 1.43307199E+00 1.58339015E-02
-2.24222927E-03 1.43365253E+00 1.57506605E-02
-2.24873029E-03 1.43423365E+00 1.56669749E-02
-2.25515198E-03 1.43481535E+00 1.55828376E-02
-2.26149531E-03 1.43539763E+00 1.54982414E-02
-2.26768108E-03 1.43597492E+00 1.54172743E-02
-2.27366130E-03 1.43654361E+00 1.53426744E-02
-2.27957108E-03 1.43711287E+00 1.52677081E-02
-2.28541157E-03 1.43768269E+00 1.51923693E-02
-2.29118292E-03 1.43825308E+00 1.51166539E-02
-2.29688627E-03 1.43882404E+00 1.50405556E-02
-2.30252258E-03 1.43939556E+00 1.49640681E-02
-2.30809248E-03 1.43996766E+00 1.48871858E-02
-2.31359656E-03 1.44054033E+00 1.48099031E-02
-2.31898145E-03 1.44110979E+00 1.47346197E-02
-2.32414284E-03 1.44166804E+00 1.46664799E-02
-2.32924552E-03 1.44222685E+00 1.45980206E-02
-2.33429018E-03 1.44278622E+00 1.45292373E-02
-2.33927745E-03 1.44334615E+00 1.44601253E-02
-2.34420800E-03 1.44390664E+00 1.43906801E-02
-2.34908246E-03 1.44446769E+00 1.43208966E-02
-2.35390149E-03 1.44502930E+00 1.42507700E-02
-2.35866569E-03 1.44559148E+00 1.41802952E-02
-2.36335498E-03 1.44615244E+00 1.41104494E-02
-2.36782337E-03 1.44669944E+00 1.40483361E-02
-2.37224308E-03 1.44724699E+00 1.39859448E-02
-2.37661452E-03 1.44779508E+00 1.39232732E-02
-2.38093825E-03 1.44834373E+00 1.38603172E-02
-2.38521479E-03 1.44889293E+00 1.37970727E-02
-2.38944467E-03 1.44944269E+00 1.37335358E-02
-2.39362837E-03 1.44999299E+00 1.36697025E-02
-2.39776642E-03 1.45054386E+00 1.36055686E-02
-2.40185930E-03 1.45109527E+00 1.35411299E-02
-2.40573405E-03 1.45163070E+00 1.34844319E-02
-2.40956387E-03 1.45216623E+00 1.34277036E-02
-2.41335373E-03 1.45270231E+00 1.33707337E-02
-2.41710406E-03 1.45323893E+00 1.33135191E-02
-2.42081526E-03 1.45377609E+00 1.32560567E-02
-2.42448771E-03 1.45431379E+00 1.31983437E-02
-2.42812188E-03 1.45485204E+00 1.31403759E-02
-2.43171813E-03 1.45539083E+00 1.30821503E-02
-2.43527687E-03 1.45593017E+00 1.30236635E-02
-2.43865718E-03 1.45645531E+00 1.29712283E-02
-2.44197701E-03 1.45697817E+00 1.29197840E-02
-2.44526391E-03 1.45750156E+00 1.28681328E-02
-2.44851815E-03 1.45802548E+00 1.28162727E-02
-2.45174004E-03 1.45854994E+00 1.27642017E-02
-2.45493000E-03 1.45907493E+00 1.27119156E-02
-2.45808820E-03 1.45960045E+00 1.26594139E-02
-2.46121506E-03 1.46012651E+00 1.26066924E-02
-2.46431086E-03 1.46065311E+00 1.25537487E-02
-2.46726378E-03 1.46116751E+00 1.25054059E-02
-2.47014224E-03 1.46167714E+00 1.24588887E-02
-2.47299364E-03 1.46218729E+00 1.24121962E-02
-2.47581819E-03 1.46269796E+00 1.23653267E-02
-2.47861614E-03 1.46320915E+00 1.23182783E-02
-2.48138771E-03 1.46372086E+00 1.22710494E-02
-2.48413318E-03 1.46423310E+00 1.22236376E-02
-2.48685284E-03 1.46474586E+00 1.21760400E-02
-2.48954688E-03 1.46525915E+00 1.21282550E-02
-2.49212991E-03 1.46576246E+00 1.20838296E-02
-2.49462592E-03 1.46625841E+00 1.20419031E-02
-2.49709976E-03 1.46675488E+00 1.19998297E-02
-2.49955162E-03 1.46725185E+00 1.19576078E-02
-2.50198172E-03 1.46774934E+00 1.19152352E-02
-2.50439023E-03 1.46824734E+00 1.18727110E-02
-2.50677731E-03 1.46874584E+00 1.18300340E-02
-2.50914316E-03 1.46924486E+00 1.17872019E-02
-2.51148799E-03 1.46974440E+00 1.17442133E-02
-2.51375031E-03 1.47023631E+00 1.17035292E-02
-2.51591453E-03 1.47071828E+00 1.16658749E-02
-2.51806069E-03 1.47120074E+00 1.16280983E-02
-2.52018895E-03 1.47168370E+00 1.15901982E-02
-2.52229948E-03 1.47216717E+00 1.15521727E-02
-2.52439232E-03 1.47265113E+00 1.15140224E-02
-2.52646777E-03 1.47313559E+00 1.14757438E-02
-2.52852583E-03 1.47362055E+00 1.14373378E-02
-2.53056679E-03 1.47410601E+00 1.13988009E-02
-2.53255041E-03 1.47458630E+00 1.13616842E-02
-2.53442641E-03 1.47505410E+00 1.13280083E-02
-2.53628779E-03 1.47552238E+00 1.12942317E-02
-2.53813466E-03 1.47599114E+00 1.12603533E-02
-2.53996713E-03 1.47646040E+00 1.12263725E-02
-2.54178532E-03 1.47693013E+00 1.11922881E-02
-2.54358934E-03 1.47740036E+00 1.11580992E-02
-2.54537928E-03 1.47787107E+00 1.11238050E-02
-2.54715527E-03 1.47834228E+00 1.10894043E-02
-2.54889628E-03 1.47881081E+00 1.10556807E-02
-2.55052153E-03 1.47926437E+00 1.10256991E-02
-2.55213497E-03 1.47971840E+00 1.09956362E-02
-2.55373673E-03 1.48017290E+00 1.09654907E-02
-2.55532689E-03 1.48062788E+00 1.09352620E-02
-2.55690552E-03 1.48108333E+00 1.09049493E-02
-2.55847273E-03 1.48153926E+00 1.08745519E-02
-2.56002858E-03 1.48199566E+00 1.08440691E-02
-2.56157316E-03 1.48245254E+00 1.08135003E-02
-2.56310247E-03 1.48290925E+00 1.07829912E-02
-2.56450926E-03 1.48334864E+00 1.07564138E-02
-2.56590673E-03 1.48378849E+00 1.07297692E-02
-2.56729480E-03 1.48422881E+00 1.07030586E-02
-2.56867360E-03 1.48466958E+00 1.06762810E-02
-2.57004320E-03 1.48511083E+00 1.06494352E-02
-2.57140358E-03 1.48555252E+00 1.06225225E-02
-2.57275492E-03 1.48599469E+00 1.05955401E-02
-2.57409719E-03 1.48643732E+00 1.05684891E-02
-2.57543047E-03 1.48688041E+00 1.05413684E-02
-2.57665746E-03 1.48730760E+00 1.05175687E-02
-2.57786622E-03 1.48773344E+00 1.04940871E-02
-2.57906758E-03 1.48815974E+00 1.04705524E-02
-2.58026155E-03 1.48858648E+00 1.04469642E-02
-2.58144820E-03 1.48901367E+00 1.04233223E-02
-2.58262756E-03 1.48944131E+00 1.03996262E-02
-2.58379969E-03 1.48986940E+00 1.03758756E-02
-2.58496462E-03 1.49029794E+00 1.03520700E-02
-2.58612239E-03 1.49072694E+00 1.03282092E-02
-2.58719556E-03 1.49114274E+00 1.03069200E-02
-2.58823918E-03 1.49155483E+00 1.02863859E-02
-2.58927700E-03 1.49196736E+00 1.02658098E-02
-2.59030902E-03 1.49238032E+00 1.02451920E-02
-2.59133523E-03 1.49279372E+00 1.02245329E-02
-2.59235570E-03 1.49320756E+00 1.02038316E-02
-2.59337046E-03 1.49362184E+00 1.01830880E-02
-2.59437957E-03 1.49403655E+00 1.01623010E-02
-2.59538305E-03 1.49445171E+00 1.01414711E-02
-2.59632118E-03 1.49485633E+00 1.01225606E-02
-2.59722000E-03 1.49525502E+00 1.01047531E-02
-2.59811429E-03 1.49565413E+00 1.00869140E-02
-2.59900404E-03 1.49605366E+00 1.00690431E-02
-2.59988930E-03 1.49645362E+00 1.00511401E-02
-2.60077004E-03 1.49685400E+00 1.00332056E-02
-2.60164633E-03 1.49725480E+00 1.00152388E-02
-2.60251822E-03 1.49765604E+00 9.99723876E-03
-2.60338570E-03 1.49805770E+00 9.97920602E-03
-2.60420489E-03 1.49845139E+00 9.96253766E-03
-2.60497629E-03 1.49883706E+00 9.94724651E-03
-2.60574416E-03 1.49922314E+00 9.93193226E-03
-2.60650855E-03 1.49960963E+00 9.91659413E-03
-2.60726951E-03 1.49999654E+00 9.90123133E-03
-2.60802695E-03 1.50038385E+00 9.88584578E-03
-2.60878102E-03 1.50077159E+00 9.87043466E-03
-2.60953164E-03 1.50115973E+00 9.85499989E-03
-2.61027885E-03 1.50154829E+00 9.83954067E-03
-2.61099275E-03 1.50193133E+00 9.82498629E-03
-2.61165151E-03 1.50230439E+00 9.81203368E-03
-2.61230766E-03 1.50267786E+00 9.79906301E-03
-2.61296118E-03 1.50305173E+00 9.78607490E-03
-2.61361202E-03 1.50342600E+00 9.77306996E-03
-2.61426025E-03 1.50380066E+00 9.76004744E-03
-2.61490591E-03 1.50417574E+00 9.74700658E-03
-2.61554897E-03 1.50455122E+00 9.73394799E-03
-2.61618940E-03 1.50492710E+00 9.72087231E-03
-2.61680955E-03 1.50529974E+00 9.70831488E-03
-2.61736841E-03 1.50566064E+00 9.69753296E-03
-2.61792530E-03 1.50602192E+00 9.68673875E-03
-2.61848023E-03 1.50638359E+00 9.67593222E-03
-2.61903320E-03 1.50674566E+00 9.66511332E-03
-2.61958422E-03 1.50710811E+00 9.65428200E-03
-2.62013330E-03 1.50747096E+00 9.64343824E-03
-2.62068044E-03 1.50783420E+00 9.63258198E-03
-2.62122566E-03 1.50819783E+00 9.62171319E-03
-2.62176202E-03 1.50856038E+00 9.61103687E-03
-2.62223171E-03 1.50890953E+00 9.60227605E-03
-2.62269998E-03 1.50925905E+00 9.59350692E-03
-2.62316682E-03 1.50960895E+00 9.58472946E-03
-2.62363223E-03 1.50995923E+00 9.57594363E-03
-2.62409620E-03 1.51030988E+00 9.56715014E-03
-2.62455875E-03 1.51066092E+00 9.55834825E-03
-2.62501993E-03 1.51101234E+00 9.54953721E-03
-2.62547971E-03 1.51136415E+00 9.54071772E-03
-2.62593808E-03 1.51171633E+00 9.53188975E-03
-2.62633017E-03 1.51205467E+00 9.52495234E-03
-2.62671869E-03 1.51239282E+00 9.51808464E-03
-2.62710624E-03 1.51273134E+00 9.51121090E-03
-2.62749279E-03 1.51307023E+00 9.50433183E-03
-2.62787831E-03 1.51340948E+00 9.49744818E-03
-2.62826284E-03 1.51374910E+00 9.49055918E-03
-2.62864642E-03 1.51408910E+00 9.48366409E-03
-2.62902901E-03 1.51442947E+00 9.47676363E-03
-2.62941053E-03 1.51477020E+00 9.46985929E-03
-2.62973848E-03 1.51509945E+00 9.46447259E-03
-2.63005476E-03 1.51542658E+00 9.45940000E-03
-2.63037037E-03 1.51575407E+00 9.45432430E-03
-2.63068528E-03 1.51608192E+00 9.44924623E-03
-2.63099951E-03 1.51641012E+00 9.44416505E-03
-2.63131312E-03 1.51673869E+00 9.43907999E-03
-2.63162607E-03 1.51706762E+00 9.43399180E-03
-2.63193835E-03 1.51739692E+00 9.42890047E-03
-2.63224993E-03 1.51772656E+00 9.42380677E-03
-2.63251900E-03 1.51804691E+00 9.41990805E-03
-2.63276923E-03 1.51836334E+00 9.41653504E-03
-2.63301895E-03 1.51868012E+00 9.41316192E-03
-2.63326826E-03 1.51899724E+00 9.40978714E-03
-2.63351716E-03 1.51931471E+00 9.40641072E-03
-2.63376571E-03 1.51963254E+00 9.40303109E-03
-2.63401377E-03 1.51995071E+00 9.39965136E-03
-2.63426142E-03 1.52026924E+00 9.39626997E-03
-2.63450865E-03 1.52058811E+00 9.39288693E-03
-2.63472332E-03 1.52089974E+00 9.39041721E-03
-2.63491233E-03 1.52120571E+00 9.38866884E-03
-2.63510114E-03 1.52151203E+00 9.38691887E-03
-2.63528972E-03 1.52181869E+00 9.38516807E-03
-2.63547803E-03 1.52212568E+00 9.38341723E-03
-2.63566610E-03 1.52243301E+00 9.38166557E-03
-2.63585399E-03 1.52274069E+00 9.37991229E-03
-2.63604164E-03 1.52304871E+00 9.37815819E-03
-2.63622903E-03 1.52335707E+00 9.37640405E-03
-2.63639272E-03 1.52366011E+00 9.37531717E-03
-2.63652450E-03 1.52395583E+00 9.37513388E-03
-2.63665626E-03 1.52425190E+00 9.37494842E-03
-2.63678783E-03 1.52454828E+00 9.37476398E-03
-2.63691935E-03 1.52484500E+00 9.37457818E-03
-2.63705076E-03 1.52514205E+00 9.37439181E-03
-2.63718202E-03 1.52543942E+00 9.37420567E-03
-2.63731323E-03 1.52573714E+00 9.37401816E-03
-2.63744434E-03 1.52603518E+00 9.37383008E-03
-2.63755981E-03 1.52632975E+00 9.37408605E-03
-2.63763739E-03 1.52661539E+00 9.37542442E-03
-2.63771495E-03 1.52690134E+00 9.37676196E-03
-2.63779250E-03 1.52718761E+00 9.37809867E-03
-2.63787002E-03 1.52747420E+00 9.37943454E-03
-2.63794751E-03 1.52776111E+00 9.38076959E-03
-2.63802499E-03 1.52804835E+00 9.38210380E-03
-2.63810245E-03 1.52833591E+00 9.38343718E-03
-2.63817988E-03 1.52862378E+00 9.38476973E-03
-2.63824913E-03 1.52890996E+00 9.38633737E-03
-2.63827468E-03 1.52918561E+00 9.38916785E-03
-2.63830024E-03 1.52946158E+00 9.39199676E-03
-2.63832582E-03 1.52973785E+00 9.39482410E-03
-2.63835137E-03 1.53001442E+00 9.39765070E-03
-2.63837698E-03 1.53029132E+00 9.40047489E-03
-2.63840257E-03 1.53056852E+00 9.40329836E-03
-2.63842821E-03 1.53084604E+00 9.40611941E-03
-2.63845387E-03 1.53112387E+00 9.40893890E-03
-2.63847839E-03 1.53140172E+00 9.41179064E-03
-2.63845332E-03 1.53166748E+00 9.41609018E-03
-2.63842835E-03 1.53193355E+00 9.42038522E-03
-2.63840330E-03 1.53219990E+00 9.42467920E-03
-2.63837828E-03 1.53246656E+00 9.42897040E-03
-2.63835335E-03 1.53273353E+00 9.43325711E-03
-2.63832835E-03 1.53300079E+00 9.43754277E-03
-2.63830341E-03 1.53326836E+00 9.44182481E-03
-2.63827848E-03 1.53353624E+00 9.44610408E-03
-2.63825352E-03 1.53380441E+00 9.45038147E-03
-2.63818426E-03 1.53406174E+00 9.45596985E-03
-2.63810939E-03 1.53431797E+00 9.46171931E-03
-2.63803449E-03 1.53457449E+00 9.46746434E-03
-2.63795956E-03 1.53483130E+00 9.47320496E-03
-2.63788462E-03 1.53508840E+00 9.47894117E-03
-2.63780964E-03 1.53534579E+00 9.48467298E-03
-2.63773460E-03 1.53560348E+00 9.49040129E-03
-2.63765958E-03 1.53586146E+00 9.49612432E-03
-2.63758453E-03 1.53611974E+00 9.50184298E-03
-2.63747213E-03 1.53636895E+00 9.50868777E-03
-2.63734757E-03 1.53661541E+00 9.51589254E-03
-2.63722282E-03 1.53686214E+00 9.52309260E-03
-2.63709806E-03 1.53710917E+00 9.53028434E-03
-2.63697311E-03 1.53735647E+00 9.53747140E-03
-2.63684815E-03 1.53760406E+00 9.54465018E-03
-2.63672300E-03 1.53785192E+00 9.55182431E-03
-2.63659784E-03 1.53810009E+00 9.55899017E-03
-2.63647249E-03 1.53834852E+00 9.56615143E-03
-2.63631667E-03 1.53858967E+00 9.57424451E-03
-2.63614202E-03 1.53882645E+00 9.58290454E-03
-2.63596716E-03 1.53906351E+00 9.59155554E-03
-2.63579209E-03 1.53930083E+00 9.60019753E-03
-2.63561684E-03 1.53953844E+00 9.60882961E-03
-2.63544130E-03 1.53977631E+00 9.61745458E-03
-2.63526563E-03 1.54001447E+00 9.62606875E-03
-2.63508966E-03 1.54025289E+00 9.63467587E-03
-2.63491357E-03 1.54049159E+00 9.64327224E-03
-2.63471348E-03 1.54072473E+00 9.65260713E-03
-2.63448801E-03 1.54095197E+00 9.66271949E-03
-2.63426218E-03 1.54117947E+00 9.67281997E-03
-2.63403599E-03 1.54140723E+00 9.68290860E-03
-2.63380948E-03 1.54163527E+00 9.69298446E-03
-2.63358257E-03 1.54186356E+00 9.70304951E-03
-2.63335534E-03 1.54209212E+00 9.71310185E-03
-2.63312771E-03 1.54232095E+00 9.72314346E-03
-2.63289971E-03 1.54255004E+00 9.73317339E-03
-2.63265421E-03 1.54277525E+00 9.74374102E-03
-2.63237677E-03 1.54299312E+00 9.75530426E-03
-2.63209878E-03 1.54321125E+00 9.76685234E-03
-2.63182020E-03 1.54342962E+00 9.77838627E-03
-2.63154108E-03 1.54364825E+00 9.78990515E-03
-2.63126145E-03 1.54386714E+00 9.80140805E-03
-2.63098128E-03 1.54408628E+00 9.81289599E-03
-2.63070051E-03 1.54430568E+00 9.82437002E-03
-2.63041920E-03 1.54452533E+00 9.83582919E-03
-2.63012684E-03 1.54474276E+00 9.84761697E-03
-2.62979584E-03 1.54495149E+00 9.86062732E-03
-2.62946407E-03 1.54516046E+00 9.87361878E-03
-2.62913158E-03 1.54536969E+00 9.88659043E-03
-2.62879833E-03 1.54557916E+00 9.89954332E-03
-2.62846430E-03 1.54578888E+00 9.91247755E-03
-2.62812941E-03 1.54599883E+00 9.92539518E-03
-2.62779383E-03 1.54620904E+00 9.93829228E-03
-2.62745748E-03 1.54641951E+00 9.95117092E-03
-2.62711630E-03 1.54662929E+00 9.96416743E-03
-2.62673000E-03 1.54682919E+00 9.97863057E-03
-2.62634268E-03 1.54702933E+00 9.99307083E-03
-2.62595433E-03 1.54722970E+00 1.00074883E-02
-2.62556495E-03 1.54743032E+00 1.00218831E-02
-2.62517454E-03 1.54763117E+00 1.00362553E-02
-2.62478309E-03 1.54783225E+00 1.00506051E-02
-2.62439060E-03 1.54803358E+00 1.00649324E-02
-2.62399707E-03 1.54823514E+00 1.00792375E-02
-2.62360249E-03 1.54843694E+00 1.00935203E-02
-2.62316131E-03 1.54862894E+00 1.01093479E-02
-2.62271645E-03 1.54882065E+00 1.01252306E-02
-2.62227026E-03 1.54901258E+00 1.01410863E-02
-2.62182274E-03 1.54920473E+00 1.01569151E-02
-2.62137379E-03 1.54939711E+00 1.01727193E-02
-2.62092359E-03 1.54958972E+00 1.01884948E-02
-2.62047205E-03 1.54978257E+00 1.02042437E-02
-2.62001917E-03 1.54997564E+00 1.02199664E-02
-2.61956483E-03 1.55016893E+00 1.02356649E-02
-2.61907065E-03 1.55035430E+00 1.02526917E-02
-2.61856603E-03 1.55053803E+00 1.02699963E-02
-2.61805981E-03 1.55072199E+00 1.02872682E-02
-2.61755185E-03 1.55090616E+00 1.03045100E-02
-2.61704222E-03 1.55109056E+00 1.03217206E-02
-2.61653091E-03 1.55127517E+00 1.03389003E-02
-2.61601791E-03 1.55146000E+00 1.03560491E-02
-2.61550321E-03 1.55164506E+00 1.03731672E-02
-2.61498681E-03 1.55183033E+00 1.03902548E-02
-2.61443701E-03 1.55200943E+00 1.04084589E-02
-2.61387027E-03 1.55218572E+00 1.04271669E-02
-2.61330149E-03 1.55236223E+00 1.04458388E-02
-2.61273077E-03 1.55253897E+00 1.04644725E-02
-2.61215788E-03 1.55271590E+00 1.04830728E-02
-2.61158293E-03 1.55289305E+00 1.05016376E-02
-2.61100601E-03 1.55307042E+00 1.05201648E-02
-2.61042691E-03 1.55324799E+00 1.05386591E-02
-2.60984571E-03 1.55342578E+00 1.05571184E-02
-2.60923760E-03 1.55359902E+00 1.05764714E-02
-2.60860640E-03 1.55376850E+00 1.05965574E-02
-2.60797274E-03 1.55393819E+00 1.06166026E-02
-2.60733661E-03 1.55410808E+00 1.06366071E-02
-2.60669801E-03 1.55427817E+00 1.06565713E-02
-2.60605698E-03 1.55444848E+00 1.06764942E-02
-2.60541340E-03 1.55461899E+00 1.06963784E-02
-2.60476737E-03 1.55478971E+00 1.07162217E-02
-2.60411877E-03 1.55496063E+00 1.07360266E-02
-2.60344939E-03 1.55512846E+00 1.07564962E-02
-2.60275127E-03 1.55529179E+00 1.07779230E-02
-2.60205030E-03 1.55545533E+00 1.07993029E-02
-2.60134630E-03 1.55561905E+00 1.08206398E-02
-2.60063949E-03 1.55578299E+00 1.08419293E-02
-2.59992963E-03 1.55594711E+00 1.08631763E-02
-2.59921692E-03 1.55611144E+00 1.08843764E-02
-2.59850113E-03 1.55627596E+00 1.09055346E-02
-2.59778249E-03 1.55644070E+00 1.09266463E-02
-2.59704887E-03 1.55660360E+00 1.09481917E-02
-2.59628124E-03 1.55676147E+00 1.09709203E-02
-2.59551023E-03 1.55691954E+00 1.09935985E-02
-2.59473588E-03 1.55707781E+00 1.10162254E-02
-2.59395811E-03 1.55723627E+00 1.10388025E-02
-2.59317686E-03 1.55739491E+00 1.10613312E-02
-2.59239216E-03 1.55755375E+00 1.10838108E-02
-2.59160400E-03 1.55771279E+00 1.11062415E-02
-2.59081236E-03 1.55787202E+00 1.11286236E-02
-2.59001134E-03 1.55803051E+00 1.11512040E-02
-2.58917164E-03 1.55818364E+00 1.11751958E-02
-2.58832805E-03 1.55833697E+00 1.11991324E-02
-2.58748061E-03 1.55849049E+00 1.12230130E-02
-2.58662917E-03 1.55864419E+00 1.12468404E-02
-2.58577384E-03 1.55879809E+00 1.12706124E-02
-2.58491448E-03 1.55895217E+00 1.12943320E-02
-2.58405114E-03 1.55910644E+00 1.13179982E-02
-2.58318378E-03 1.55926090E+00 1.13416114E-02
-2.58231201E-03 1.55941548E+00 1.13651892E-02
-2.58139766E-03 1.55956462E+00 1.13904023E-02
-2.58047887E-03 1.55971393E+00 1.14155558E-02
-2.57955563E-03 1.55986343E+00 1.14406498E-02
-2.57862792E-03 1.56001311E+00 1.14656850E-02
-2.57769570E-03 1.56016298E+00 1.14906616E-02
-2.57675896E-03 1.56031303E+00 1.15155800E-02
-2.57581768E-03 1.56046327E+00 1.15404406E-02
-2.57487183E-03 1.56061369E+00 1.15652438E-02
-2.57392133E-03 1.56076429E+00 1.15899912E-02
-2.57293430E-03 1.56091076E+00 1.16161685E-02
-2.57193762E-03 1.56105678E+00 1.16424956E-02
-2.57093605E-03 1.56120300E+00 1.16687564E-02
-2.56992930E-03 1.56134938E+00 1.16949565E-02
-2.56891761E-03 1.56149596E+00 1.17210909E-02
-2.56790069E-03 1.56164270E+00 1.17471655E-02
-2.56687870E-03 1.56178963E+00 1.17731767E-02
-2.56585157E-03 1.56193675E+00 1.17991262E-02
-2.56481920E-03 1.56208404E+00 1.18250157E-02
-2.56375645E-03 1.56222839E+00 1.18520983E-02
-2.56267934E-03 1.56237183E+00 1.18795512E-02
-2.56159648E-03 1.56251543E+00 1.19069387E-02
-2.56050812E-03 1.56265923E+00 1.19342559E-02
-2.55941409E-03 1.56280321E+00 1.19615060E-02
-2.55831430E-03 1.56294735E+00 1.19886907E-02
-2.55720878E-03 1.56309168E+00 1.20158092E-02
-2.55609756E-03 1.56323619E+00 1.20428605E-02
-2.55498049E-03 1.56338087E+00 1.20698478E-02
-2.55383854E-03 1.56352359E+00 1.21538854E-02
-2.55267815E-03 1.56366511E+00 1.22738313E-02
-2.55151147E-03 1.56380678E+00 1.23925966E-02
-2.55033862E-03 1.56394865E+00 1.25102122E-02
-2.54915947E-03 1.56409069E+00 1.26267114E-02
-2.54797394E-03 1.56423290E+00 1.27421264E-02
-2.54678213E-03 1.56437529E+00 1.28564835E-02
-2.54558393E-03 1.56451786E+00 1.29698122E-02
-2.54437924E-03 1.56466060E+00 1.30821405E-02
-2.54281172E-03 1.56477805E+00 1.31839864E-02
-2.54083384E-03 1.56486718E+00 1.32747685E-02
-2.53883960E-03 1.56495630E+00 1.33652338E-02
-2.53682879E-03 1.56504539E+00 1.34553908E-02
-2.53480136E-03 1.56513448E+00 1.35452443E-02
-2.53275703E-03 1.56522354E+00 1.36348038E-02
-2.53069581E-03 1.56531259E+00 1.37240724E-02
-2.52829846E-03 1.56540175E+00 1.38132446E-02
-2.52499847E-03 1.56549125E+00 1.39027167E-02
-2.52305022E-03 1.56564417E+00 1.39339193E-02
-2.52377342E-03 1.56592084E+00 1.38518460E-02
-2.52376783E-03 1.56619807E+00 1.37701218E-02
-2.52318006E-03 1.56647580E+00 1.36886032E-02
-2.52193161E-03 1.56666183E+00 1.36309411E-02
-2.51933434E-03 1.56666395E+00 1.36170654E-02
-2.51668010E-03 1.56666551E+00 1.35978300E-02
-2.51395480E-03 1.56666477E+00 1.35735039E-02
-2.51113494E-03 1.56665894E+00 1.35444084E-02
-2.50850864E-03 1.56667694E+00 1.35125807E-02
-2.50675185E-03 1.56677813E+00 1.34898431E-02
-2.50497645E-03 1.56687864E+00 1.34665588E-02
-2.50319518E-03 1.56698014E+00 1.34424166E-02
-2.50140680E-03 1.56708244E+00 1.34174360E-02
-2.49960728E-03 1.56718506E+00 1.33916905E-02
-2.49780383E-03 1.56728889E+00 1.33650057E-02
-2.49599129E-03 1.56739329E+00 1.33374778E-02
-2.49416962E-03 1.56749827E+00 1.33090852E-02
-2.49234224E-03 1.56760433E+00 1.32845041E-02
-2.49049438E-03 1.56771059E+00 1.33220664E-02
-2.48863772E-03 1.56781746E+00 1.33595156E-02
-2.48675607E-03 1.56792294E+00 1.33972489E-02
-2.48486685E-03 1.56802921E+00 1.34348327E-02
-2.48297059E-03 1.56813633E+00 1.34722597E-02
-2.48106451E-03 1.56824398E+00 1.35095804E-02
-2.47914880E-03 1.56835219E+00 1.35467928E-02
-2.47722661E-03 1.56846132E+00 1.35838442E-02
-2.47529825E-03 1.56857141E+00 1.36207320E-02
-2.47334875E-03 1.56868179E+00 1.36588897E-02
-2.47138937E-03 1.56879278E+00 1.36970112E-02
-2.46942285E-03 1.56890461E+00 1.37349716E-02
-2.46743758E-03 1.56901598E+00 1.37730012E-02
-2.46543474E-03 1.56912703E+00 1.38110948E-02
-2.46342445E-03 1.56923894E+00 1.38490469E-02
-2.46140442E-03 1.56935144E+00 1.38868981E-02
-2.45937743E-03 1.56946486E+00 1.39246055E-02
-2.45733843E-03 1.56957864E+00 1.39622541E-02
-2.45528550E-03 1.56969306E+00 1.40008356E-02
-2.45322050E-03 1.56980794E+00 1.40395818E-02
-2.45114511E-03 1.56992334E+00 1.40782295E-02
-2.44906230E-03 1.57003959E+00 1.41167329E-02
-2.44696950E-03 1.57015642E+00 1.41551360E-02
-2.44485135E-03 1.57027214E+00 1.41937721E-02
-2.44272237E-03 1.57038836E+00 1.42323374E-02
-2.44058330E-03 1.57050517E+00 1.42707908E-02
-2.43843455E-03 1.57062262E+00 1.43091276E-02
-2.43627133E-03 1.57074097E+00 1.43482141E-02
-2.43409352E-03 1.57085984E+00 1.43876361E-02
-2.43190755E-03 1.57097951E+00 1.44268976E-02
-2.42971127E-03 1.57109976E+00 1.44660343E-02
-2.42750474E-03 1.57122061E+00 1.45050467E-02
-2.42529073E-03 1.57134234E+00 1.45438937E-02
-2.42306451E-03 1.57146448E+00 1.45826502E-02
-2.42081240E-03 1.57158566E+00 1.46215823E-02
-2.41854970E-03 1.57170744E+00 1.46604015E-02
-2.41627137E-03 1.57182954E+00 1.46999232E-02
-2.41397596E-03 1.57195180E+00 1.47400651E-02
-2.41167218E-03 1.57207489E+00 1.47800468E-02
-2.40936031E-03 1.57219882E+00 1.48198663E-02
-2.40703500E-03 1.57232310E+00 1.48596061E-02
-2.40470211E-03 1.57244828E+00 1.48991807E-02
-2.40235921E-03 1.57257413E+00 1.49386284E-02
-2.40000638E-03 1.57270067E+00 1.49779507E-02
-2.39764344E-03 1.57282787E+00 1.50171543E-02
-2.39524537E-03 1.57295376E+00 1.50572455E-02
-2.39283071E-03 1.57308019E+00 1.50979997E-02
-2.39040741E-03 1.57320744E+00 1.51385993E-02
-2.38796995E-03 1.57333499E+00 1.51791278E-02
-2.38552434E-03 1.57346340E+00 1.52194985E-02
-2.38306797E-03 1.57359243E+00 1.52597519E-02
-2.38060114E-03 1.57372211E+00 1.52998860E-02
-2.37812412E-03 1.57385246E+00 1.53398989E-02
-2.37563720E-03 1.57398352E+00 1.53797886E-02
-2.37313558E-03 1.57411502E+00 1.54200041E-02
-2.37061926E-03 1.57424725E+00 1.54611849E-02
-2.36806945E-03 1.57437815E+00 1.55025551E-02
-2.36550705E-03 1.57450957E+00 1.55438073E-02
-2.36293300E-03 1.57464159E+00 1.55849292E-02
-2.36034804E-03 1.57477429E+00 1.56259117E-02
-2.35775199E-03 1.57490765E+00 1.56667597E-02
-2.35514549E-03 1.57504171E+00 1.57074659E-02
-2.35252872E-03 1.57517651E+00 1.57480301E-02
-2.34989942E-03 1.57531189E+00 1.57886582E-02
-2.34724977E-03 1.57544740E+00 1.58304254E-02
-2.34459137E-03 1.57558375E+00 1.58720301E-02
-2.34191902E-03 1.57572054E+00 1.59135449E-02
-2.33921974E-03 1.57585668E+00 1.59552555E-02
-2.33650095E-03 1.57599280E+00 1.59969913E-02
-2.33377090E-03 1.57612960E+00 1.60385978E-02
-2.33102977E-03 1.57626709E+00 1.60800750E-02
-2.32827811E-03 1.57640530E+00 1.61214180E-02
-2.32551608E-03 1.57654427E+00 1.61626271E-02
-2.32273104E-03 1.57668369E+00 1.62052651E-02
-2.31993677E-03 1.57682394E+00 1.62477296E-02
-2.31712545E-03 1.57696443E+00 1.62901227E-02
-2.31430554E-03 1.57710582E+00 1.63323345E-02
-2.31147711E-03 1.57724809E+00 1.63743669E-02
-2.30862103E-03 1.57738979E+00 1.64165025E-02
-2.30574036E-03 1.57753114E+00 1.64587102E-02
-2.30284862E-03 1.57767323E+00 1.65007711E-02
-2.29994613E-03 1.57781607E+00 1.65426834E-02
-2.29702015E-03 1.57795869E+00 1.65859563E-02
-2.29408457E-03 1.57810214E+00 1.66292631E-02
-2.29113432E-03 1.57824606E+00 1.66724554E-02
-2.28816925E-03 1.57839046E+00 1.67155375E-02
-2.28519572E-03 1.57853578E+00 1.67584291E-02
-2.28220796E-03 1.57868163E+00 1.68012065E-02
-2.27920684E-03 1.57882805E+00 1.68438590E-02
-2.27619521E-03 1.57897526E+00 1.68863585E-02
-2.27314652E-03 1.57912131E+00 1.69291489E-02
-2.27007656E-03 1.57926772E+00 1.69728433E-02
-2.26699149E-03 1.57941475E+00 1.70167638E-02
-2.26389091E-03 1.57956224E+00 1.70605692E-02
-2.26078127E-03 1.57971065E+00 1.71041810E-02
-2.25765658E-03 1.57985957E+00 1.71476763E-02
-2.25443732E-03 1.58000945E+00 1.71910104E-02
-2.25119253E-03 1.58015954E+00 1.72342909E-02
-2.24793956E-03 1.58031060E+00 1.72773783E-02
-2.24467319E-03 1.58046228E+00 1.73203387E-02
-2.24138698E-03 1.58061441E+00 1.73642737E-02
-2.23806491E-03 1.58076580E+00 1.74090901E-02
-2.23471841E-03 1.58091707E+00 1.74539447E-02
-2.23135633E-03 1.58106885E+00 1.74986813E-02
-2.22798478E-03 1.58122153E+00 1.75432322E-02
-2.22459256E-03 1.58137441E+00 1.75877261E-02
-2.22119154E-03 1.58152826E+00 1.76320270E-02
-2.21777628E-03 1.58168269E+00 1.76762055E-02
-2.21435280E-03 1.58183814E+00 1.77201859E-02
-2.21090422E-03 1.58199358E+00 1.77648078E-02
-2.20743640E-03 1.58214939E+00 1.78100984E-02
-2.20395334E-03 1.58230577E+00 1.78552591E-02
-2.20045536E-03 1.58246272E+00 1.79002897E-02
-2.19691963E-03 1.58261868E+00 1.79455693E-02
-2.19336534E-03 1.58277501E+00 1.79907690E-02
-2.18979602E-03 1.58293193E+00 1.80358352E-02
-2.18621203E-03 1.58308946E+00 1.80807675E-02
-2.18261950E-03 1.58324798E+00 1.81254962E-02
-2.17900231E-03 1.58340672E+00 1.81707258E-02
-2.17536738E-03 1.58356632E+00 1.82169125E-02
-2.17171667E-03 1.58372648E+00 1.82629595E-02
-2.16804775E-03 1.58388705E+00 1.83088979E-02
-2.16436926E-03 1.58404855E+00 1.83546307E-02
-2.16067056E-03 1.58421036E+00 1.84002792E-02
-2.15695643E-03 1.58437275E+00 1.84458048E-02
-2.15320338E-03 1.58453429E+00 1.84915329E-02
-2.14942964E-03 1.58469614E+00 1.85371858E-02
-2.14564328E-03 1.58485874E+00 1.85829945E-02
-2.14183167E-03 1.58502132E+00 1.86301044E-02
-2.13800378E-03 1.58518446E+00 1.86770748E-02
-2.13415996E-03 1.58534820E+00 1.87239038E-02
-2.13030054E-03 1.58551256E+00 1.87705896E-02
-2.12642865E-03 1.58567771E+00 1.88171024E-02
-2.12254184E-03 1.58584351E+00 1.88634693E-02
-2.11863504E-03 1.58600970E+00 1.89097448E-02
-2.11471953E-03 1.58617688E+00 1.89558139E-02
-2.11077330E-03 1.58634384E+00 1.90020458E-02
-2.10677593E-03 1.58650992E+00 1.90499230E-02
-2.10276761E-03 1.58667688E+00 1.90975996E-02
-2.09874286E-03 1.58684444E+00 1.91451314E-02
-2.09469625E-03 1.58701232E+00 1.91925793E-02
-2.09063966E-03 1.58718114E+00 1.92398210E-02
-2.08656770E-03 1.58735063E+00 1.92869142E-02
-2.08247513E-03 1.58752050E+00 1.93339154E-02
-2.07837358E-03 1.58769137E+00 1.93807051E-02
-2.07425228E-03 1.58786269E+00 1.94273978E-02
-2.07010444E-03 1.58803416E+00 1.94758217E-02
-2.06593635E-03 1.58820606E+00 1.95242750E-02
-2.06173870E-03 1.58837786E+00 1.95727454E-02
-2.05750617E-03 1.58854930E+00 1.96212906E-02
-2.05325735E-03 1.58872139E+00 1.96696772E-02
-2.04899253E-03 1.58889414E+00 1.97179081E-02
-2.04470651E-03 1.58906731E+00 1.97660314E-02
-2.04041110E-03 1.58924148E+00 1.98139351E-02
-2.03609527E-03 1.58941611E+00 1.98617315E-02
-2.03175396E-03 1.58959096E+00 1.99106568E-02
-2.02739549E-03 1.58976642E+00 1.99597432E-02
-2.02301509E-03 1.58994227E+00 2.00087218E-02
-2.01861878E-03 1.59011882E+00 2.00575333E-02
-2.01420673E-03 1.59029604E+00 2.01061834E-02
-2.00975990E-03 1.59047299E+00 2.01549113E-02
-2.00527936E-03 1.59064973E+00 2.02037278E-02
-2.00077736E-03 1.59082691E+00 2.02524410E-02
-1.99626600E-03 1.59100512E+00 2.03009356E-02
-1.99172480E-03 1.59118362E+00 2.03506156E-02
-1.98715844E-03 1.59136254E+00 2.04008430E-02
-1.98257516E-03 1.59154212E+00 2.04509047E-02
-1.97797540E-03 1.59172239E+00 2.05007969E-02
-1.97335958E-03 1.59190338E+00 2.05505161E-02
-1.96872233E-03 1.59208482E+00 2.06001206E-02
-1.96406985E-03 1.59226701E+00 2.06495482E-02
-1.95940242E-03 1.59244998E+00 2.06987999E-02
-1.95470466E-03 1.59263295E+00 2.07480563E-02
-1.94995642E-03 1.59281483E+00 2.07984724E-02
-1.94518000E-03 1.59299675E+00 2.08496823E-02
-1.94038615E-03 1.59317936E+00 2.09007079E-02
-1.93557516E-03 1.59336268E+00 2.09515506E-02
-1.93074152E-03 1.59354644E+00 2.10022674E-02
-1.92589736E-03 1.59373121E+00 2.10527411E-02
-1.92103136E-03 1.59391648E+00 2.11030861E-02
-1.91614419E-03 1.59410227E+00 2.11532946E-02
-1.91124740E-03 1.59428911E+00 2.12032634E-02
-1.90632319E-03 1.59447635E+00 2.12537985E-02
-1.90136709E-03 1.59466386E+00 2.13053093E-02
-1.89639320E-03 1.59485205E+00 2.13566661E-02
-1.89136283E-03 1.59503916E+00 2.14083383E-02
-1.88630930E-03 1.59522676E+00 2.14598881E-02
-1.88123908E-03 1.59541511E+00 2.15112569E-02
-1.87615235E-03 1.59560422E+00 2.15624484E-02
-1.87104959E-03 1.59579411E+00 2.16134591E-02
-1.86591973E-03 1.59598431E+00 2.16643920E-02
-1.86077588E-03 1.59617534E+00 2.17156733E-02
-1.85559649E-03 1.59636619E+00 2.17685430E-02
-1.85039959E-03 1.59655775E+00 2.18212230E-02
-1.84518572E-03 1.59675007E+00 2.18737073E-02
-1.83994423E-03 1.59694271E+00 2.19260927E-02
-1.83469185E-03 1.59713635E+00 2.19782360E-02
-1.82937787E-03 1.59732882E+00 2.20306524E-02
-1.82404649E-03 1.59752202E+00 2.20828904E-02
-1.81868712E-03 1.59771555E+00 2.21350301E-02
-1.81331017E-03 1.59790981E+00 2.21871785E-02
-1.80789952E-03 1.59810414E+00 2.22407249E-02
-1.80246515E-03 1.59829898E+00 2.22941234E-02
-1.79701873E-03 1.59849479E+00 2.23472781E-02
-1.79154377E-03 1.59869093E+00 2.24003306E-02
-1.78605191E-03 1.59888786E+00 2.24531858E-02
-1.78054374E-03 1.59908561E+00 2.25058383E-02
-1.77501404E-03 1.59928398E+00 2.25583361E-02
-1.76946324E-03 1.59948297E+00 2.26106800E-02
-1.76387113E-03 1.59968179E+00 2.26630964E-02
-1.75821550E-03 1.59987973E+00 2.27178936E-02
-1.75254626E-03 1.60007862E+00 2.27724768E-02
-1.74685302E-03 1.60027805E+00 2.28269023E-02
-1.74113627E-03 1.60047805E+00 2.28811674E-02
-1.73540215E-03 1.60067883E+00 2.29352251E-02
-1.72964559E-03 1.60088024E+00 2.29891158E-02
-1.72386688E-03 1.60108226E+00 2.30428422E-02
-1.71807225E-03 1.60128514E+00 2.30963539E-02
-1.71225643E-03 1.60148867E+00 2.31496975E-02
-1.70640382E-03 1.60169189E+00 2.32046802E-02
-1.70052787E-03 1.60189561E+00 2.32597929E-02
-1.69463401E-03 1.60210012E+00 2.33146941E-02
-1.68866785E-03 1.60230341E+00 2.33699392E-02
-1.68267490E-03 1.60250718E+00 2.34250531E-02
-1.67666461E-03 1.60271178E+00 2.34799550E-02
-1.67063145E-03 1.60291702E+00 2.35346932E-02
-1.66458156E-03 1.60312311E+00 2.35892232E-02
-1.65850410E-03 1.60332968E+00 2.36436321E-02
-1.65239979E-03 1.60353695E+00 2.36992314E-02
-1.64626838E-03 1.60374478E+00 2.37552098E-02
-1.64011306E-03 1.60395321E+00 2.38110193E-02
-1.63378335E-03 1.60416235E+00 2.38667306E-02
-1.62740145E-03 1.60437232E+00 2.39222456E-02
-1.62099158E-03 1.60458275E+00 2.39776311E-02
-1.61453977E-03 1.60479314E+00 2.40330565E-02
-1.60803819E-03 1.60500322E+00 2.40886086E-02
-1.60152005E-03 1.60521417E+00 2.41439374E-02
-1.59496107E-03 1.60542516E+00 2.42005546E-02
-1.58836650E-03 1.60563637E+00 2.42580225E-02
-1.58175290E-03 1.60584839E+00 2.43152610E-02
-1.57511497E-03 1.60606104E+00 2.43723132E-02
-1.56844758E-03 1.60627415E+00 2.44292225E-02
-1.56176255E-03 1.60648811E+00 2.44858994E-02
-1.55506025E-03 1.60670294E+00 2.45423466E-02
-1.54833011E-03 1.60691829E+00 2.45986431E-02
-1.54157824E-03 1.60713438E+00 2.46547456E-02
-1.53479417E-03 1.60735095E+00 2.47115227E-02
-1.52792696E-03 1.60756631E+00 2.47695122E-02
-1.52102656E-03 1.60778199E+00 2.48273816E-02
-1.51410110E-03 1.60799832E+00 2.48850700E-02
-1.50715106E-03 1.60821530E+00 2.49425785E-02
-1.50017697E-03 1.60843296E+00 2.49999053E-02
-1.49318509E-03 1.60865150E+00 2.50570050E-02
-1.48616447E-03 1.60887057E+00 2.51139610E-02
-1.47912702E-03 1.60909055E+00 2.51706878E-02
-1.47205722E-03 1.60931107E+00 2.52280671E-02
-1.46494321E-03 1.60953187E+00 2.52870820E-02
-1.45779912E-03 1.60975318E+00 2.53459371E-02
-1.45063631E-03 1.60997533E+00 2.54045598E-02
-1.44344458E-03 1.61019805E+00 2.54630135E-02
-1.43618217E-03 1.61042014E+00 2.55217003E-02
-1.42888738E-03 1.61064269E+00 2.55802471E-02
-1.42156900E-03 1.61086597E+00 2.56385869E-02
-1.41422760E-03 1.61108999E+00 2.56967202E-02
-1.40685921E-03 1.61131460E+00 2.57550437E-02
-1.39944516E-03 1.61153909E+00 2.58149598E-02
-1.39199962E-03 1.61176409E+00 2.58747024E-02
-1.38453437E-03 1.61198993E+00 2.59342016E-02
-1.37703882E-03 1.61221634E+00 2.59935268E-02
-1.36951902E-03 1.61244346E+00 2.60526474E-02
-1.36198106E-03 1.61267147E+00 2.61115256E-02
-1.35440895E-03 1.61289993E+00 2.61702765E-02
-1.34681513E-03 1.61312919E+00 2.62287993E-02
-1.33914420E-03 1.61335755E+00 2.62870241E-02
-1.33141329E-03 1.61358631E+00 2.63469881E-02
-1.32366052E-03 1.61381593E+00 2.64066485E-02
-1.31588634E-03 1.61404644E+00 2.64660001E-02
-1.30807943E-03 1.61427751E+00 2.65251103E-02
-1.30025216E-03 1.61450949E+00 2.65838989E-02
-1.29239332E-03 1.61474208E+00 2.66424340E-02
-1.28451534E-03 1.61497563E+00 2.67006285E-02
-1.27660706E-03 1.61520983E+00 2.67585545E-02
-1.26868057E-03 1.61544500E+00 2.68161334E-02
-1.26069213E-03 1.61568006E+00 2.68763463E-02
-1.25267367E-03 1.61591583E+00 2.69366134E-02
-1.24463424E-03 1.61615256E+00 2.69966172E-02
-1.23651960E-03 1.61638943E+00 2.70568587E-02
-1.22835916E-03 1.61662667E+00 2.71172344E-02
-1.22018563E-03 1.61686496E+00 2.71775198E-02
-1.21198066E-03 1.61710380E+00 2.72378413E-02
-1.20374527E-03 1.61734324E+00 2.72981983E-02
-1.19549213E-03 1.61758358E+00 2.73585310E-02
-1.18718460E-03 1.61782376E+00 2.74208057E-02
-1.17883650E-03 1.61806423E+00 2.74835425E-02
-1.17046901E-03 1.61830557E+00 2.75460940E-02
-1.16207097E-03 1.61854751E+00 2.76085274E-02
-1.15365462E-03 1.61879032E+00 2.76707721E-02
-1.14520910E-03 1.61903377E+00 2.77328908E-02
-1.13673512E-03 1.61927786E+00 2.77948822E-02
-1.12823360E-03 1.61952262E+00 2.78567384E-02
-1.11963853E-03 1.61976646E+00 2.79171792E-02
-1.11099612E-03 1.62001057E+00 2.79785233E-02
-1.10231037E-03 1.62025511E+00 2.80402343E-02
-1.09360560E-03 1.62050065E+00 2.81013720E-02
-1.08485680E-03 1.62074660E+00 2.81620448E-02
-1.07609037E-03 1.62099359E+00 2.82221214E-02
-1.06729450E-03 1.62124137E+00 2.82816424E-02
-1.05847008E-03 1.62148997E+00 2.83405926E-02
-1.04962991E-03 1.62173968E+00 2.83989184E-02
-1.04075074E-03 1.62199000E+00 2.84566906E-02
-1.03182277E-03 1.62224085E+00 2.85159597E-02
-1.02286912E-03 1.62249291E+00 2.85769550E-02
-1.01382244E-03 1.62274593E+00 2.86379852E-02
-1.00452915E-03 1.62300104E+00 2.86992604E-02
-9.95186711E-04 1.62325740E+00 2.87613000E-02
-9.85783133E-04 1.62351415E+00 2.88240333E-02
-9.76343683E-04 1.62377123E+00 2.88868807E-02
-9.66896776E-04 1.62402923E+00 2.89497012E-02
-9.57402366E-04 1.62428729E+00 2.90126846E-02
-9.47874727E-04 1.62454544E+00 2.90770872E-02
-9.38286900E-04 1.62480307E+00 2.91435147E-02
-9.28661017E-04 1.62506125E+00 2.92094257E-02
-9.19011294E-04 1.62532026E+00 2.92747754E-02
-9.09325301E-04 1.62557985E+00 2.93396272E-02
-8.99617115E-04 1.62584029E+00 2.94039405E-02
-8.89874520E-04 1.62610136E+00 2.94677758E-02
-8.80111434E-04 1.62636330E+00 2.95310922E-02
-8.70315877E-04 1.62662591E+00 2.95939509E-02
-8.60488726E-04 1.62688916E+00 2.96565391E-02
-8.50581539E-04 1.62715218E+00 2.97195125E-02
-8.40629037E-04 1.62741642E+00 2.97819804E-02
-8.30582590E-04 1.62768198E+00 2.98439061E-02
-8.20510570E-04 1.62794840E+00 2.99057926E-02
-8.10413857E-04 1.62821572E+00 2.99676250E-02
-8.00293402E-04 1.62848391E+00 3.00294098E-02
-7.90134525E-04 1.62875272E+00 3.00911906E-02
-7.79954013E-04 1.62902243E+00 3.01529080E-02
-7.69737565E-04 1.62929286E+00 3.02149791E-02
-7.59445694E-04 1.62956383E+00 3.02802497E-02
-7.49127561E-04 1.62983544E+00 3.03454839E-02
-7.38768802E-04 1.63010744E+00 3.04107242E-02
-7.28385524E-04 1.63038013E+00 3.04758925E-02
-7.17978533E-04 1.63065349E+00 3.05409774E-02
-7.07533793E-04 1.63092731E+00 3.06060110E-02
-6.97067197E-04 1.63120186E+00 3.06709169E-02
-6.86572265E-04 1.63147701E+00 3.07357106E-02
-6.76042744E-04 1.63175268E+00 3.08003966E-02
-6.65431518E-04 1.63202875E+00 3.08672667E-02
-6.54790754E-04 1.63230549E+00 3.09338571E-02
-6.44082210E-04 1.63258273E+00 3.10000752E-02
-6.33317655E-04 1.63286117E+00 3.10656370E-02
-6.22525011E-04 1.63314029E+00 3.11308087E-02
-6.11687334E-04 1.63341986E+00 3.11956679E-02
-6.00841667E-04 1.63370043E+00 3.12601292E-02
-5.89953255E-04 1.63398151E+00 3.13243301E-02
-5.79041102E-04 1.63426335E+00 3.13882514E-02
-5.68039773E-04 1.63454557E+00 3.14533913E-02
-5.56994920E-04 1.63482840E+00 3.15187230E-02
-5.45931646E-04 1.63511204E+00 3.15839588E-02
-5.34834879E-04 1.63539629E+00 3.16491523E-02
-5.23698569E-04 1.63568101E+00 3.17143454E-02
-5.12542422E-04 1.63596646E+00 3.17794913E-02
-5.01352212E-04 1.63625242E+00 3.18446469E-02
-4.90147423E-04 1.63653911E+00 3.19097812E-02
-4.78906168E-04 1.63682622E+00 3.19749689E-02
-4.67584401E-04 1.63711442E+00 3.20416321E-02
-4.56210505E-04 1.63740340E+00 3.21086611E-02
-4.44814375E-04 1.63769305E+00 3.21753481E-02
-4.33374016E-04 1.63798306E+00 3.22417290E-02
-4.21923402E-04 1.63827389E+00 3.23076684E-02
-4.10395640E-04 1.63856566E+00 3.23732326E-02
-3.98767185E-04 1.63885911E+00 3.24384034E-02
-3.86832677E-04 1.63915568E+00 3.25029924E-02
-3.74880240E-04 1.63945298E+00 3.25674794E-02
-3.62841083E-04 1.63975106E+00 3.26344271E-02
-3.50737262E-04 1.64004994E+00 3.27030935E-02
-3.38603509E-04 1.64034936E+00 3.27715592E-02
-3.26430501E-04 1.64064920E+00 3.28398566E-02
-3.14229023E-04 1.64094963E+00 3.29079469E-02
-3.01999904E-04 1.64125065E+00 3.29758286E-02
-2.89724022E-04 1.64155200E+00 3.30435669E-02
-2.77432905E-04 1.64185408E+00 3.31110701E-02
-2.65106722E-04 1.64215667E+00 3.31783892E-02
-2.52707603E-04 1.64245968E+00 3.32468728E-02
-2.40241060E-04 1.64276332E+00 3.33167658E-02
-2.27723578E-04 1.64306739E+00 3.33863734E-02
-2.15176526E-04 1.64337209E+00 3.34556485E-02
-2.02600283E-04 1.64367749E+00 3.35245849E-02
-1.89996339E-04 1.64398355E+00 3.35931979E-02
-1.77355473E-04 1.64429019E+00 3.36615117E-02
-1.64688946E-04 1.64459752E+00 3.37295108E-02
-1.51987682E-04 1.64490546E+00 3.37972187E-02
-1.39235357E-04 1.64521418E+00 3.38654123E-02
-1.26376089E-04 1.64552354E+00 3.39352040E-02
-1.13496972E-04 1.64583370E+00 3.40046979E-02
-1.00570032E-04 1.64614433E+00 3.40739717E-02
-8.76156576E-05 1.64645566E+00 3.41429776E-02
-7.46347419E-05 1.64676772E+00 3.42117145E-02
-6.16286602E-05 1.64708049E+00 3.42801924E-02
-4.85792717E-05 1.64739379E+00 3.43484548E-02
-3.55070984E-05 1.64770783E+00 3.44164629E-02
-2.23777136E-05 1.64802263E+00 3.44848546E-02
-9.09426909E-06 1.64833848E+00 3.45560474E-02
 4.23253830E-06 1.64865481E+00 3.46270585E-02
 1.75897494E-05 1.64897179E+00 3.46978510E-02
 3.09643246E-05 1.64928952E+00 3.47683955E-02
 4.43910850E-05 1.64960766E+00 3.48387852E-02
 5.78449318E-05 1.64992645E+00 3.49089580E-02
 7.13250267E-05 1.65024594E+00 3.49789053E-02
 8.48299159E-05 1.65056608E+00 3.50486375E-02
 9.83789648E-05 1.65088677E+00 3.51183175E-02
 1.12045474E-04 1.65120860E+00 3.51914226E-02
 1.25753663E-04 1.65153097E+00 3.52642308E-02
 1.39502551E-04 1.65185391E+00 3.53367369E-02
 1.53268048E-04 1.65217766E+00 3.54088803E-02
 1.67072069E-04 1.65250198E+00 3.54807234E-02
 1.80913537E-04 1.65282691E+00 3.55522605E-02
 1.94779873E-04 1.65315256E+00 3.56234634E-02
 2.08826187E-04 1.65347993E+00 3.56943698E-02
 2.23104281E-04 1.65380871E+00 3.57651137E-02
 2.37508786E-04 1.65413808E+00 3.58381494E-02
 2.51954303E-04 1.65446811E+00 3.59111602E-02
 2.66454189E-04 1.65479862E+00 3.59839112E-02
 2.80973832E-04 1.65512991E+00 3.60563191E-02
 2.95534282E-04 1.65546178E+00 3.61284468E-02
 3.10123874E-04 1.65579434E+00 3.62002631E-02
 3.24753042E-04 1.65612752E+00 3.62717935E-02
 3.39397859E-04 1.65646150E+00 3.63429941E-02
 3.54091276E-04 1.65679600E+00 3.64139388E-02
 3.68897345E-04 1.65713229E+00 3.64863903E-02
 3.83783059E-04 1.65746943E+00 3.65591358E-02
 3.98700030E-04 1.65780727E+00 3.66315691E-02
 4.13636982E-04 1.65814594E+00 3.67036593E-02
 4.28614630E-04 1.65848523E+00 3.67754646E-02
 4.43621353E-04 1.65882525E+00 3.68469576E-02
 4.58667724E-04 1.65916593E+00 3.69181570E-02
 4.73741026E-04 1.65950734E+00 3.69890510E-02
 4.88852281E-04 1.65984942E+00 3.70596500E-02
 5.04069313E-04 1.66019277E+00 3.71326735E-02
 5.19364655E-04 1.66053715E+00 3.72070287E-02
 5.34702373E-04 1.66088214E+00 3.72811435E-02
 5.50071126E-04 1.66122787E+00 3.73549922E-02
 5.65459633E-04 1.66157443E+00 3.74285493E-02
 5.80899089E-04 1.66192154E+00 3.75018935E-02
 5.96356943E-04 1.66226950E+00 3.75749470E-02
 6.11851759E-04 1.66261815E+00 3.76477645E-02
 6.27413805E-04 1.66296714E+00 3.77205585E-02
 6.43063772E-04 1.66331705E+00 3.77945558E-02
 6.58820834E-04 1.66366774E+00 3.78698114E-02
 6.74611500E-04 1.66401911E+00 3.79448100E-02
 6.90434742E-04 1.66437116E+00 3.80195551E-02
 7.06289931E-04 1.66472390E+00 3.80940417E-02
 7.22176199E-04 1.66507735E+00 3.81682689E-02
 7.38092654E-04 1.66543152E+00 3.82422357E-02
 7.54038380E-04 1.66578641E+00 3.83159411E-02
 7.70012076E-04 1.66614200E+00 3.83893922E-02
 7.86078739E-04 1.66649865E+00 3.84637985E-02
 8.02518579E-04 1.66685768E+00 3.85401302E-02
 8.19082239E-04 1.66721773E+00 3.86161301E-02
 8.35691932E-04 1.66757842E+00 3.86917749E-02
 8.52346335E-04 1.66793975E+00 3.87670691E-02
 8.69031790E-04 1.66830183E+00 3.88419865E-02
 8.85735611E-04 1.66866477E+00 3.89164940E-02
 9.02493864E-04 1.66902828E+00 3.89906826E-02
 9.19281046E-04 1.66939256E+00 3.90644921E-02
 9.36135030E-04 1.66975777E+00 3.91386060E-02
 9.53121860E-04 1.67012447E+00 3.92146244E-02
 9.70167983E-04 1.67049172E+00 3.92903670E-02
 9.87225092E-04 1.67085997E+00 3.93657100E-02
 1.00434043E-03 1.67122880E+00 3.94407773E-02
 1.02147722E-03 1.67159853E+00 3.95154832E-02
 1.03864618E-03 1.67196902E+00 3.95898674E-02
 1.05585994E-03 1.67234025E+00 3.96639449E-02
 1.07309301E-03 1.67271238E+00 3.97376720E-02
 1.09037946E-03 1.67308544E+00 3.98113985E-02
 1.10782788E-03 1.67346110E+00 3.98877499E-02
 1.12531800E-03 1.67383742E+00 3.99638870E-02
 1.14282563E-03 1.67421460E+00 4.00397551E-02
 1.16038564E-03 1.67459237E+00 4.01154416E-02
 1.17796214E-03 1.67497101E+00 4.01908624E-02
 1.19558892E-03 1.67535022E+00 4.02661183E-02
 1.21324249E-03 1.67573023E+00 4.03411460E-02
 1.23092216E-03 1.67611104E+00 4.04159495E-02
 1.24862670E-03 1.67649263E+00 4.04905415E-02
 1.26651292E-03 1.67687607E+00 4.05682917E-02
 1.28443888E-03 1.67726026E+00 4.06458610E-02
 1.30240094E-03 1.67764510E+00 4.07231164E-02
 1.32038735E-03 1.67803073E+00 4.08000208E-02
 1.33841993E-03 1.67841694E+00 4.08766439E-02
 1.35647540E-03 1.67880395E+00 4.09529188E-02
 1.37476698E-03 1.67919244E+00 4.10289843E-02
 1.39328253E-03 1.67958203E+00 4.11048965E-02
 1.41182199E-03 1.67997248E+00 4.11804625E-02
 1.43051689E-03 1.68036558E+00 4.12574395E-02
 1.44929451E-03 1.68075969E+00 4.13344708E-02
 1.46810084E-03 1.68115463E+00 4.14111216E-02
 1.48693518E-03 1.68155040E+00 4.14873931E-02
 1.50581940E-03 1.68194682E+00 4.15633429E-02
 1.52473010E-03 1.68234409E+00 4.16389148E-02
 1.54366693E-03 1.68274221E+00 4.17141055E-02
 1.56265085E-03 1.68314099E+00 4.17889793E-02
 1.58165963E-03 1.68354066E+00 4.18634682E-02
 1.60081572E-03 1.68394282E+00 4.19403631E-02
 1.62005784E-03 1.68434655E+00 4.20181066E-02
 1.63932697E-03 1.68475111E+00 4.20954579E-02
 1.65862278E-03 1.68515653E+00 4.21724155E-02
 1.67796688E-03 1.68556262E+00 4.22490366E-02
 1.69733623E-03 1.68596957E+00 4.23252702E-02
 1.71673013E-03 1.68637739E+00 4.24011193E-02
 1.73617007E-03 1.68678590E+00 4.24766414E-02
 1.75563307E-03 1.68719529E+00 4.25517857E-02
 1.77520445E-03 1.68760656E+00 4.26285038E-02
 1.79488667E-03 1.68801938E+00 4.27064213E-02
 1.81460512E-03 1.68843299E+00 4.27839740E-02
 1.83434773E-03 1.68884745E+00 4.28611422E-02
 1.85412472E-03 1.68926268E+00 4.29379562E-02
 1.87392477E-03 1.68967881E+00 4.30143823E-02
 1.89376841E-03 1.69009565E+00 4.30904874E-02
 1.91363307E-03 1.69051337E+00 4.31662151E-02
 1.93377255E-03 1.69093322E+00 4.32416282E-02
 1.95418746E-03 1.69135601E+00 4.33179040E-02
 1.97473546E-03 1.69178158E+00 4.33953986E-02
 1.99530518E-03 1.69220807E+00 4.34725058E-02
 2.01592829E-03 1.69263523E+00 4.35493085E-02
 2.03657176E-03 1.69306333E+00 4.36257224E-02
 2.05726725E-03 1.69349214E+00 4.37018298E-02
 2.07798057E-03 1.69392186E+00 4.37775606E-02
 2.09872252E-03 1.69435246E+00 4.38529344E-02
 2.11950311E-03 1.69478384E+00 4.39279791E-02
 2.14036403E-03 1.69521677E+00 4.40037106E-02
 2.16137003E-03 1.69565232E+00 4.40815621E-02
 2.18241204E-03 1.69608867E+00 4.41590044E-02
 2.20349961E-03 1.69652569E+00 4.42360769E-02
 2.22459980E-03 1.69696365E+00 4.43126992E-02
 2.24573407E-03 1.69740242E+00 4.43889227E-02
 2.26690151E-03 1.69784196E+00 4.44647557E-02
 2.28810154E-03 1.69828230E+00 4.45402013E-02
 2.30931161E-03 1.69872359E+00 4.46152098E-02
 2.33058362E-03 1.69916618E+00 4.46902132E-02
 2.35203338E-03 1.69961251E+00 4.47668148E-02
 2.37350692E-03 1.70005972E+00 4.48429611E-02
 2.39501502E-03 1.70050774E+00 4.49186779E-02
 2.41653470E-03 1.70095673E+00 4.49939211E-02
 2.43808732E-03 1.70140651E+00 4.50687526E-02
 2.45970764E-03 1.70185719E+00 4.51432402E-02
 2.48173934E-03 1.70230990E+00 4.52181728E-02
 2.50380719E-03 1.70276352E+00 4.52927148E-02
 2.52590823E-03 1.70321816E+00 4.53669426E-02
 2.54820879E-03 1.70367772E+00 4.54445161E-02
 2.57054654E-03 1.70413818E+00 4.55216368E-02
 2.59290880E-03 1.70459959E+00 4.55982909E-02
 2.61530651E-03 1.70506193E+00 4.56744943E-02
 2.63771628E-03 1.70552532E+00 4.57502063E-02
 2.66016951E-03 1.70598953E+00 4.58255109E-02
 2.68264356E-03 1.70645473E+00 4.59003578E-02
 2.70514875E-03 1.70692085E+00 4.59747673E-02
 2.72767235E-03 1.70738796E+00 4.60487306E-02
 2.75038875E-03 1.70785897E+00 4.61251790E-02
 2.77313588E-03 1.70833143E+00 4.62015056E-02
 2.79592596E-03 1.70880473E+00 4.62774192E-02
 2.81873634E-03 1.70927900E+00 4.63528816E-02
 2.84156673E-03 1.70975428E+00 4.64278877E-02
 2.86441623E-03 1.71023056E+00 4.65024429E-02
 2.88729405E-03 1.71070775E+00 4.65765847E-02
 2.91018885E-03 1.71118593E+00 4.66502908E-02
 2.93311000E-03 1.71166504E+00 4.67235936E-02
 2.95618096E-03 1.71214854E+00 4.67987719E-02
 2.97932282E-03 1.71263406E+00 4.68742925E-02
 3.00292177E-03 1.71312211E+00 4.69494346E-02
 3.02658874E-03 1.71361110E+00 4.70242541E-02
 3.05026279E-03 1.71410127E+00 4.70986473E-02
 3.07397200E-03 1.71459233E+00 4.71727223E-02
 3.09770474E-03 1.71508438E+00 4.72464611E-02
 3.12149449E-03 1.71557710E+00 4.73199594E-02
 3.14532230E-03 1.71607058E+00 4.73931593E-02
 3.16928903E-03 1.71656733E+00 4.74676961E-02
 3.19334764E-03 1.71706647E+00 4.75428202E-02
 3.21743267E-03 1.71756653E+00 4.76174773E-02
 3.24152585E-03 1.71806767E+00 4.76916243E-02
 3.26564480E-03 1.71856974E+00 4.77653263E-02
 3.28978913E-03 1.71907273E+00 4.78385934E-02
 3.31394036E-03 1.71957680E+00 4.79113801E-02
 3.33811593E-03 1.72008179E+00 4.79837496E-02
 3.36229703E-03 1.72058785E+00 4.80556605E-02
 3.38657487E-03 1.72109761E+00 4.81279524E-02
 3.41098154E-03 1.72161103E+00 4.82006751E-02
 3.43539077E-03 1.72212560E+00 4.82728246E-02
 3.45981087E-03 1.72264124E+00 4.83444335E-02
 3.48425932E-03 1.72315780E+00 4.84155583E-02
 3.50910653E-03 1.72367943E+00 4.84860171E-02
 3.53401216E-03 1.72420285E+00 4.85559306E-02
 3.55895105E-03 1.72472729E+00 4.86253948E-02
 3.58388652E-03 1.72525307E+00 4.86943064E-02
 3.60891609E-03 1.72578185E+00 4.87642123E-02
 3.63407629E-03 1.72631551E+00 4.88362081E-02
 3.65924524E-03 1.72685038E+00 4.89075676E-02
 3.68444020E-03 1.72738633E+00 4.89783494E-02
 3.70963312E-03 1.72792356E+00 4.90484961E-02
 3.73484119E-03 1.72846195E+00 4.91180658E-02
 3.76006321E-03 1.72900147E+00 4.91870772E-02
 3.78528068E-03 1.72954229E+00 4.92554845E-02
 3.81051881E-03 1.73008416E+00 4.93233898E-02
 3.83579831E-03 1.73062832E+00 4.93912829E-02
 3.86123554E-03 1.73117737E+00 4.94606516E-02
 3.88667055E-03 1.73172766E+00 4.95294119E-02
 3.91211876E-03 1.73227900E+00 4.95976440E-02
 3.93756158E-03 1.73283157E+00 4.96652866E-02
 3.96308652E-03 1.73338431E+00 4.97326218E-02
 3.98907609E-03 1.73394116E+00 4.97984956E-02
 4.01510314E-03 1.73449995E+00 4.98635611E-02
 4.04114818E-03 1.73506001E+00 4.99280094E-02
 4.06721105E-03 1.73562196E+00 4.99920461E-02
 4.09344109E-03 1.73619165E+00 5.00584284E-02
 4.11968054E-03 1.73676256E+00 5.01244664E-02
 4.14591393E-03 1.73733475E+00 5.01900485E-02
 4.17212715E-03 1.73790842E+00 5.02550135E-02
 4.19835437E-03 1.73848326E+00 5.03193942E-02
 4.22456404E-03 1.73905954E+00 5.03830081E-02
 4.25077414E-03 1.73963712E+00 5.04458325E-02
 4.27698610E-03 1.74021599E+00 5.05077974E-02
 4.30316832E-03 1.74079646E+00 5.05686965E-02
 4.32953227E-03 1.74138389E+00 5.06341174E-02
 4.35588287E-03 1.74197333E+00 5.06990577E-02
 4.38222035E-03 1.74256444E+00 5.07631951E-02
 4.40855199E-03 1.74315723E+00 5.08264998E-02
 4.43517147E-03 1.74375132E+00 5.08911043E-02
 4.46205665E-03 1.74434635E+00 5.09568144E-02
 4.48893396E-03 1.74494264E+00 5.10217041E-02
 4.51588612E-03 1.74553853E+00 5.10881097E-02
 4.54285185E-03 1.74613503E+00 5.11540816E-02
 4.56996710E-03 1.74673705E+00 5.12207699E-02
 4.59711027E-03 1.74734176E+00 5.12864262E-02
 4.62423886E-03 1.74794824E+00 5.13506542E-02
 4.65136333E-03 1.74855635E+00 5.14135936E-02
 4.67846639E-03 1.74916622E+00 5.14752888E-02
 4.70555818E-03 1.74977771E+00 5.15358801E-02
 4.73263487E-03 1.75039079E+00 5.15954665E-02
 4.75969275E-03 1.75100548E+00 5.16541335E-02
 4.78672789E-03 1.75162174E+00 5.17119799E-02
 4.81387442E-03 1.75224494E+00 5.17705382E-02
 4.84106757E-03 1.75287223E+00 5.18290822E-02
 4.86821090E-03 1.75350671E+00 5.18852317E-02
 4.89498960E-03 1.75420027E+00 5.19237973E-02
 4.92178643E-03 1.75489332E+00 5.19611708E-02
 4.94861642E-03 1.75558581E+00 5.19978936E-02
 4.97538044E-03 1.75627938E+00 5.20345995E-02
 5.00208317E-03 1.75697397E+00 5.20712480E-02
 5.02872911E-03 1.75766953E+00 5.21078005E-02
 5.05540210E-03 1.75837243E+00 5.21438216E-02
 5.08207525E-03 1.75908166E+00 5.21787885E-02
 5.10869092E-03 1.75979186E+00 5.22129738E-02
 5.13523648E-03 1.76050314E+00 5.22464573E-02
 5.16172557E-03 1.76121529E+00 5.22794312E-02
 5.18795746E-03 1.76195590E+00 5.23025463E-02
 5.21244060E-03 1.76286461E+00 5.22693781E-02
 5.23676788E-03 1.76377477E+00 5.22360226E-02
 5.26091822E-03 1.76468643E+00 5.22023546E-02
 5.28513265E-03 1.76560640E+00 5.21653493E-02
 5.30931489E-03 1.76653944E+00 5.21246214E-02
 5.33331566E-03 1.76747340E+00 5.20834361E-02
 5.35685627E-03 1.76846581E+00 5.20212181E-02
 5.37937469E-03 1.76961357E+00 5.19053323E-02
 5.40157786E-03 1.77076174E+00 5.17928603E-02
 5.42381014E-03 1.77190875E+00 5.16790832E-02
 5.44577455E-03 1.77305861E+00 5.15661041E-02
 5.46768257E-03 1.77428322E+00 5.14271014E-02
 5.48941387E-03 1.77560793E+00 5.12522061E-02
 5.51114726E-03 1.77695569E+00 5.10725815E-02
 5.53262811E-03 1.77830107E+00 5.08972077E-02
 5.55476374E-03 1.77965329E+00 5.07261450E-02
 5.57755496E-03 1.78101349E+00 5.05517406E-02
 5.60001781E-03 1.78237337E+00 5.03742756E-02
 5.62234476E-03 1.78372966E+00 5.01823253E-02
 5.64487534E-03 1.78510711E+00 4.99952554E-02
 5.66776150E-03 1.78650091E+00 4.98175874E-02
 5.69029163E-03 1.78789570E+00 4.96368272E-02
 5.71269581E-03 1.78932294E+00 4.94571832E-02
 5.73556970E-03 1.79076194E+00 4.92719111E-02
 5.75875398E-03 1.79220895E+00 4.90831229E-02
 5.78153551E-03 1.79364870E+00 4.88908878E-02
 5.80389041E-03 1.79508168E+00 4.86989943E-02
 5.82667661E-03 1.79651868E+00 4.85154734E-02
 5.84965281E-03 1.79795508E+00 4.83372423E-02
 5.87212639E-03 1.79938586E+00 4.81582751E-02
 5.89418371E-03 1.80080905E+00 4.79789273E-02
 5.91678976E-03 1.80227703E+00 4.77931537E-02
 5.93960450E-03 1.80375367E+00 4.76085600E-02
 5.96191798E-03 1.80522736E+00 4.74226077E-02
 5.98375665E-03 1.80669729E+00 4.72348160E-02
 6.00568886E-03 1.80816669E+00 4.70519883E-02
 6.02795332E-03 1.80962956E+00 4.68803152E-02
 6.04973158E-03 1.81108052E+00 4.67113038E-02
 6.07104970E-03 1.81251970E+00 4.65445487E-02
 6.09207074E-03 1.81394574E+00 4.63800260E-02
 6.11426495E-03 1.81538330E+00 4.62230361E-02
 6.13603947E-03 1.81682041E+00 4.60656665E-02
 6.15733073E-03 1.81825294E+00 4.59087080E-02
 6.17814944E-03 1.81968093E+00 4.57519561E-02
 6.19916990E-03 1.82111414E+00 4.55986684E-02
 6.22040228E-03 1.82255021E+00 4.54492513E-02
 6.24118384E-03 1.82397836E+00 4.53007299E-02
 6.26151441E-03 1.82539875E+00 4.51532569E-02
 6.28139743E-03 1.82681159E+00 4.50069127E-02
 6.30210524E-03 1.82825110E+00 4.48563989E-02
 6.32289930E-03 1.82969606E+00 4.47056061E-02
 6.34325648E-03 1.83113362E+00 4.45564356E-02
 6.36316919E-03 1.83256453E+00 4.44087290E-02
 6.38265257E-03 1.83398854E+00 4.42626423E-02
 6.40270646E-03 1.83540723E+00 4.41294765E-02
 6.42271125E-03 1.83681949E+00 4.40006605E-02
 6.44230453E-03 1.83822498E+00 4.38718310E-02
 6.46148591E-03 1.83962407E+00 4.37428967E-02
 6.48052490E-03 1.84103887E+00 4.36097605E-02
 6.49989842E-03 1.84246069E+00 4.34802872E-02
 6.51968350E-03 1.84387451E+00 4.33596630E-02
 6.53907684E-03 1.84528172E+00 4.32387905E-02
 6.55808306E-03 1.84668218E+00 4.31177410E-02
 6.57669666E-03 1.84807666E+00 4.29963255E-02
 6.59493591E-03 1.84946469E+00 4.28747415E-02
 6.61384407E-03 1.85084296E+00 4.27662932E-02
 6.63267192E-03 1.85221353E+00 4.26607801E-02
 6.65136196E-03 1.85359346E+00 4.25533254E-02
 6.66993421E-03 1.85498476E+00 4.24434912E-02
 6.68813923E-03 1.85637010E+00 4.23321979E-02
 6.70600549E-03 1.85774853E+00 4.22217817E-02
 6.72455344E-03 1.85911990E+00 4.21260580E-02
 6.74308094E-03 1.86048459E+00 4.20347194E-02
 6.76126943E-03 1.86184304E+00 4.19430999E-02
 6.77912703E-03 1.86319511E+00 4.18511706E-02
 6.79665636E-03 1.86454116E+00 4.17587497E-02
 6.81400556E-03 1.86589307E+00 4.16635275E-02
 6.83166240E-03 1.86726164E+00 4.15668812E-02
 6.84998976E-03 1.86862451E+00 4.14795642E-02
 6.86798841E-03 1.86998319E+00 4.13919276E-02
 6.88567950E-03 1.87133702E+00 4.13042367E-02
 6.90308386E-03 1.87268524E+00 4.12167074E-02
 6.92017268E-03 1.87402938E+00 4.11288759E-02
 6.93695323E-03 1.87536911E+00 4.10408367E-02
 6.95387948E-03 1.87669934E+00 4.09588329E-02
 6.97148828E-03 1.87801956E+00 4.08895757E-02
 6.98920048E-03 1.87935382E+00 4.08209038E-02
 7.00662022E-03 1.88068103E+00 4.07532439E-02
 7.02375569E-03 1.88200102E+00 4.06866862E-02
 7.04061481E-03 1.88331407E+00 4.06212551E-02
 7.05724888E-03 1.88461819E+00 4.05576710E-02
 7.07360769E-03 1.88591551E+00 4.04950698E-02
 7.09065846E-03 1.88719302E+00 4.04419469E-02
 7.10779911E-03 1.88846203E+00 4.03914471E-02
 7.12472243E-03 1.88972973E+00 4.03396475E-02
 7.14183617E-03 1.89102350E+00 4.02767018E-02
 7.15868490E-03 1.89231373E+00 4.02137108E-02
 7.17527505E-03 1.89360021E+00 4.01508411E-02
 7.19167400E-03 1.89488055E+00 4.00889038E-02
 7.20781482E-03 1.89615757E+00 4.00274711E-02
 7.22413784E-03 1.89742504E+00 3.99720788E-02
 7.24109630E-03 1.89867671E+00 3.99281327E-02
 7.25782604E-03 1.89992380E+00 3.98846573E-02
 7.27432856E-03 1.90116651E+00 3.98416083E-02
 7.29103905E-03 1.90243687E+00 3.97979647E-02
 7.30757744E-03 1.90370369E+00 3.97546318E-02
 7.32392171E-03 1.90496474E+00 3.97119374E-02
 7.34004725E-03 1.90622095E+00 3.96697054E-02
 7.35594447E-03 1.90747311E+00 3.96278086E-02
 7.37168703E-03 1.90872059E+00 3.95868063E-02
 7.38843326E-03 1.90995070E+00 3.95544890E-02
 7.40497017E-03 1.91117911E+00 3.95218155E-02
 7.42129886E-03 1.91240597E+00 3.94888892E-02
 7.43788145E-03 1.91364319E+00 3.94587937E-02
 7.45434018E-03 1.91488217E+00 3.94290708E-02
 7.47059436E-03 1.91611825E+00 3.93998118E-02
 7.48663439E-03 1.91735206E+00 3.93708359E-02
 7.50247175E-03 1.91858321E+00 3.93422844E-02
 7.51810213E-03 1.91981210E+00 3.93140514E-02
 7.53353598E-03 1.92103862E+00 3.92862109E-02
 7.54987723E-03 1.92222235E+00 3.92738926E-02
 7.56634107E-03 1.92339208E+00 3.92654740E-02
 7.58294269E-03 1.92457671E+00 3.92499863E-02
 7.59952318E-03 1.92576782E+00 3.92305963E-02
 7.61592851E-03 1.92695659E+00 3.92106720E-02
 7.63215898E-03 1.92814310E+00 3.91902474E-02
 7.64821979E-03 1.92932726E+00 3.91694037E-02
 7.66420176E-03 1.93050514E+00 3.91500420E-02
 7.68001884E-03 1.93168072E+00 3.91303359E-02
 7.69568158E-03 1.93285352E+00 3.91103159E-02
 7.71117389E-03 1.93402457E+00 3.90896545E-02
 7.72670911E-03 1.93521343E+00 3.90665338E-02
 7.74333537E-03 1.93640144E+00 3.90527521E-02
 7.76003912E-03 1.93758305E+00 3.90416361E-02
 7.77667919E-03 1.93875845E+00 3.90314062E-02
 7.79315908E-03 1.93993207E+00 3.90210359E-02
 7.80948430E-03 1.94110394E+00 3.90104505E-02
 7.82566017E-03 1.94227395E+00 3.89995983E-02
 7.84168119E-03 1.94344278E+00 3.89882265E-02
 7.85755248E-03 1.94461033E+00 3.89762786E-02
 7.87351793E-03 1.94578365E+00 3.89653967E-02
 7.88961565E-03 1.94696903E+00 3.89551868E-02
 7.90556504E-03 1.94815313E+00 3.89455078E-02
 7.92135506E-03 1.94933659E+00 3.89364429E-02
 7.93700621E-03 1.95051863E+00 3.89284799E-02
 7.95295108E-03 1.95168541E+00 3.89271679E-02
 7.96960173E-03 1.95282325E+00 3.89364622E-02
 7.98624760E-03 1.95395323E+00 3.89487161E-02
 8.00276726E-03 1.95508270E+00 3.89599184E-02
 8.01926455E-03 1.95621963E+00 3.89671686E-02
 8.03595565E-03 1.95737702E+00 3.89659374E-02
 8.05252081E-03 1.95853462E+00 3.89645880E-02
 8.06894909E-03 1.95969286E+00 3.89632249E-02
 8.08532844E-03 1.96084793E+00 3.89619278E-02
 8.10162955E-03 1.96200121E+00 3.89603985E-02
 8.11780705E-03 1.96315465E+00 3.89587613E-02
 8.13385979E-03 1.96430827E+00 3.89568957E-02
 8.14978654E-03 1.96546212E+00 3.89546699E-02
 8.16564608E-03 1.96662010E+00 3.89502692E-02
 8.18169359E-03 1.96781009E+00 3.89322773E-02
 8.19772466E-03 1.96899763E+00 3.89143510E-02
 8.21425715E-03 1.97016718E+00 3.89030086E-02
 8.23136624E-03 1.97131643E+00 3.89001744E-02
 8.24835822E-03 1.97246615E+00 3.88986724E-02
 8.26524244E-03 1.97361588E+00 3.88985736E-02
 8.28201751E-03 1.97476586E+00 3.88997705E-02
 8.29883382E-03 1.97591025E+00 3.89050202E-02
 8.31555748E-03 1.97705470E+00 3.89109093E-02
 8.33251492E-03 1.97823565E+00 3.89118643E-02
 8.34936070E-03 1.97941688E+00 3.89124472E-02
 8.36611164E-03 1.98059748E+00 3.89128567E-02
 8.38274546E-03 1.98177869E+00 3.89127325E-02
 8.39937544E-03 1.98295637E+00 3.89144609E-02
 8.41595711E-03 1.98413260E+00 3.89176228E-02
 8.43244336E-03 1.98530906E+00 3.89211127E-02
 8.44883150E-03 1.98648604E+00 3.89249355E-02
 8.46511878E-03 1.98766388E+00 3.89290859E-02
 8.48153199E-03 1.98886909E+00 3.89284401E-02
 8.49795088E-03 1.99007613E+00 3.89282099E-02
 8.51436303E-03 1.99127962E+00 3.89295353E-02
 8.53132339E-03 1.99246197E+00 3.89359687E-02
 8.54888020E-03 1.99362226E+00 3.89477981E-02
 8.56633923E-03 1.99478543E+00 3.89585735E-02
 8.58371924E-03 1.99595060E+00 3.89685252E-02
 8.60105886E-03 1.99711631E+00 3.89780025E-02
 8.61845532E-03 1.99827882E+00 3.89883401E-02
 8.63596319E-03 1.99947035E+00 3.89869065E-02
 8.65344089E-03 2.00067496E+00 3.89810708E-02
 8.67083924E-03 2.00188145E+00 3.89755817E-02
 8.68814522E-03 2.00309057E+00 3.89702583E-02
 8.70537453E-03 2.00430172E+00 3.89653509E-02
 8.72270057E-03 2.00550785E+00 3.89636028E-02
 8.73994508E-03 2.00671614E+00 3.89619364E-02
 8.75709440E-03 2.00792737E+00 3.89600815E-02
 8.77416732E-03 2.00914060E+00 3.89582474E-02
 8.79127955E-03 2.01038213E+00 3.89517065E-02
 8.80836380E-03 2.01164511E+00 3.89415279E-02
 8.82557499E-03 2.01290236E+00 3.89339762E-02
 8.84269934E-03 2.01416214E+00 3.89265089E-02
 8.85972408E-03 2.01542502E+00 3.89189923E-02
 8.87668882E-03 2.01668919E+00 3.89119808E-02
 8.89354760E-03 2.01795695E+00 3.89048713E-02
 8.91033899E-03 2.01922643E+00 3.88982328E-02
 8.92760801E-03 2.02047609E+00 3.88986173E-02
 8.94587801E-03 2.02170248E+00 3.89079748E-02
 8.96413773E-03 2.02295021E+00 3.89132055E-02
 8.98234887E-03 2.02419976E+00 3.89185379E-02
 9.00047574E-03 2.02545291E+00 3.89234850E-02
 9.01853601E-03 2.02670888E+00 3.89282832E-02
 9.03672059E-03 2.02796048E+00 3.89361683E-02
 9.05487537E-03 2.02921368E+00 3.89447291E-02
 9.07295096E-03 2.03047049E+00 3.89531627E-02
 9.09098609E-03 2.03172909E+00 3.89619775E-02
 9.10897523E-03 2.03300398E+00 3.89678831E-02
 9.12695540E-03 2.03430868E+00 3.89677803E-02
 9.14508210E-03 2.03560755E+00 3.89712150E-02
 9.16316670E-03 2.03690856E+00 3.89746050E-02
 9.18120360E-03 2.03821181E+00 3.89777726E-02
 9.19915568E-03 2.03951921E+00 3.89802122E-02
 9.21705050E-03 2.04082943E+00 3.89823359E-02
 9.23487258E-03 2.04214333E+00 3.89839410E-02
 9.25288056E-03 2.04345090E+00 3.89866466E-02
 9.27083084E-03 2.04476868E+00 3.89892536E-02
 9.28872303E-03 2.04611918E+00 3.89930751E-02
 9.30654373E-03 2.04747320E+00 3.89971406E-02
 9.32427827E-03 2.04883146E+00 3.90012392E-02
 9.34195369E-03 2.05019262E+00 3.90057321E-02
 9.35982451E-03 2.05154767E+00 3.90152144E-02
 9.37763902E-03 2.05290557E+00 3.90251631E-02
 9.39538099E-03 2.05426684E+00 3.90352103E-02
 9.41305578E-03 2.05563132E+00 3.90453662E-02
 9.43068832E-03 2.05699902E+00 3.90558634E-02
 9.44817748E-03 2.05839514E+00 3.90639951E-02
 9.46705171E-03 2.05973252E+00 3.90909866E-02
 9.48617760E-03 2.06105984E+00 3.91220206E-02
 9.50525260E-03 2.06239024E+00 3.91532627E-02
 9.52429237E-03 2.06372297E+00 3.91849185E-02
 9.54326950E-03 2.06505943E+00 3.92166010E-02
 9.56224886E-03 2.06639711E+00 3.92492796E-02
 9.58144758E-03 2.06772828E+00 3.92864237E-02
 9.60060030E-03 2.06906233E+00 3.93239528E-02
 9.61963244E-03 2.07042651E+00 3.93795090E-02
 9.63861291E-03 2.07179567E+00 3.94369902E-02
 9.65754641E-03 2.07316756E+00 3.94948787E-02
 9.67653434E-03 2.07453855E+00 3.95548059E-02
 9.69570080E-03 2.07590441E+00 3.96187302E-02
 9.71481641E-03 2.07727324E+00 3.96829038E-02
 9.73389589E-03 2.07864432E+00 3.97475418E-02
 9.75291051E-03 2.08001908E+00 3.98122586E-02
 9.77189508E-03 2.08139580E+00 3.98775527E-02
 9.79098760E-03 2.08274997E+00 3.99703614E-02
 9.81017242E-03 2.08409612E+00 4.00724343E-02
 9.82932422E-03 2.08544372E+00 4.01754790E-02
 9.84841404E-03 2.08679421E+00 4.02790699E-02
 9.86745653E-03 2.08814691E+00 4.03833814E-02
 9.88644432E-03 2.08950222E+00 4.04882838E-02
 9.90568064E-03 2.09084945E+00 4.05987215E-02
 9.92494644E-03 2.09219683E+00 4.07110960E-02
 9.94417242E-03 2.09354593E+00 4.08241126E-02
 9.96332582E-03 2.09488251E+00 4.09637698E-02
 9.98241104E-03 2.09621348E+00 4.11176740E-02
 1.00014577E-02 2.09754589E+00 4.12721353E-02
 1.00208519E-02 2.09886738E+00 4.14323233E-02
 1.00402126E-02 2.10019027E+00 4.15930512E-02
 1.00595292E-02 2.10151491E+00 4.17541820E-02
 1.00788146E-02 2.10284070E+00 4.19158980E-02
 1.00980589E-02 2.10416814E+00 4.20780748E-02
 1.01173829E-02 2.10549373E+00 4.22422897E-02
 1.01370372E-02 2.10676240E+00 4.24671592E-02
 1.01566879E-02 2.10798815E+00 4.27438562E-02
 1.01762938E-02 2.10921552E+00 4.30203799E-02
 1.01958887E-02 2.11044295E+00 4.32971482E-02
 1.02154206E-02 2.11167307E+00 4.35734606E-02
 1.02351852E-02 2.11289612E+00 4.38540933E-02
 1.02554459E-02 2.11409879E+00 4.41410285E-02
 1.02767395E-02 2.11525334E+00 4.44378249E-02
 1.02979657E-02 2.11641228E+00 4.47334609E-02
 1.03193648E-02 2.11749876E+00 4.50597794E-02
 1.03409928E-02 2.11847106E+00 4.54339111E-02
 1.03630574E-02 2.11943217E+00 4.58118470E-02
 1.03851573E-02 2.12039342E+00 4.61886080E-02
 1.04072001E-02 2.12135902E+00 4.65630190E-02
 1.04292623E-02 2.12232548E+00 4.69360300E-02
 1.04513309E-02 2.12329355E+00 4.73074584E-02
 1.04735217E-02 2.12426128E+00 4.76784159E-02
 1.04960550E-02 2.12522168E+00 4.80512620E-02
 1.05187060E-02 2.12614462E+00 4.84643412E-02
 1.05418193E-02 2.12694657E+00 4.90011124E-02
 1.05649077E-02 2.12775284E+00 4.95334876E-02
 1.05879818E-02 2.12856318E+00 5.00617452E-02
 1.06114542E-02 2.12936649E+00 5.05918188E-02
 1.06350822E-02 2.13016910E+00 5.11199825E-02
 1.06587061E-02 2.13097566E+00 5.16440912E-02
 1.06823553E-02 2.13178511E+00 5.21646336E-02
 1.07059727E-02 2.13260027E+00 5.26811048E-02
 1.07299004E-02 2.13337050E+00 5.32164997E-02
 1.07557007E-02 2.13377645E+00 5.39171839E-02
 1.07815147E-02 2.13418600E+00 5.46138969E-02
 1.08073078E-02 2.13460086E+00 5.53065228E-02
 1.08331316E-02 2.13501903E+00 5.59958671E-02
 1.08589712E-02 2.13544140E+00 5.66820106E-02
 1.08852336E-02 2.13585823E+00 5.73721430E-02
 1.09116987E-02 2.13627533E+00 5.80645503E-02
 1.09381645E-02 2.13669709E+00 5.87560478E-02
 1.09646582E-02 2.13712268E+00 5.94470915E-02
 1.09930876E-02 2.13729580E+00 6.03768756E-02
 1.10216588E-02 2.13746491E+00 6.13053203E-02
 1.10508022E-02 2.13761947E+00 6.22311163E-02
 1.10800142E-02 2.13777287E+00 6.31428260E-02
 1.11092341E-02 2.13792762E+00 6.40403251E-02
 1.11384891E-02 2.13808281E+00 6.49244661E-02
 1.11677623E-02 2.13823925E+00 6.57955580E-02
 1.11975009E-02 2.13838570E+00 6.66317659E-02
 1.12275585E-02 2.13852518E+00 6.74341908E-02
 1.12609138E-02 2.13828923E+00 6.82916825E-02
 1.12949045E-02 2.13801817E+00 6.91020641E-02
 1.13289580E-02 2.13778252E+00 6.98490296E-02
 1.13632533E-02 2.13758948E+00 7.05240103E-02
 1.13981338E-02 2.13746909E+00 7.11209614E-02
 1.14330099E-02 2.13740677E+00 7.16818866E-02
 1.14679817E-02 2.13739927E+00 7.22077133E-02
 1.15030066E-02 2.13744715E+00 7.26999573E-02
 1.15380423E-02 2.13755063E+00 7.31602134E-02
 1.15767849E-02 2.13742888E+00 7.38709492E-02
 1.16175521E-02 2.13718121E+00 7.48051236E-02
 1.16583982E-02 2.13695826E+00 7.57552442E-02
 1.16993153E-02 2.13676052E+00 7.67205700E-02
 1.17402498E-02 2.13658929E+00 7.77000360E-02
 1.17812863E-02 2.13644337E+00 7.86935541E-02
 1.18223709E-02 2.13632408E+00 7.97001536E-02
 1.18634944E-02 2.13622894E+00 8.07197316E-02
 1.19054159E-02 2.13601124E+00 8.17882766E-02
 1.19507000E-02 2.13560465E+00 8.32828060E-02
 1.19984392E-02 2.13507180E+00 8.50305684E-02
 1.20462434E-02 2.13455949E+00 8.67251128E-02
 1.20941071E-02 2.13406670E+00 8.83714581E-02
 1.21420660E-02 2.13359151E+00 8.99746097E-02
 1.21901134E-02 2.13313299E+00 9.15386110E-02
 1.22383013E-02 2.13269584E+00 9.30605000E-02
 1.22868163E-02 2.13227989E+00 9.45447673E-02
 1.23354237E-02 2.13187169E+00 9.60118306E-02
 1.23891773E-02 2.13114314E+00 9.78006799E-02
 1.24493011E-02 2.13001532E+00 9.99806599E-02
 1.25095466E-02 2.12889465E+00 1.02128381E-01
 1.25698649E-02 2.12778141E+00 1.04244887E-01
 1.26303726E-02 2.12667248E+00 1.06332738E-01
 1.26910637E-02 2.12556751E+00 1.08393202E-01
 1.27524864E-02 2.12445642E+00 1.10428635E-01
 1.28140106E-02 2.12335045E+00 1.12430685E-01
 1.28756972E-02 2.12224772E+00 1.14400798E-01
 1.29414841E-02 2.12105085E+00 1.16432494E-01
 1.30162632E-02 2.11963823E+00 1.18633224E-01
 1.30909864E-02 2.11823004E+00 1.20792389E-01
 1.31665951E-02 2.11681546E+00 1.22911652E-01
 1.32422420E-02 2.11540543E+00 1.24994165E-01
 1.33179140E-02 2.11400090E+00 1.27040978E-01
 1.33936633E-02 2.11260194E+00 1.29053204E-01
 1.34694191E-02 2.11121075E+00 1.31031093E-01
 1.35488585E-02 2.10984339E+00 1.32910347E-01
 1.36329209E-02 2.10847689E+00 1.34843839E-01
 1.37357196E-02 2.10702082E+00 1.37117432E-01
 1.38385081E-02 2.10556378E+00 1.39377594E-01
 1.39411545E-02 2.10410690E+00 1.41620741E-01
 1.40438090E-02 2.10264732E+00 1.43845224E-01
 1.41472397E-02 2.10117511E+00 1.46050350E-01
 1.42506761E-02 2.09969993E+00 1.48226639E-01
 1.43540563E-02 2.09822218E+00 1.50369796E-01
 1.44573176E-02 2.09674225E+00 1.52475664E-01
 1.45616273E-02 2.09526207E+00 1.54561206E-01
 1.46905511E-02 2.09384817E+00 1.57050090E-01
 1.48201214E-02 2.09242213E+00 1.59489625E-01
 1.49497116E-02 2.09098847E+00 1.61886559E-01
 1.50793760E-02 2.08954750E+00 1.64243759E-01
 1.52090031E-02 2.08810129E+00 1.66563238E-01
 1.53387214E-02 2.08664934E+00 1.68847857E-01
 1.54689775E-02 2.08518857E+00 1.71103845E-01
 1.55999521E-02 2.08371833E+00 1.73331654E-01
 1.57308902E-02 2.08224677E+00 1.75526644E-01
 1.58914140E-02 2.08074797E+00 1.78308112E-01
 1.60610277E-02 2.07927478E+00 1.81082693E-01
 1.62330135E-02 2.07780563E+00 1.83798305E-01
 1.64058745E-02 2.07632133E+00 1.86466914E-01
 1.65791790E-02 2.07482644E+00 1.89089451E-01
 1.67525089E-02 2.07332514E+00 1.91666824E-01
 1.69259819E-02 2.07181713E+00 1.94201958E-01
 1.70995453E-02 2.07030360E+00 1.96696966E-01
 1.72730759E-02 2.06878630E+00 1.99153560E-01
 1.74798519E-02 2.06733811E+00 2.02074524E-01
 1.76963322E-02 2.06590431E+00 2.05084300E-01
 1.79134588E-02 2.06445933E+00 2.08039724E-01
 1.81310979E-02 2.06300472E+00 2.10942735E-01
 1.83492778E-02 2.06154083E+00 2.13795715E-01
 1.85697800E-02 2.06007428E+00 2.16596751E-01
 1.87994952E-02 2.05861922E+00 2.19337763E-01
 1.90295406E-02 2.05715669E+00 2.22034387E-01
 1.92598479E-02 2.05568777E+00 2.24688160E-01
 1.95210359E-02 2.05422989E+00 2.27810501E-01
 1.98002274E-02 2.05276981E+00 2.31158193E-01
 2.00808304E-02 2.05129452E+00 2.34444909E-01
 2.03634172E-02 2.04980149E+00 2.37675365E-01
 2.06468084E-02 2.04829810E+00 2.40847644E-01
 2.09312679E-02 2.04678341E+00 2.43964994E-01
 2.12167165E-02 2.04525851E+00 2.47029353E-01
 2.15058326E-02 2.04373163E+00 2.50037283E-01
 2.18043837E-02 2.04220722E+00 2.52987826E-01
 2.21340173E-02 2.04075299E+00 2.56265230E-01
 2.24945631E-02 2.03936332E+00 2.59842985E-01
 2.28569444E-02 2.03795938E+00 2.63353763E-01
 2.32211688E-02 2.03654170E+00 2.66800388E-01
 2.35873236E-02 2.03511044E+00 2.70185698E-01
 2.39568113E-02 2.03366009E+00 2.73515790E-01
 2.43279927E-02 2.03219866E+00 2.76788503E-01
 2.47032250E-02 2.03073006E+00 2.80003307E-01
 2.50896317E-02 2.02926571E+00 2.83153504E-01
 2.55015331E-02 2.02782383E+00 2.86608902E-01
 2.59580396E-02 2.02641549E+00 2.90600438E-01
 2.64177788E-02 2.02499023E+00 2.94515385E-01
 2.68806932E-02 2.02354889E+00 2.98356420E-01
 2.73464343E-02 2.02209339E+00 3.02125546E-01
 2.78151465E-02 2.02062377E+00 3.05825867E-01
 2.82910576E-02 2.01914371E+00 3.09457334E-01
 2.87808073E-02 2.01765501E+00 3.13020998E-01
 2.92731474E-02 2.01615475E+00 3.16522449E-01
 2.97861066E-02 2.01468231E+00 3.20171060E-01
 3.03613581E-02 2.01331632E+00 3.24410519E-01
 3.09413146E-02 2.01193182E+00 3.28567963E-01
 3.15277897E-02 2.01052405E+00 3.32650208E-01
 3.21232864E-02 2.00910137E+00 3.36654403E-01
 3.27351021E-02 2.00766944E+00 3.40578907E-01
 3.33511677E-02 2.00622261E+00 3.44431951E-01
 3.39716029E-02 2.00476122E+00 3.48216168E-01
 3.45980163E-02 2.00328160E+00 3.51938099E-01
 3.52376489E-02 2.00179911E+00 3.55711099E-01
 3.59546420E-02 2.00040268E+00 3.60388730E-01
 3.66898368E-02 1.99899316E+00 3.64968288E-01
 3.74384255E-02 1.99757063E+00 3.69453616E-01
 3.81954383E-02 1.99612946E+00 3.73852688E-01
 3.89605343E-02 1.99467121E+00 3.78167650E-01
 3.97322743E-02 1.99319987E+00 3.82398725E-01
 4.05109967E-02 1.99171517E+00 3.86549124E-01
 4.13026665E-02 1.99021955E+00 3.90619715E-01
 4.21129059E-02 1.98871006E+00 3.94615742E-01
 4.30284359E-02 1.98729755E+00 3.99545565E-01
 4.39574363E-02 1.98586952E+00 4.04407018E-01
 4.48970755E-02 1.98442273E+00 4.09171321E-01
 4.58474289E-02 1.98295782E+00 4.13841392E-01
 4.68221278E-02 1.98147313E+00 4.18422268E-01
 4.78154451E-02 1.97996918E+00 4.22916626E-01
 4.88190825E-02 1.97845003E+00 4.27323683E-01
 4.98332149E-02 1.97691602E+00 4.31645894E-01
 5.08574854E-02 1.97536849E+00 4.35884859E-01
 5.19720189E-02 1.97397122E+00 4.40812000E-01
 5.31395445E-02 1.97257986E+00 4.45796282E-01
 5.43218726E-02 1.97116674E+00 4.50682889E-01
 5.55189505E-02 1.96973222E+00 4.55474391E-01
 5.67304082E-02 1.96827798E+00 4.60172283E-01
 5.79579571E-02 1.96680252E+00 4.64780502E-01
 5.92211769E-02 1.96530198E+00 4.69305228E-01
 6.05010479E-02 1.96378424E+00 4.73741848E-01
 6.17956297E-02 1.96225037E+00 4.78091667E-01
 6.31876208E-02 1.96080070E+00 4.82987274E-01
 6.46369348E-02 1.95937238E+00 4.88050891E-01
 6.61236450E-02 1.95791877E+00 4.93015817E-01
 6.76409946E-02 1.95644463E+00 4.97880662E-01
 6.91802833E-02 1.95495307E+00 5.02644939E-01
 7.07413570E-02 1.95344511E+00 5.07310139E-01
 7.23259962E-02 1.95191953E+00 5.11878697E-01
 7.39416360E-02 1.95037399E+00 5.16354131E-01
 7.55950997E-02 1.94880893E+00 5.20739287E-01
 7.73281902E-02 1.94736655E+00 5.25309761E-01
 7.91324296E-02 1.94601069E+00 5.29995407E-01
 8.09666679E-02 1.94463581E+00 5.34583396E-01
 8.28354892E-02 1.94323968E+00 5.39077003E-01
 8.47565464E-02 1.94181874E+00 5.43480969E-01
 8.67081157E-02 1.94038156E+00 5.47789605E-01
 8.86900326E-02 1.93892919E+00 5.52003698E-01
 9.07031585E-02 1.93746173E+00 5.56124340E-01
 9.27507085E-02 1.93597742E+00 5.60153040E-01
 9.48863877E-02 1.93458771E+00 5.64229116E-01
 9.71226685E-02 1.93332868E+00 5.68392186E-01
 9.93985247E-02 1.93205357E+00 5.72462608E-01
 1.01714788E-01 1.93076271E+00 5.76441157E-01
 1.04071791E-01 1.92945679E+00 5.80328484E-01
 1.06479965E-01 1.92813150E+00 5.84127390E-01
 1.08947981E-01 1.92678576E+00 5.87840610E-01
 1.11458512E-01 1.92542680E+00 5.91463960E-01
 1.14011961E-01 1.92405516E+00 5.94998039E-01
 1.16629851E-01 1.92276709E+00 5.98436445E-01
 1.19346885E-01 1.92169009E+00 6.01773851E-01
 1.22131501E-01 1.92059338E+00 6.05032115E-01
 1.24980421E-01 1.91947975E+00 6.08210553E-01
 1.27882515E-01 1.91835396E+00 6.11306796E-01
 1.30838579E-01 1.91721639E+00 6.14321297E-01
 1.33849754E-01 1.91606724E+00 6.17254483E-01
 1.36916824E-01 1.91490689E+00 6.20106784E-01
 1.40058137E-01 1.91372914E+00 6.22880712E-01
 1.43267632E-01 1.91259432E+00 6.25550410E-01
 1.46537785E-01 1.91173819E+00 6.28013557E-01
 1.49871080E-01 1.91087206E+00 6.30404557E-01
 1.53268214E-01 1.90999636E+00 6.32723803E-01
 1.56730601E-01 1.90911123E+00 6.34971621E-01
 1.60268715E-01 1.90821388E+00 6.37149880E-01
 1.63892875E-01 1.90730155E+00 6.39259529E-01
 1.67585948E-01 1.90638077E+00 6.41298457E-01
 1.71348631E-01 1.90545193E+00 6.43267074E-01
 1.75181016E-01 1.90452587E+00 6.45160590E-01
 1.79049792E-01 1.90393380E+00 6.46823218E-01
 1.82993759E-01 1.90333462E+00 6.48424539E-01
 1.87033357E-01 1.90272280E+00 6.49967517E-01
 1.91158553E-01 1.90210210E+00 6.51450428E-01
 1.95364969E-01 1.90147447E+00 6.52872713E-01
 1.99652123E-01 1.90084069E+00 6.54234886E-01
 2.04021411E-01 1.90020091E+00 6.55537312E-01
 2.08474598E-01 1.89955519E+00 6.56780313E-01
 2.13012401E-01 1.89890387E+00 6.57964339E-01
 2.17528084E-01 1.89853772E+00 6.59001929E-01
 2.22122089E-01 1.89819926E+00 6.59977375E-01
 2.26803726E-01 1.89785627E+00 6.60900549E-01
 2.31575629E-01 1.89750859E+00 6.61771598E-01
 2.36436948E-01 1.89715698E+00 6.62591294E-01
 2.41389245E-01 1.89680155E+00 6.63359985E-01
 2.46434460E-01 1.89644230E+00 6.64077971E-01
 2.51583650E-01 1.89607694E+00 6.64746666E-01
 2.56843675E-01 1.89570433E+00 6.65366971E-01
 2.62055083E-01 1.89555809E+00 6.65880514E-01
 2.67315748E-01 1.89548122E+00 6.66331763E-01
 2.72672739E-01 1.89540205E+00 6.66739579E-01
 2.78129739E-01 1.89532027E+00 6.67104122E-01
 2.83685562E-01 1.89523657E+00 6.67425973E-01
 2.89342658E-01 1.89515087E+00 6.67705388E-01
 2.95120871E-01 1.89505893E+00 6.67944969E-01
 3.01010275E-01 1.89496374E+00 6.68143537E-01
 3.07005801E-01 1.89486702E+00 6.68300724E-01
 3.12931100E-01 1.89494063E+00 6.68451130E-01
 3.18852725E-01 1.89511571E+00 6.68583803E-01
 3.24877041E-01 1.89529046E+00 6.68679275E-01
 3.31006879E-01 1.89546476E+00 6.68737751E-01
 3.37245233E-01 1.89563847E+00 6.68759421E-01
 3.43611251E-01 1.89580769E+00 6.68747222E-01
 3.50093716E-01 1.89597546E+00 6.68700011E-01
 3.56687840E-01 1.89614333E+00 6.68617223E-01
 3.63395468E-01 1.89631135E+00 6.68499169E-01
 3.70056614E-01 1.89658976E+00 6.68388823E-01
 3.76661695E-01 1.89698209E+00 6.68289106E-01
 3.83375151E-01 1.89737564E+00 6.68157146E-01
 3.90198748E-01 1.89777047E+00 6.67993255E-01
 3.97148086E-01 1.89816374E+00 6.67799472E-01
 4.04228497E-01 1.89855496E+00 6.67576139E-01
 4.11426094E-01 1.89894750E+00 6.67321688E-01
 4.18741142E-01 1.89934163E+00 6.67036563E-01
 4.26175883E-01 1.89973734E+00 6.66721029E-01
 4.33586069E-01 1.90021011E+00 6.66413300E-01
 4.40849891E-01 1.90081974E+00 6.66144557E-01
 4.48226331E-01 1.90143202E+00 6.65847976E-01
 4.55716775E-01 1.90204703E+00 6.65523879E-01
 4.63353430E-01 1.90265876E+00 6.65176818E-01
 4.71107738E-01 1.90327338E+00 6.64802889E-01
 4.78981704E-01 1.90389094E+00 6.64402323E-01
 4.86977409E-01 1.90451144E+00 6.63975390E-01
 4.95099504E-01 1.90513459E+00 6.63522218E-01
 5.03251109E-01 1.90579749E+00 6.63085046E-01
 5.11193991E-01 1.90659001E+00 6.62766077E-01
 5.19252247E-01 1.90738649E+00 6.62421816E-01
 5.27438817E-01 1.90818487E+00 6.62054111E-01
 5.35766815E-01 1.90898299E+00 6.61665108E-01
 5.44216046E-01 1.90978523E+00 6.61251664E-01
 5.52787931E-01 1.91059167E+00 6.60814071E-01
 5.61484616E-01 1.91140232E+00 6.60352572E-01
 5.70307568E-01 1.91221727E+00 6.59867449E-01
 5.79215223E-01 1.91305021E+00 6.59369149E-01
 5.87812587E-01 1.91402405E+00 6.58949878E-01
 5.96530399E-01 1.91500275E+00 6.58508244E-01
 6.05386105E-01 1.91598317E+00 6.58047738E-01
 6.14380185E-01 1.91696566E+00 6.57568403E-01
 6.23497415E-01 1.91795350E+00 6.57067745E-01
 6.32738787E-01 1.91894682E+00 6.56546053E-01
 6.42106772E-01 1.91994559E+00 6.56003532E-01
 6.51602767E-01 1.92094991E+00 6.55440443E-01
 6.61228901E-01 1.92195978E+00 6.54857006E-01
 6.70498225E-01 1.92309545E+00 6.54437274E-01
 6.79865551E-01 1.92424279E+00 6.54005341E-01
 6.89375288E-01 1.92539251E+00 6.53556897E-01
 6.99023947E-01 1.92654564E+00 6.53091440E-01
 7.08798550E-01 1.92770513E+00 6.52606253E-01
 7.18700681E-01 1.92887104E+00 6.52101577E-01
 7.28730169E-01 1.93004364E+00 6.51577716E-01
 7.38888711E-01 1.93122296E+00 6.51034902E-01
 7.49178381E-01 1.93240905E+00 6.50473344E-01
 7.59181553E-01 1.93368734E+00 6.50014223E-01
 7.69215706E-01 1.93499146E+00 6.49562515E-01
 7.79390299E-01 1.93629975E+00 6.49095594E-01
 7.89712275E-01 1.93761135E+00 6.48614657E-01
 8.00158971E-01 1.93893068E+00 6.48115817E-01
 8.10732704E-01 1.94025776E+00 6.47599275E-01
 8.21434758E-01 1.94159266E+00 6.47065268E-01
 8.32267120E-01 1.94293544E+00 6.46514000E-01
 8.43234954E-01 1.94428583E+00 6.45945566E-01
 8.53953680E-01 1.94570983E+00 6.45468657E-01
 8.64621754E-01 1.94717210E+00 6.45023678E-01
 8.75419514E-01 1.94864173E+00 6.44563047E-01
 8.86377952E-01 1.95011343E+00 6.44092618E-01
 8.97461936E-01 1.95159399E+00 6.43605690E-01
 9.08672662E-01 1.95308352E+00 6.43102493E-01
 9.20012053E-01 1.95458205E+00 6.42583228E-01
 9.31481682E-01 1.95608967E+00 6.42048103E-01
 9.43082786E-01 1.95760648E+00 6.41497335E-01
 9.54527414E-01 1.95917372E+00 6.41022006E-01
 9.65863263E-01 1.96078375E+00 6.40603724E-01
 9.77322336E-01 1.96240361E+00 6.40169380E-01
 9.88940434E-01 1.96402751E+00 6.39724943E-01
 1.00070175E+00 1.96565837E+00 6.39268221E-01
 1.01259085E+00 1.96729933E+00 6.38796126E-01
 1.02460927E+00 1.96895050E+00 6.38308864E-01
 1.03675816E+00 1.97061198E+00 6.37806649E-01
 1.04903944E+00 1.97228384E+00 6.37289666E-01
 1.06122010E+00 1.97399520E+00 6.36811963E-01
 1.07320318E+00 1.97575747E+00 6.36393766E-01
 1.08530925E+00 1.97753082E+00 6.35960783E-01
 1.09753977E+00 1.97931534E+00 6.35513229E-01
 1.10994187E+00 1.98110295E+00 6.35060245E-01
 1.12247755E+00 1.98290092E+00 6.34594185E-01
 1.13514236E+00 1.98471038E+00 6.34114155E-01
 1.14794173E+00 1.98653108E+00 6.33620282E-01
 1.16087288E+00 1.98836350E+00 6.33112820E-01
 1.17378223E+00 1.99022392E+00 6.32635942E-01
 1.18642928E+00 1.99213703E+00 6.32255038E-01
 1.19919933E+00 1.99406252E+00 6.31859997E-01
 1.21209451E+00 1.99600046E+00 6.31451011E-01
 1.22511660E+00 1.99795093E+00 6.31028279E-01
 1.23830903E+00 1.99990646E+00 6.30600477E-01
 1.25164208E+00 2.00187274E+00 6.30161662E-01
 1.26510595E+00 2.00385195E+00 6.29709690E-01
 1.27870207E+00 2.00584421E+00 6.29244736E-01
 1.29235154E+00 2.00785697E+00 6.28785740E-01
 1.30567842E+00 2.00992424E+00 6.28418566E-01
 1.31913356E+00 2.01200490E+00 6.28038013E-01
 1.33271432E+00 2.01409938E+00 6.27644352E-01
 1.34642173E+00 2.01620784E+00 6.27237786E-01
 1.36025757E+00 2.01833039E+00 6.26818494E-01
 1.37423958E+00 2.02046424E+00 6.26389854E-01
 1.38839425E+00 2.02260500E+00 6.25957131E-01
 1.40268118E+00 2.02476030E+00 6.25512206E-01
 1.41709260E+00 2.02693100E+00 6.25057466E-01
 1.43109098E+00 2.02915920E+00 6.24715512E-01
 1.44521378E+00 2.03140262E+00 6.24360763E-01
 1.45946237E+00 2.03366138E+00 6.23993417E-01
 1.47383880E+00 2.03593558E+00 6.23613654E-01
 1.48834325E+00 2.03822546E+00 6.23221681E-01
 1.50298268E+00 2.04053074E+00 6.22817570E-01
 1.51775313E+00 2.04285198E+00 6.22401608E-01
 1.53266726E+00 2.04518735E+00 6.21976143E-01
 1.54776475E+00 2.04753015E+00 6.21548918E-01
 1.56249017E+00 2.04992341E+00 6.21225013E-01
 1.57727232E+00 2.05233805E+00 6.20904355E-01
 1.59217951E+00 2.05476970E+00 6.20571918E-01
 1.60721311E+00 2.05721852E+00 6.20227874E-01
 1.62237517E+00 2.05968462E+00 6.19872377E-01
 1.63766566E+00 2.06216829E+00 6.19505607E-01
 1.65308733E+00 2.06466960E+00 6.19127700E-01
 1.66864084E+00 2.06718876E+00 6.18738819E-01
 1.68432953E+00 2.06972583E+00 6.18339093E-01
 1.69984673E+00 2.07229982E+00 6.18040864E-01
 1.71545199E+00 2.07488729E+00 6.17781676E-01
 1.73119615E+00 2.07749179E+00 6.17513303E-01
 1.74707054E+00 2.08011526E+00 6.17234037E-01
 1.76307578E+00 2.08275795E+00 6.16944004E-01
 1.77921538E+00 2.08541988E+00 6.16643284E-01
 1.79548853E+00 2.08810143E+00 6.16332021E-01
 1.81189729E+00 2.09080273E+00 6.16010314E-01
