# EOS Table generated on 20120306 from
# HShenEOS_rho220_temp180_ye65_version2.0_20111026_EOSmaker_svn9.h5
# Original table has nrho ntemp nye:    220   180    65
EoSType = ColdTable
Nrho =  2000
RhoMin =   0.161865E-14      RhoMax =   0.158181E-01
HeatCapacity =   0.160000E-02
GammaTh =   0.166667E+01
Kappa =   0.100000E+03
RhoSpacing = Log
-2.74031220E-03 1.49157239E+00 2.89019950E-03
-2.74033589E-03 1.49182982E+00 2.88879810E-03
-2.74035956E-03 1.49208748E+00 2.88739601E-03
-2.74038321E-03 1.49234536E+00 2.88599325E-03
-2.74040687E-03 1.49260348E+00 2.88458957E-03
-2.74043051E-03 1.49286182E+00 2.88318520E-03
-2.74045411E-03 1.49312039E+00 2.88178039E-03
-2.74047769E-03 1.49337919E+00 2.88037489E-03
-2.74050125E-03 1.49363821E+00 2.87896870E-03
-2.74052480E-03 1.49389746E+00 2.87756183E-03
-2.74054613E-03 1.49415279E+00 2.87653627E-03
-2.74056709E-03 1.49440771E+00 2.87556960E-03
-2.74058802E-03 1.49466284E+00 2.87460284E-03
-2.74060893E-03 1.49491820E+00 2.87363575E-03
-2.74062983E-03 1.49517379E+00 2.87266833E-03
-2.74065074E-03 1.49542960E+00 2.87170035E-03
-2.74067164E-03 1.49568565E+00 2.87073204E-03
-2.74069250E-03 1.49594191E+00 2.86976363E-03
-2.74071334E-03 1.49619840E+00 2.86879490E-03
-2.74073251E-03 1.49645192E+00 2.86796005E-03
-2.74075109E-03 1.49670448E+00 2.86717395E-03
-2.74076965E-03 1.49695727E+00 2.86638763E-03
-2.74078818E-03 1.49721028E+00 2.86560133E-03
-2.74080670E-03 1.49746352E+00 2.86481482E-03
-2.74082520E-03 1.49771698E+00 2.86402808E-03
-2.74084372E-03 1.49797067E+00 2.86324089E-03
-2.74086223E-03 1.49822458E+00 2.86245348E-03
-2.74088071E-03 1.49847872E+00 2.86166609E-03
-2.74089798E-03 1.49873068E+00 2.86097441E-03
-2.74091443E-03 1.49898125E+00 2.86034721E-03
-2.74093089E-03 1.49923204E+00 2.85971964E-03
-2.74094735E-03 1.49948306E+00 2.85909192E-03
-2.74096378E-03 1.49973430E+00 2.85846430E-03
-2.74098019E-03 1.49998576E+00 2.85783654E-03
-2.74099660E-03 1.50023745E+00 2.85720864E-03
-2.74101302E-03 1.50048937E+00 2.85658036E-03
-2.74102944E-03 1.50074151E+00 2.85595193E-03
-2.74104500E-03 1.50099215E+00 2.85538923E-03
-2.74105960E-03 1.50124103E+00 2.85490243E-03
-2.74107422E-03 1.50149014E+00 2.85441531E-03
-2.74108883E-03 1.50173947E+00 2.85392811E-03
-2.74110341E-03 1.50198901E+00 2.85344106E-03
-2.74111798E-03 1.50223878E+00 2.85295392E-03
-2.74113257E-03 1.50248878E+00 2.85246646E-03
-2.74114715E-03 1.50273901E+00 2.85197891E-03
-2.74116171E-03 1.50298945E+00 2.85149151E-03
-2.74117573E-03 1.50323898E+00 2.85104564E-03
-2.74118872E-03 1.50348643E+00 2.85068430E-03
-2.74120170E-03 1.50373410E+00 2.85032291E-03
-2.74121465E-03 1.50398199E+00 2.84996171E-03
-2.74122759E-03 1.50423010E+00 2.84960046E-03
-2.74124055E-03 1.50447844E+00 2.84923892E-03
-2.74125351E-03 1.50472701E+00 2.84887733E-03
-2.74126644E-03 1.50497579E+00 2.84851594E-03
-2.74127936E-03 1.50522479E+00 2.84815450E-03
-2.74129203E-03 1.50547340E+00 2.84781515E-03
-2.74130355E-03 1.50571962E+00 2.84756820E-03
-2.74131505E-03 1.50596605E+00 2.84732147E-03
-2.74132656E-03 1.50621272E+00 2.84707447E-03
-2.74133807E-03 1.50645960E+00 2.84682745E-03
-2.74134955E-03 1.50670671E+00 2.84658064E-03
-2.74136103E-03 1.50695403E+00 2.84633382E-03
-2.74137253E-03 1.50720159E+00 2.84608672E-03
-2.74138402E-03 1.50744937E+00 2.84583960E-03
-2.74139541E-03 1.50769718E+00 2.84559918E-03
-2.74140562E-03 1.50794233E+00 2.84545862E-03
-2.74141583E-03 1.50818770E+00 2.84531805E-03
-2.74142600E-03 1.50843328E+00 2.84517771E-03
-2.74143620E-03 1.50867909E+00 2.84503712E-03
-2.74144640E-03 1.50892513E+00 2.84489651E-03
-2.74145657E-03 1.50917138E+00 2.84475614E-03
-2.74146676E-03 1.50941786E+00 2.84461552E-03
-2.74147694E-03 1.50966457E+00 2.84447489E-03
-2.74148710E-03 1.50991149E+00 2.84433449E-03
-2.74149620E-03 1.51015589E+00 2.84428800E-03
-2.74150521E-03 1.51040029E+00 2.84424896E-03
-2.74151420E-03 1.51064490E+00 2.84421016E-03
-2.74152321E-03 1.51088975E+00 2.84417111E-03
-2.74153221E-03 1.51113481E+00 2.84413206E-03
-2.74154119E-03 1.51138010E+00 2.84409326E-03
-2.74155019E-03 1.51162561E+00 2.84405420E-03
-2.74155919E-03 1.51187135E+00 2.84401514E-03
-2.74156816E-03 1.51211730E+00 2.84397632E-03
-2.74157632E-03 1.51236118E+00 2.84401602E-03
-2.74158421E-03 1.51260466E+00 2.84407692E-03
-2.74159213E-03 1.51284836E+00 2.84413757E-03
-2.74160004E-03 1.51309229E+00 2.84419821E-03
-2.74160792E-03 1.51333644E+00 2.84425910E-03
-2.74161585E-03 1.51358082E+00 2.84431948E-03
-2.74162373E-03 1.51382541E+00 2.84438036E-03
-2.74163163E-03 1.51407024E+00 2.84444098E-03
-2.74163953E-03 1.51431529E+00 2.84450159E-03
-2.74164674E-03 1.51455863E+00 2.84462881E-03
-2.74165366E-03 1.51480121E+00 2.84478998E-03
-2.74166052E-03 1.51504400E+00 2.84495162E-03
-2.74166742E-03 1.51528702E+00 2.84511276E-03
-2.74167428E-03 1.51553025E+00 2.84527438E-03
-2.74168116E-03 1.51577372E+00 2.84543574E-03
-2.74168804E-03 1.51601740E+00 2.84559708E-03
-2.74169492E-03 1.51626132E+00 2.84575841E-03
-2.74170180E-03 1.51650545E+00 2.84591973E-03
-2.74170814E-03 1.51674825E+00 2.84613619E-03
-2.74171408E-03 1.51698986E+00 2.84640200E-03
-2.74171996E-03 1.51723169E+00 2.84666828E-03
-2.74172589E-03 1.51747375E+00 2.84693403E-03
-2.74173177E-03 1.51771602E+00 2.84720026E-03
-2.74173770E-03 1.51795853E+00 2.84746595E-03
-2.74174360E-03 1.51820126E+00 2.84773186E-03
-2.74174950E-03 1.51844421E+00 2.84799774E-03
-2.74175540E-03 1.51868738E+00 2.84826359E-03
-2.74176093E-03 1.51892958E+00 2.84857291E-03
-2.74176589E-03 1.51917012E+00 2.84895027E-03
-2.74177085E-03 1.51941089E+00 2.84932757E-03
-2.74177583E-03 1.51965188E+00 2.84970457E-03
-2.74178076E-03 1.51989308E+00 2.85008201E-03
-2.74178573E-03 1.52013452E+00 2.85045890E-03
-2.74179066E-03 1.52037617E+00 2.85083623E-03
-2.74179564E-03 1.52061806E+00 2.85121300E-03
-2.74180059E-03 1.52086017E+00 2.85158997E-03
-2.74180530E-03 1.52110167E+00 2.85199787E-03
-2.74180934E-03 1.52134099E+00 2.85249565E-03
-2.74181332E-03 1.52158052E+00 2.85299384E-03
-2.74181736E-03 1.52182028E+00 2.85349144E-03
-2.74182139E-03 1.52206027E+00 2.85398894E-03
-2.74182537E-03 1.52230046E+00 2.85448685E-03
-2.74182941E-03 1.52254090E+00 2.85498416E-03
-2.74183342E-03 1.52278155E+00 2.85548164E-03
-2.74183742E-03 1.52302242E+00 2.85597901E-03
-2.74184134E-03 1.52326311E+00 2.85649229E-03
-2.74184439E-03 1.52350097E+00 2.85712310E-03
-2.74184744E-03 1.52373906E+00 2.85775377E-03
-2.74185051E-03 1.52397737E+00 2.85838404E-03
-2.74185359E-03 1.52421591E+00 2.85901416E-03
-2.74185661E-03 1.52445465E+00 2.85964465E-03
-2.74185969E-03 1.52469364E+00 2.86027447E-03
-2.74186276E-03 1.52493284E+00 2.86090415E-03
-2.74186581E-03 1.52517226E+00 2.86153394E-03
-2.74186886E-03 1.52541191E+00 2.86216358E-03
-2.74187095E-03 1.52564810E+00 2.86293990E-03
-2.74187303E-03 1.52588446E+00 2.86371789E-03
-2.74187511E-03 1.52612104E+00 2.86449565E-03
-2.74187716E-03 1.52635784E+00 2.86527345E-03
-2.74187922E-03 1.52659486E+00 2.86605104E-03
-2.74188130E-03 1.52683211E+00 2.86682814E-03
-2.74188337E-03 1.52706958E+00 2.86760502E-03
-2.74188545E-03 1.52730727E+00 2.86838169E-03
-2.74188751E-03 1.52754518E+00 2.86915839E-03
-2.74188869E-03 1.52777985E+00 2.87007734E-03
-2.74188971E-03 1.52801413E+00 2.87102055E-03
-2.74189071E-03 1.52824863E+00 2.87196370E-03
-2.74189174E-03 1.52848336E+00 2.87290627E-03
-2.74189276E-03 1.52871831E+00 2.87384851E-03
-2.74189379E-03 1.52895348E+00 2.87479044E-03
-2.74189481E-03 1.52918887E+00 2.87573204E-03
-2.74189584E-03 1.52942448E+00 2.87667333E-03
-2.74189687E-03 1.52966032E+00 2.87761430E-03
-2.74189708E-03 1.52989316E+00 2.87869065E-03
-2.74189697E-03 1.53012497E+00 2.87981961E-03
-2.74189686E-03 1.53035699E+00 2.88094811E-03
-2.74189675E-03 1.53058923E+00 2.88207616E-03
-2.74189665E-03 1.53082169E+00 2.88320375E-03
-2.74189654E-03 1.53105437E+00 2.88433089E-03
-2.74189643E-03 1.53128728E+00 2.88545757E-03
-2.74189633E-03 1.53152040E+00 2.88658381E-03
-2.74189622E-03 1.53175374E+00 2.88770959E-03
-2.74189539E-03 1.53198442E+00 2.88895975E-03
-2.74189407E-03 1.53221328E+00 2.89029768E-03
-2.74189275E-03 1.53244235E+00 2.89163497E-03
-2.74189141E-03 1.53267163E+00 2.89297189E-03
-2.74189006E-03 1.53290113E+00 2.89430819E-03
-2.74188872E-03 1.53313085E+00 2.89564385E-03
-2.74188737E-03 1.53336079E+00 2.89697888E-03
-2.74188605E-03 1.53359095E+00 2.89831301E-03
-2.74188474E-03 1.53382133E+00 2.89964651E-03
-2.74188278E-03 1.53404947E+00 2.90108853E-03
-2.74188007E-03 1.53427482E+00 2.90266248E-03
-2.74187741E-03 1.53450040E+00 2.90423502E-03
-2.74187470E-03 1.53472618E+00 2.90580724E-03
-2.74187199E-03 1.53495218E+00 2.90737859E-03
-2.74186933E-03 1.53517841E+00 2.90894852E-03
-2.74186662E-03 1.53540484E+00 2.91051814E-03
-2.74186391E-03 1.53563149E+00 2.91208689E-03
-2.74186125E-03 1.53585836E+00 2.91365423E-03
-2.74185806E-03 1.53608353E+00 2.91530777E-03
-2.74185389E-03 1.53630480E+00 2.91714657E-03
-2.74184966E-03 1.53652627E+00 2.91898473E-03
-2.74184548E-03 1.53674796E+00 2.92082117E-03
-2.74184125E-03 1.53696986E+00 2.92265699E-03
-2.74183707E-03 1.53719198E+00 2.92449107E-03
-2.74183284E-03 1.53741430E+00 2.92632455E-03
-2.74182866E-03 1.53763684E+00 2.92815629E-03
-2.74182443E-03 1.53785959E+00 2.92998743E-03
-2.74181994E-03 1.53808134E+00 2.93187316E-03
-2.74181403E-03 1.53829785E+00 2.93401039E-03
-2.74180813E-03 1.53851456E+00 2.93614605E-03
-2.74180225E-03 1.53873148E+00 2.93827984E-03
-2.74179636E-03 1.53894862E+00 2.94041207E-03
-2.74179045E-03 1.53916595E+00 2.94254300E-03
-2.74178455E-03 1.53938350E+00 2.94467237E-03
-2.74177866E-03 1.53960127E+00 2.94679989E-03
-2.74177277E-03 1.53981924E+00 2.94892586E-03
-2.74176674E-03 1.54003706E+00 2.95106759E-03
-2.74175895E-03 1.54024809E+00 2.95353862E-03
-2.74175115E-03 1.54045932E+00 2.95600756E-03
-2.74174335E-03 1.54067076E+00 2.95847440E-03
-2.74173555E-03 1.54088241E+00 2.96093917E-03
-2.74172775E-03 1.54109426E+00 2.96340185E-03
-2.74171995E-03 1.54130631E+00 2.96586247E-03
-2.74171214E-03 1.54151857E+00 2.96832101E-03
-2.74170433E-03 1.54173103E+00 2.97077749E-03
-2.74169652E-03 1.54194371E+00 2.97323191E-03
-2.74168675E-03 1.54214919E+00 2.97604227E-03
-2.74167682E-03 1.54235419E+00 2.97888333E-03
-2.74166688E-03 1.54255938E+00 2.98172166E-03
-2.74165691E-03 1.54276477E+00 2.98455755E-03
-2.74164695E-03 1.54297036E+00 2.98739071E-03
-2.74163697E-03 1.54317615E+00 2.99022115E-03
-2.74162705E-03 1.54338215E+00 2.99304830E-03
-2.74161707E-03 1.54358833E+00 2.99587333E-03
-2.74160709E-03 1.54379472E+00 2.99869567E-03
-2.74159525E-03 1.54399443E+00 3.00185761E-03
-2.74158287E-03 1.54419238E+00 3.00511287E-03
-2.74157049E-03 1.54439052E+00 3.00836456E-03
-2.74155810E-03 1.54458886E+00 3.01161271E-03
-2.74154573E-03 1.54478740E+00 3.01485701E-03
-2.74153331E-03 1.54498612E+00 3.01809839E-03
-2.74152093E-03 1.54518505E+00 3.02133565E-03
-2.74150850E-03 1.54538416E+00 3.02457000E-03
-2.74149611E-03 1.54558347E+00 3.02780026E-03
-2.74148194E-03 1.54577678E+00 3.03134444E-03
-2.74146681E-03 1.54596687E+00 3.03505832E-03
-2.74145168E-03 1.54615715E+00 3.03876732E-03
-2.74143656E-03 1.54634762E+00 3.04247174E-03
-2.74142142E-03 1.54653828E+00 3.04617162E-03
-2.74140627E-03 1.54672912E+00 3.04986696E-03
-2.74139112E-03 1.54692016E+00 3.05355778E-03
-2.74137596E-03 1.54711138E+00 3.05724410E-03
-2.74136077E-03 1.54730278E+00 3.06092624E-03
-2.74134404E-03 1.54748908E+00 3.06488339E-03
-2.74132583E-03 1.54767051E+00 3.06910205E-03
-2.74130758E-03 1.54785211E+00 3.07331518E-03
-2.74128933E-03 1.54803389E+00 3.07752248E-03
-2.74127108E-03 1.54821585E+00 3.08172367E-03
-2.74125283E-03 1.54839800E+00 3.08591909E-03
-2.74123454E-03 1.54858032E+00 3.09010908E-03
-2.74121624E-03 1.54876281E+00 3.09429334E-03
-2.74119795E-03 1.54894550E+00 3.09847157E-03
-2.74117837E-03 1.54912419E+00 3.10287308E-03
-2.74115666E-03 1.54929615E+00 3.10764543E-03
-2.74113489E-03 1.54946828E+00 3.11241104E-03
-2.74111316E-03 1.54964059E+00 3.11716867E-03
-2.74109140E-03 1.54981307E+00 3.12191897E-03
-2.74106961E-03 1.54998571E+00 3.12666232E-03
-2.74104780E-03 1.55015853E+00 3.13139843E-03
-2.74102601E-03 1.55033152E+00 3.13612699E-03
-2.74100417E-03 1.55050468E+00 3.14084870E-03
-2.74098138E-03 1.55067516E+00 3.14572619E-03
-2.74095574E-03 1.55083693E+00 3.15110212E-03
-2.74093007E-03 1.55099886E+00 3.15646882E-03
-2.74090436E-03 1.55116094E+00 3.16182666E-03
-2.74087863E-03 1.55132319E+00 3.16717537E-03
-2.74085287E-03 1.55148559E+00 3.17251499E-03
-2.74082712E-03 1.55164817E+00 3.17784522E-03
-2.74080135E-03 1.55181091E+00 3.18316646E-03
-2.74077553E-03 1.55197380E+00 3.18847908E-03
-2.74074922E-03 1.55213551E+00 3.19386303E-03
-2.74071915E-03 1.55228642E+00 3.19989296E-03
-2.74068902E-03 1.55243747E+00 3.20591180E-03
-2.74065887E-03 1.55258866E+00 3.21191928E-03
-2.74062871E-03 1.55274002E+00 3.21791512E-03
-2.74059851E-03 1.55289153E+00 3.22389971E-03
-2.74056827E-03 1.55304319E+00 3.22987348E-03
-2.74053799E-03 1.55319499E+00 3.23583614E-03
-2.74050772E-03 1.55334696E+00 3.24178739E-03
-2.74047741E-03 1.55349908E+00 3.24772765E-03
-2.74044246E-03 1.55363888E+00 3.25444164E-03
-2.74040739E-03 1.55377850E+00 3.26116170E-03
-2.74037227E-03 1.55391827E+00 3.26786784E-03
-2.74033709E-03 1.55405816E+00 3.27456050E-03
-2.74030190E-03 1.55419821E+00 3.28123906E-03
-2.74026666E-03 1.55433840E+00 3.28790394E-03
-2.74023136E-03 1.55447872E+00 3.29455561E-03
-2.74019605E-03 1.55461919E+00 3.30119341E-03
-2.74016069E-03 1.55475980E+00 3.30781780E-03
-2.74012094E-03 1.55488953E+00 3.31516484E-03
-2.74008031E-03 1.55501730E+00 3.32263496E-03
-2.74003962E-03 1.55514519E+00 3.33008820E-03
-2.73999888E-03 1.55527322E+00 3.33752468E-03
-2.73995808E-03 1.55540138E+00 3.34494451E-03
-2.73991724E-03 1.55552966E+00 3.35234780E-03
-2.73987634E-03 1.55565808E+00 3.35973467E-03
-2.73983538E-03 1.55578662E+00 3.36710521E-03
-2.73979438E-03 1.55591530E+00 3.37445954E-03
-2.73974932E-03 1.55603473E+00 3.38246678E-03
-2.73970252E-03 1.55615038E+00 3.39073279E-03
-2.73965563E-03 1.55626615E+00 3.39897895E-03
-2.73960866E-03 1.55638202E+00 3.40720502E-03
-2.73956165E-03 1.55649803E+00 3.41541075E-03
-2.73951457E-03 1.55661415E+00 3.42359668E-03
-2.73946742E-03 1.55673039E+00 3.43176295E-03
-2.73942020E-03 1.55684675E+00 3.43990969E-03
-2.73937289E-03 1.55696322E+00 3.44803744E-03
-2.73932198E-03 1.55707222E+00 3.45672906E-03
-2.73926830E-03 1.55717566E+00 3.46583427E-03
-2.73921454E-03 1.55727920E+00 3.47491546E-03
-2.73916071E-03 1.55738285E+00 3.48397242E-03
-2.73910680E-03 1.55748661E+00 3.49300573E-03
-2.73905274E-03 1.55759046E+00 3.50201640E-03
-2.73899864E-03 1.55769443E+00 3.51100297E-03
-2.73894445E-03 1.55779850E+00 3.51996644E-03
-2.73889012E-03 1.55790267E+00 3.52890781E-03
-2.73883280E-03 1.55800124E+00 3.53830341E-03
-2.73877156E-03 1.55809256E+00 3.54828599E-03
-2.73871022E-03 1.55818398E+00 3.55823996E-03
-2.73864875E-03 1.55827548E+00 3.56816639E-03
-2.73858716E-03 1.55836708E+00 3.57806511E-03
-2.73852548E-03 1.55845878E+00 3.58793590E-03
-2.73846363E-03 1.55855056E+00 3.59778029E-03
-2.73840172E-03 1.55864245E+00 3.60759678E-03
-2.73833969E-03 1.55873444E+00 3.61738645E-03
-2.73827532E-03 1.55882266E+00 3.62750299E-03
-2.73820570E-03 1.55890214E+00 3.63839899E-03
-2.73813600E-03 1.55898171E+00 3.64926138E-03
-2.73806615E-03 1.55906136E+00 3.66009132E-03
-2.73799612E-03 1.55914109E+00 3.67088953E-03
-2.73792595E-03 1.55922091E+00 3.68165586E-03
-2.73785566E-03 1.55930081E+00 3.69239015E-03
-2.73778522E-03 1.55938080E+00 3.70309310E-03
-2.73771458E-03 1.55946085E+00 3.71376590E-03
-2.73764252E-03 1.55953895E+00 3.72461575E-03
-2.73756381E-03 1.55960709E+00 3.73645191E-03
-2.73748493E-03 1.55967530E+00 3.74825047E-03
-2.73740584E-03 1.55974357E+00 3.76001222E-03
-2.73732656E-03 1.55981192E+00 3.77173707E-03
-2.73724712E-03 1.55988034E+00 3.78342489E-03
-2.73716750E-03 1.55994884E+00 3.79507648E-03
-2.73708767E-03 1.56001740E+00 3.80669264E-03
-2.73700765E-03 1.56008602E+00 3.81827323E-03
-2.73692718E-03 1.56015433E+00 3.82986359E-03
-2.73683850E-03 1.56021177E+00 3.84265263E-03
-2.73674959E-03 1.56026927E+00 3.85539896E-03
-2.73666046E-03 1.56032683E+00 3.86810302E-03
-2.73657109E-03 1.56038446E+00 3.88076522E-03
-2.73648150E-03 1.56044214E+00 3.89338596E-03
-2.73639168E-03 1.56049988E+00 3.90596565E-03
-2.73630162E-03 1.56055768E+00 3.91850469E-03
-2.73621134E-03 1.56061555E+00 3.93100345E-03
-2.73612082E-03 1.56067347E+00 3.94346233E-03
-2.73602218E-03 1.56072202E+00 3.95708347E-03
-2.73592233E-03 1.56076955E+00 3.97078996E-03
-2.73582222E-03 1.56081715E+00 3.98444849E-03
-2.73572183E-03 1.56086479E+00 3.99806002E-03
-2.73562116E-03 1.56091249E+00 4.01162505E-03
-2.73552020E-03 1.56096024E+00 4.02514402E-03
-2.73541893E-03 1.56100803E+00 4.03861793E-03
-2.73531744E-03 1.56105588E+00 4.05204569E-03
-2.73521560E-03 1.56110377E+00 4.06542980E-03
-2.73510641E-03 1.56114443E+00 4.07983830E-03
-2.73499471E-03 1.56118290E+00 4.09451969E-03
-2.73488266E-03 1.56122142E+00 4.10914825E-03
-2.73477027E-03 1.56125997E+00 4.12372455E-03
-2.73465754E-03 1.56129857E+00 4.13824914E-03
-2.73454446E-03 1.56133720E+00 4.15272256E-03
-2.73443103E-03 1.56137588E+00 4.16714534E-03
-2.73431723E-03 1.56141459E+00 4.18151855E-03
-2.73420311E-03 1.56145335E+00 4.19584163E-03
-2.73408252E-03 1.56148682E+00 4.21102601E-03
-2.73395799E-03 1.56151724E+00 4.22668163E-03
-2.73383307E-03 1.56154769E+00 4.24227852E-03
-2.73370770E-03 1.56157817E+00 4.25781841E-03
-2.73358192E-03 1.56160868E+00 4.27330137E-03
-2.73345575E-03 1.56163924E+00 4.28872749E-03
-2.73332913E-03 1.56166982E+00 4.30409845E-03
-2.73320209E-03 1.56170043E+00 4.31941431E-03
-2.73307465E-03 1.56173108E+00 4.33467510E-03
-2.73294176E-03 1.56175811E+00 4.35061806E-03
-2.73280343E-03 1.56178152E+00 4.36723728E-03
-2.73266455E-03 1.56180494E+00 4.38379415E-03
-2.73252523E-03 1.56182841E+00 4.40028712E-03
-2.73238535E-03 1.56185188E+00 4.41671918E-03
-2.73224503E-03 1.56187540E+00 4.43308873E-03
-2.73210414E-03 1.56189892E+00 4.44939873E-03
-2.73196278E-03 1.56192248E+00 4.46564814E-03
-2.73182091E-03 1.56194606E+00 4.48183818E-03
-2.73167477E-03 1.56196742E+00 4.49851866E-03
-2.73152156E-03 1.56198489E+00 4.51608941E-03
-2.73136771E-03 1.56200235E+00 4.53359270E-03
-2.73121329E-03 1.56201985E+00 4.55102756E-03
-2.73105828E-03 1.56203736E+00 4.56839536E-03
-2.73090267E-03 1.56205490E+00 4.58569687E-03
-2.73074646E-03 1.56207245E+00 4.60293281E-03
-2.73058962E-03 1.56209002E+00 4.62010454E-03
-2.73043224E-03 1.56210762E+00 4.63721098E-03
-2.73027179E-03 1.56212406E+00 4.65460744E-03
-2.73010253E-03 1.56213662E+00 4.67311368E-03
-2.72993264E-03 1.56214920E+00 4.69154512E-03
-2.72976199E-03 1.56216178E+00 4.70990506E-03
-2.72959070E-03 1.56217440E+00 4.72819191E-03
-2.72941868E-03 1.56218701E+00 4.74640832E-03
-2.72924595E-03 1.56219965E+00 4.76455451E-03
-2.72907251E-03 1.56221229E+00 4.78263126E-03
-2.72889835E-03 1.56222495E+00 4.80063937E-03
-2.72872247E-03 1.56223725E+00 4.81872850E-03
-2.72853612E-03 1.56224594E+00 4.83814667E-03
-2.72834893E-03 1.56225464E+00 4.85748719E-03
-2.72816096E-03 1.56226336E+00 4.87674972E-03
-2.72797213E-03 1.56227207E+00 4.89593644E-03
-2.72778251E-03 1.56228081E+00 4.91504697E-03
-2.72759206E-03 1.56228955E+00 4.93408283E-03
-2.72740079E-03 1.56229831E+00 4.95304488E-03
-2.72720868E-03 1.56230707E+00 4.97193396E-03
-2.72701570E-03 1.56231584E+00 4.99075155E-03
-2.72681143E-03 1.56232175E+00 5.01099891E-03
-2.72659167E-03 1.56230715E+00 5.03220836E-03
-2.72635950E-03 1.56227643E+00 5.05412129E-03
-2.72612647E-03 1.56224637E+00 5.07593066E-03
-2.72589247E-03 1.56221698E+00 5.09763921E-03
-2.72565760E-03 1.56218832E+00 5.11924573E-03
-2.72542192E-03 1.56216042E+00 5.14074902E-03
-2.72518517E-03 1.56213307E+00 5.16216315E-03
-2.72494624E-03 1.56210496E+00 5.18406945E-03
-2.72469833E-03 1.56207705E+00 5.20721140E-03
-2.72444761E-03 1.56204955E+00 5.23049452E-03
-2.72419604E-03 1.56202292E+00 5.25364667E-03
-2.72394330E-03 1.56199674E+00 5.27669908E-03
-2.72368937E-03 1.56197104E+00 5.29965153E-03
-2.72343451E-03 1.56194611E+00 5.32248733E-03
-2.72317725E-03 1.56192040E+00 5.34532727E-03
-2.72291852E-03 1.56189489E+00 5.36809571E-03
-2.72265883E-03 1.56187020E+00 5.39074931E-03
-2.72239144E-03 1.56184620E+00 5.41428588E-03
-2.72211993E-03 1.56182277E+00 5.43814557E-03
-2.72184714E-03 1.56179980E+00 5.46189951E-03
-2.72157325E-03 1.56177754E+00 5.48553344E-03
-2.72129636E-03 1.56175407E+00 5.50919813E-03
-2.72101837E-03 1.56173136E+00 5.53274363E-03
-2.72073916E-03 1.56170924E+00 5.55618380E-03
-2.72045873E-03 1.56168773E+00 5.57951867E-03
-2.72017711E-03 1.56166688E+00 5.60274755E-03
-2.71988879E-03 1.56164682E+00 5.62667079E-03
-2.71959482E-03 1.56162737E+00 5.65111553E-03
-2.71929773E-03 1.56160679E+00 5.67557978E-03
-2.71899941E-03 1.56158692E+00 5.69992071E-03
-2.71869950E-03 1.56156740E+00 5.72416629E-03
-2.71839838E-03 1.56154864E+00 5.74828880E-03
-2.71809590E-03 1.56153050E+00 5.77230116E-03
-2.71779213E-03 1.56151303E+00 5.79620217E-03
-2.71748664E-03 1.56149583E+00 5.82002403E-03
-2.71717419E-03 1.56147828E+00 5.84444907E-03
-2.71685435E-03 1.56146129E+00 5.86960209E-03
-2.71653299E-03 1.56144483E+00 5.89464026E-03
-2.71621023E-03 1.56142908E+00 5.91955178E-03
-2.71588601E-03 1.56141392E+00 5.94434838E-03
-2.71556009E-03 1.56139919E+00 5.96904377E-03
-2.71523260E-03 1.56138501E+00 5.99363150E-03
-2.71490182E-03 1.56137000E+00 6.01823204E-03
-2.71456940E-03 1.56135550E+00 6.04273201E-03
-2.71423264E-03 1.56134191E+00 6.06753576E-03
-2.71388713E-03 1.56132923E+00 6.09324948E-03
-2.71353987E-03 1.56131708E+00 6.11884627E-03
-2.71319101E-03 1.56130552E+00 6.14432290E-03
-2.71284045E-03 1.56129454E+00 6.16968244E-03
-2.71248627E-03 1.56128260E+00 6.19505969E-03
-2.71213001E-03 1.56127096E+00 6.22034620E-03
-2.71177220E-03 1.56126004E+00 6.24551284E-03
-2.71141274E-03 1.56124980E+00 6.27056268E-03
-2.71105012E-03 1.56124039E+00 6.29572311E-03
-2.71067727E-03 1.56123220E+00 6.32198196E-03
-2.71030226E-03 1.56122428E+00 6.34814135E-03
-2.70992381E-03 1.56121580E+00 6.37428093E-03
-2.70954289E-03 1.56120745E+00 6.40033956E-03
-2.70916018E-03 1.56119973E+00 6.42627677E-03
-2.70877568E-03 1.56119268E+00 6.45209257E-03
-2.70838910E-03 1.56118604E+00 6.47780875E-03
-2.70800080E-03 1.56118013E+00 6.50340270E-03
-2.70761030E-03 1.56117480E+00 6.52892301E-03
-2.70720662E-03 1.56116999E+00 6.55582158E-03
-2.70680000E-03 1.56116513E+00 6.58265097E-03
-2.70639137E-03 1.56116086E+00 6.60935592E-03
-2.70598039E-03 1.56115693E+00 6.63595876E-03
-2.70556748E-03 1.56115367E+00 6.66243572E-03
-2.70515226E-03 1.56115080E+00 6.68881003E-03
-2.70473517E-03 1.56114866E+00 6.71505802E-03
-2.70431542E-03 1.56114675E+00 6.74122488E-03
-2.70389171E-03 1.56114426E+00 6.76738791E-03
-2.70345678E-03 1.56114321E+00 6.79472276E-03
-2.70301862E-03 1.56114291E+00 6.82208600E-03
-2.70257825E-03 1.56114320E+00 6.84932245E-03
-2.70213536E-03 1.56114387E+00 6.87645214E-03
-2.70169038E-03 1.56114521E+00 6.90345313E-03
-2.70124296E-03 1.56114699E+00 6.93034642E-03
-2.70079086E-03 1.56114792E+00 6.95725517E-03
-2.70033621E-03 1.56114931E+00 6.98406136E-03
-2.69987916E-03 1.56115121E+00 7.01075991E-03
-2.69941236E-03 1.56115472E+00 7.03841877E-03
-2.69894073E-03 1.56115913E+00 7.06630078E-03
-2.69846639E-03 1.56116391E+00 7.09407218E-03
-2.69798940E-03 1.56116912E+00 7.12173141E-03
-2.69750921E-03 1.56117453E+00 7.14930507E-03
-2.69702439E-03 1.56117927E+00 7.17687429E-03
-2.69653723E-03 1.56118471E+00 7.20431422E-03
-2.69604742E-03 1.56119065E+00 7.23164394E-03
-2.69555503E-03 1.56119713E+00 7.25886179E-03
-2.69505404E-03 1.56120510E+00 7.28684719E-03
-2.69454701E-03 1.56121435E+00 7.31523125E-03
-2.69403677E-03 1.56122381E+00 7.34351877E-03
-2.69352125E-03 1.56123247E+00 7.37181266E-03
-2.69300284E-03 1.56124164E+00 7.39998980E-03
-2.69248153E-03 1.56125126E+00 7.42805434E-03
-2.69195734E-03 1.56126138E+00 7.45600566E-03
-2.69142999E-03 1.56127183E+00 7.48386050E-03
-2.69090020E-03 1.56128303E+00 7.51158244E-03
-2.69036300E-03 1.56129560E+00 7.53987637E-03
-2.68981695E-03 1.56130899E+00 7.56882722E-03
-2.68926579E-03 1.56132185E+00 7.59775549E-03
-2.68871187E-03 1.56133536E+00 7.62654881E-03
-2.68815439E-03 1.56134912E+00 7.65524570E-03
-2.68759417E-03 1.56136356E+00 7.68380838E-03
-2.68703051E-03 1.56137831E+00 7.71227218E-03
-2.68646416E-03 1.56139379E+00 7.74060169E-03
-2.68589479E-03 1.56140983E+00 7.76881425E-03
-2.68531663E-03 1.56142587E+00 7.79752481E-03
-2.68472846E-03 1.56144321E+00 7.82706245E-03
-2.68413691E-03 1.56146098E+00 7.85648092E-03
-2.68354196E-03 1.56147920E+00 7.88578087E-03
-2.68294362E-03 1.56149789E+00 7.91496302E-03
-2.68234194E-03 1.56151707E+00 7.94402612E-03
-2.68173735E-03 1.56153696E+00 7.97295275E-03
-2.68112879E-03 1.56155705E+00 8.00179238E-03
-2.68051410E-03 1.56157651E+00 8.03063859E-03
-2.67989401E-03 1.56159688E+00 8.05967960E-03
-2.67926307E-03 1.56161902E+00 8.08971272E-03
-2.67862889E-03 1.56164180E+00 8.11960715E-03
-2.67799068E-03 1.56166486E+00 8.14939786E-03
-2.67734922E-03 1.56168857E+00 8.17905123E-03
-2.67670389E-03 1.56171263E+00 8.20859803E-03
-2.67605531E-03 1.56173738E+00 8.23800892E-03
-2.67539895E-03 1.56176094E+00 8.26747929E-03
-2.67473940E-03 1.56178523E+00 8.29681395E-03
-2.67407524E-03 1.56181011E+00 8.32615976E-03
-2.67339958E-03 1.56183733E+00 8.35666071E-03
-2.67272006E-03 1.56186502E+00 8.38703748E-03
-2.67203666E-03 1.56189318E+00 8.41729112E-03
-2.67134901E-03 1.56192167E+00 8.44743749E-03
-2.67065758E-03 1.56195070E+00 8.47745886E-03
-2.66995846E-03 1.56197882E+00 8.50751355E-03
-2.66925546E-03 1.56200747E+00 8.53744672E-03
-2.66854874E-03 1.56203671E+00 8.56725516E-03
-2.66783741E-03 1.56206621E+00 8.59697303E-03
-2.66711535E-03 1.56209857E+00 8.62785186E-03
-2.66638775E-03 1.56213111E+00 8.65871482E-03
-2.66565645E-03 1.56216430E+00 8.68943600E-03
-2.66492037E-03 1.56219775E+00 8.72005746E-03
-2.66417662E-03 1.56223050E+00 8.75069025E-03
-2.66342807E-03 1.56226350E+00 8.78122698E-03
-2.66267570E-03 1.56229718E+00 8.81162635E-03
-2.66191888E-03 1.56233129E+00 8.84191591E-03
-2.66115842E-03 1.56236614E+00 8.87206557E-03
-2.66038664E-03 1.56240293E+00 8.90325550E-03
-2.65960934E-03 1.56244071E+00 8.93456247E-03
-2.65882717E-03 1.56247883E+00 8.96575872E-03
-2.65803642E-03 1.56251607E+00 8.99698433E-03
-2.65724098E-03 1.56255376E+00 9.02809169E-03
-2.65644150E-03 1.56259212E+00 9.05905914E-03
-2.65563655E-03 1.56263064E+00 9.08994190E-03
-2.65482752E-03 1.56266984E+00 9.12068678E-03
-2.65401390E-03 1.56270953E+00 9.15131703E-03
-2.65319050E-03 1.56275111E+00 9.18277991E-03
-2.65235979E-03 1.56279376E+00 9.21456723E-03
-2.65152128E-03 1.56283596E+00 9.24633550E-03
-2.65067710E-03 1.56287840E+00 9.27800830E-03
-2.64982774E-03 1.56292122E+00 9.30956913E-03
-2.64897329E-03 1.56296445E+00 9.34101637E-03
-2.64811379E-03 1.56300811E+00 9.37234957E-03
-2.64724927E-03 1.56305222E+00 9.40356830E-03
-2.64637982E-03 1.56309682E+00 9.43467103E-03
-2.64550211E-03 1.56314323E+00 9.46639981E-03
-2.64461400E-03 1.56319043E+00 9.49870755E-03
-2.64371822E-03 1.56323739E+00 9.53097366E-03
-2.64281704E-03 1.56328475E+00 9.56312334E-03
-2.64191039E-03 1.56333250E+00 9.59515852E-03
-2.64099909E-03 1.56338090E+00 9.62705236E-03
-2.64008170E-03 1.56342952E+00 9.65885568E-03
-2.63915971E-03 1.56347882E+00 9.69051793E-03
-2.63823170E-03 1.56352837E+00 9.72208824E-03
-2.63729548E-03 1.56357923E+00 9.75412508E-03
-2.63634687E-03 1.56363099E+00 9.78695520E-03
-2.63539174E-03 1.56368291E+00 9.81969306E-03
-2.63443161E-03 1.56373546E+00 9.85228840E-03
-2.63346493E-03 1.56378818E+00 9.88479248E-03
-2.63249329E-03 1.56384156E+00 9.91715440E-03
-2.63151535E-03 1.56389519E+00 9.94942025E-03
-2.63053238E-03 1.56394948E+00 9.98154677E-03
-2.62954310E-03 1.56400405E+00 1.00135785E-02
-2.62854439E-03 1.56405918E+00 1.00459470E-02
-2.62753316E-03 1.56411569E+00 1.00792739E-02
-2.62651664E-03 1.56417282E+00 1.01124561E-02
-2.62549402E-03 1.56423034E+00 1.01455195E-02
-2.62446533E-03 1.56428829E+00 1.01784640E-02
-2.62342987E-03 1.56434648E+00 1.02113125E-02
-2.62238908E-03 1.56440531E+00 1.02440197E-02
-2.62134160E-03 1.56446441E+00 1.02766300E-02
-2.62028822E-03 1.56452402E+00 1.03091195E-02
-2.61922293E-03 1.56458323E+00 1.03418453E-02
-2.61814787E-03 1.56464495E+00 1.03756171E-02
-2.61706624E-03 1.56470704E+00 1.04092709E-02
-2.61597830E-03 1.56476957E+00 1.04428017E-02
-2.61488320E-03 1.56483234E+00 1.04762344E-02
-2.61378235E-03 1.56489573E+00 1.05095263E-02
-2.61267454E-03 1.56495941E+00 1.05427167E-02
-2.61156043E-03 1.56502356E+00 1.05757858E-02
-2.61043815E-03 1.56508781E+00 1.06087862E-02
-2.60930550E-03 1.56515171E+00 1.06417950E-02
-2.60816285E-03 1.56521841E+00 1.06760397E-02
-2.60701262E-03 1.56528533E+00 1.07101845E-02
-2.60585638E-03 1.56535286E+00 1.07441848E-02
-2.60469264E-03 1.56542065E+00 1.07780845E-02
-2.60352218E-03 1.56548889E+00 1.08118616E-02
-2.60234496E-03 1.56555759E+00 1.08455175E-02
-2.60116108E-03 1.56562676E+00 1.08790510E-02
-2.59996624E-03 1.56569553E+00 1.09125811E-02
-2.59876278E-03 1.56576443E+00 1.09460409E-02
-2.59754982E-03 1.56583579E+00 1.09805923E-02
-2.59632867E-03 1.56590771E+00 1.10152104E-02
-2.59510045E-03 1.56598008E+00 1.10497030E-02
-2.59386500E-03 1.56605286E+00 1.10840743E-02
-2.59262252E-03 1.56612611E+00 1.11183206E-02
-2.59137226E-03 1.56619968E+00 1.11524631E-02
-2.59011497E-03 1.56627372E+00 1.11864816E-02
-2.58884597E-03 1.56634736E+00 1.12204995E-02
-2.58756774E-03 1.56642110E+00 1.12544509E-02
-2.58628059E-03 1.56649696E+00 1.12893153E-02
-2.58498539E-03 1.56657385E+00 1.13244126E-02
-2.58368200E-03 1.56665103E+00 1.13594032E-02
-2.58237114E-03 1.56672866E+00 1.13942682E-02
-2.58105283E-03 1.56680675E+00 1.14290077E-02
-2.57972709E-03 1.56688532E+00 1.14636219E-02
-2.57839244E-03 1.56696407E+00 1.14981503E-02
-2.57704631E-03 1.56704260E+00 1.15326558E-02
-2.57569011E-03 1.56712116E+00 1.15671029E-02
-2.57432531E-03 1.56720151E+00 1.16346075E-02
-2.57295230E-03 1.56728321E+00 1.17234906E-02
-2.57157140E-03 1.56736535E+00 1.18123503E-02
-2.57018190E-03 1.56744780E+00 1.19012201E-02
-2.56878450E-03 1.56753071E+00 1.19900845E-02
-2.56737857E-03 1.56761396E+00 1.20789781E-02
-2.56596493E-03 1.56769771E+00 1.21678776E-02
-2.56453707E-03 1.56778085E+00 1.22569876E-02
-2.56310052E-03 1.56786438E+00 1.23461182E-02
-2.56094426E-03 1.56784779E+00 1.24495870E-02
-2.55794415E-03 1.56771750E+00 1.25716071E-02
-2.55486913E-03 1.56758366E+00 1.26975503E-02
-2.55171892E-03 1.56744665E+00 1.28273995E-02
-2.54847571E-03 1.56730408E+00 1.29615855E-02
-2.54515466E-03 1.56715874E+00 1.30997616E-02
-2.54175604E-03 1.56701102E+00 1.32419337E-02
-2.53802852E-03 1.56685997E+00 1.33884437E-02
-2.53320752E-03 1.56670500E+00 1.35399152E-02
-2.52967421E-03 1.56660985E+00 1.36441264E-02
-2.52875313E-03 1.56663221E+00 1.36464612E-02
-2.52691299E-03 1.56664743E+00 1.36453802E-02
-2.52449741E-03 1.56666095E+00 1.36397823E-02
-2.52202278E-03 1.56667292E+00 1.36292940E-02
-2.51944431E-03 1.56667725E+00 1.36150584E-02
-2.51680928E-03 1.56668103E+00 1.35954487E-02
-2.51410193E-03 1.56668232E+00 1.35708051E-02
-2.51130147E-03 1.56667868E+00 1.35413511E-02
-2.50868919E-03 1.56669818E+00 1.35092874E-02
-2.50693060E-03 1.56679904E+00 1.34865984E-02
-2.50515812E-03 1.56689984E+00 1.34632449E-02
-2.50337551E-03 1.56700107E+00 1.34391402E-02
-2.50158581E-03 1.56710312E+00 1.34141940E-02
-2.49978913E-03 1.56720600E+00 1.33883903E-02
-2.49798575E-03 1.56730976E+00 1.33617102E-02
-2.49617320E-03 1.56741407E+00 1.33341886E-02
-2.49435160E-03 1.56751897E+00 1.33058012E-02
-2.49252420E-03 1.56762494E+00 1.32812271E-02
-2.49067606E-03 1.56773108E+00 1.33188022E-02
-2.48881708E-03 1.56783757E+00 1.33563061E-02
-2.48693797E-03 1.56794327E+00 1.33940041E-02
-2.48504563E-03 1.56804907E+00 1.34316520E-02
-2.48314890E-03 1.56815606E+00 1.34690959E-02
-2.48124251E-03 1.56826358E+00 1.35064303E-02
-2.47932639E-03 1.56837166E+00 1.35436575E-02
-2.47740379E-03 1.56848066E+00 1.35807236E-02
-2.47547500E-03 1.56859061E+00 1.36176258E-02
-2.47352524E-03 1.56870088E+00 1.36557926E-02
-2.47156838E-03 1.56881207E+00 1.36938762E-02
-2.46959897E-03 1.56892349E+00 1.37318896E-02
-2.46761444E-03 1.56903485E+00 1.37699143E-02
-2.46561119E-03 1.56914578E+00 1.38080200E-02
-2.46360067E-03 1.56925758E+00 1.38459819E-02
-2.46158032E-03 1.56936997E+00 1.38838451E-02
-2.45955034E-03 1.56948298E+00 1.39216087E-02
-2.45751374E-03 1.56959695E+00 1.39592258E-02
-2.45546119E-03 1.56971132E+00 1.39978094E-02
-2.45339655E-03 1.56982616E+00 1.40365583E-02
-2.45132163E-03 1.56994153E+00 1.40752074E-02
-2.44923929E-03 1.57005775E+00 1.41137127E-02
-2.44714705E-03 1.57017455E+00 1.41521164E-02
-2.44503043E-03 1.57029035E+00 1.41907411E-02
-2.44289889E-03 1.57040621E+00 1.42293561E-02
-2.44076040E-03 1.57052299E+00 1.42678079E-02
-2.43861212E-03 1.57064041E+00 1.43061443E-02
-2.43644928E-03 1.57075872E+00 1.43452304E-02
-2.43427173E-03 1.57087753E+00 1.43846528E-02
-2.43208623E-03 1.57099716E+00 1.44239113E-02
-2.42989021E-03 1.57111736E+00 1.44630480E-02
-2.42768395E-03 1.57123816E+00 1.45020602E-02
-2.42547041E-03 1.57135986E+00 1.45409037E-02
-2.42324712E-03 1.57148220E+00 1.45796186E-02
-2.42099362E-03 1.57160317E+00 1.46185780E-02
-2.41872835E-03 1.57172462E+00 1.46574404E-02
-2.41645019E-03 1.57184666E+00 1.46969634E-02
-2.41415769E-03 1.57196912E+00 1.47370651E-02
-2.41185403E-03 1.57209214E+00 1.47770492E-02
-2.40953938E-03 1.57221573E+00 1.48169150E-02
-2.40721710E-03 1.57234022E+00 1.48566141E-02
-2.40488422E-03 1.57246533E+00 1.48961937E-02
-2.40254133E-03 1.57259111E+00 1.49356468E-02
-2.40018591E-03 1.57271733E+00 1.49750127E-02
-2.39782368E-03 1.57284453E+00 1.50142186E-02
-2.39542561E-03 1.57297034E+00 1.50543177E-02
-2.39301074E-03 1.57309668E+00 1.50950840E-02
-2.39058412E-03 1.57322355E+00 1.51357417E-02
-2.38814920E-03 1.57335126E+00 1.51762416E-02
-2.38570324E-03 1.57347956E+00 1.52166265E-02
-2.38324641E-03 1.57360848E+00 1.52568958E-02
-2.38077921E-03 1.57373805E+00 1.52970443E-02
-2.37830182E-03 1.57386830E+00 1.53370717E-02
-2.37581441E-03 1.57399924E+00 1.53769778E-02
-2.37331521E-03 1.57413088E+00 1.54171673E-02
-2.37079546E-03 1.57426274E+00 1.54584052E-02
-2.36824304E-03 1.57439335E+00 1.54998191E-02
-2.36568281E-03 1.57452488E+00 1.55410470E-02
-2.36310820E-03 1.57465679E+00 1.55821830E-02
-2.36051957E-03 1.57478911E+00 1.56232231E-02
-2.35792580E-03 1.57492258E+00 1.56640453E-02
-2.35531860E-03 1.57505652E+00 1.57047675E-02
-2.35270110E-03 1.57519119E+00 1.57453478E-02
-2.35007119E-03 1.57532645E+00 1.57859903E-02
-2.34742079E-03 1.57546183E+00 1.58277738E-02
-2.34476185E-03 1.57559808E+00 1.58693915E-02
-2.34208873E-03 1.57573474E+00 1.59109231E-02
-2.33938693E-03 1.57587061E+00 1.59526795E-02
-2.33667027E-03 1.57600684E+00 1.59943927E-02
-2.33393951E-03 1.57614352E+00 1.60360156E-02
-2.33119779E-03 1.57628089E+00 1.60775079E-02
-2.32844527E-03 1.57641898E+00 1.61188698E-02
-2.32567956E-03 1.57655759E+00 1.61601360E-02
-2.32289731E-03 1.57669716E+00 1.62027426E-02
-2.32009999E-03 1.57683712E+00 1.62452543E-02
-2.31729390E-03 1.57697796E+00 1.62875849E-02
-2.31447366E-03 1.57711925E+00 1.63298080E-02
-2.31163951E-03 1.57726104E+00 1.63719226E-02
-2.30878702E-03 1.57740294E+00 1.64140204E-02
-2.30590601E-03 1.57754421E+00 1.64562401E-02
-2.30301115E-03 1.57768600E+00 1.64983490E-02
-2.30010833E-03 1.57782877E+00 1.65402727E-02
-2.29718512E-03 1.57797152E+00 1.65835161E-02
-2.29424723E-03 1.57811475E+00 1.66268577E-02
-2.29129715E-03 1.57825863E+00 1.66700533E-02
-2.28833527E-03 1.57840320E+00 1.67130996E-02
-2.28536176E-03 1.57854847E+00 1.67559967E-02
-2.28237439E-03 1.57869428E+00 1.67987738E-02
-2.27937339E-03 1.57884066E+00 1.68414299E-02
-2.27636035E-03 1.57898771E+00 1.68839549E-02
-2.27331166E-03 1.57913370E+00 1.69267501E-02
-2.27024156E-03 1.57928005E+00 1.69704507E-02
-2.26715621E-03 1.57942700E+00 1.70143793E-02
-2.26405808E-03 1.57957461E+00 1.70581593E-02
-2.26086415E-03 1.57972279E+00 1.71018413E-02
-2.25765161E-03 1.57987188E+00 1.71453376E-02
-2.25442461E-03 1.58002153E+00 1.71887136E-02
-2.25118351E-03 1.58017173E+00 1.72319686E-02
-2.24793144E-03 1.58032273E+00 1.72750629E-02
-2.24466596E-03 1.58047436E+00 1.73180303E-02
-2.24137791E-03 1.58062624E+00 1.73620044E-02
-2.23806063E-03 1.58077783E+00 1.74067828E-02
-2.23471497E-03 1.58092905E+00 1.74516427E-02
-2.23135370E-03 1.58108076E+00 1.74963884E-02
-2.22797722E-03 1.58123303E+00 1.75410098E-02
-2.22459160E-03 1.58138622E+00 1.75854438E-02
-2.22119142E-03 1.58154001E+00 1.76297500E-02
-2.21777702E-03 1.58169440E+00 1.76739319E-02
-2.21434878E-03 1.58184943E+00 1.77179850E-02
-2.21090388E-03 1.58200503E+00 1.77625729E-02
-2.20743427E-03 1.58216070E+00 1.78078839E-02
-2.20395487E-03 1.58231726E+00 1.78530051E-02
-2.20046054E-03 1.58247440E+00 1.78979951E-02
-2.19692410E-03 1.58263028E+00 1.79432855E-02
-2.19337073E-03 1.58278661E+00 1.79884794E-02
-2.18980237E-03 1.58294355E+00 1.80335357E-02
-2.18621935E-03 1.58310109E+00 1.80784602E-02
-2.18262779E-03 1.58325963E+00 1.81231811E-02
-2.17901157E-03 1.58341838E+00 1.81684028E-02
-2.17537467E-03 1.58357777E+00 1.82146236E-02
-2.17172761E-03 1.58373805E+00 1.82606411E-02
-2.16805956E-03 1.58389859E+00 1.83065798E-02
-2.16438194E-03 1.58406006E+00 1.83523132E-02
-2.16068412E-03 1.58422184E+00 1.83979624E-02
-2.15696892E-03 1.58438408E+00 1.84435145E-02
-2.15321676E-03 1.58454559E+00 1.84892439E-02
-2.14944682E-03 1.58470757E+00 1.85348676E-02
-2.14565835E-03 1.58486995E+00 1.85807144E-02
-2.14185030E-03 1.58503260E+00 1.86278069E-02
-2.13802020E-03 1.58519549E+00 1.86748234E-02
-2.13417987E-03 1.58535930E+00 1.87216361E-02
-2.13032109E-03 1.58552357E+00 1.87683369E-02
-2.12644707E-03 1.58568847E+00 1.88148929E-02
-2.12256093E-03 1.58585419E+00 1.88612725E-02
-2.11866019E-03 1.58602058E+00 1.89075068E-02
-2.11473988E-03 1.58618738E+00 1.89536473E-02
-2.11079514E-03 1.58635431E+00 1.89998849E-02
-2.10680143E-03 1.58652050E+00 1.90477368E-02
-2.10279391E-03 1.58668743E+00 1.90954138E-02
-2.09876411E-03 1.58685465E+00 1.91430097E-02
-2.09472404E-03 1.58702280E+00 1.91904005E-02
-2.09066826E-03 1.58719160E+00 1.92376425E-02
-2.08659707E-03 1.58736105E+00 1.92847380E-02
-2.08250531E-03 1.58753089E+00 1.93317394E-02
-2.07840454E-03 1.58770174E+00 1.93785314E-02
-2.07428397E-03 1.58787300E+00 1.94252286E-02
-2.07013698E-03 1.58804447E+00 1.94736496E-02
-2.06596968E-03 1.58821634E+00 1.95221023E-02
-2.06177101E-03 1.58838803E+00 1.95705912E-02
-2.05753933E-03 1.58855945E+00 1.96191341E-02
-2.05329127E-03 1.58873151E+00 1.96675229E-02
-2.04902736E-03 1.58890426E+00 1.97157495E-02
-2.04474792E-03 1.58907770E+00 1.97638148E-02
-2.04044757E-03 1.58925156E+00 1.98117771E-02
-2.03613256E-03 1.58942617E+00 1.98595740E-02
-2.03179189E-03 1.58960096E+00 1.99085065E-02
-2.02743409E-03 1.58977638E+00 1.99575979E-02
-2.02305426E-03 1.58995217E+00 2.00065861E-02
-2.01865852E-03 1.59012865E+00 2.00554074E-02
-2.01424715E-03 1.59030583E+00 2.01040629E-02
-2.00980479E-03 1.59048292E+00 2.01527615E-02
-2.00532482E-03 1.59065960E+00 2.02015863E-02
-2.00082339E-03 1.59083673E+00 2.02503079E-02
-1.99630685E-03 1.59101460E+00 2.02988656E-02
-1.99176631E-03 1.59119307E+00 2.03485504E-02
-1.98720058E-03 1.59137194E+00 2.03987824E-02
-1.98262362E-03 1.59155174E+00 2.04487939E-02
-1.97802452E-03 1.59173198E+00 2.04986892E-02
-1.97340373E-03 1.59191266E+00 2.05484670E-02
-1.96877271E-03 1.59209432E+00 2.05980212E-02
-1.96412082E-03 1.59227648E+00 2.06474541E-02
-1.95945399E-03 1.59245939E+00 2.06967112E-02
-1.95475502E-03 1.59264224E+00 2.07459900E-02
-1.95000736E-03 1.59282408E+00 2.07964108E-02
-1.94523157E-03 1.59300596E+00 2.08476232E-02
-1.94043828E-03 1.59318852E+00 2.08986537E-02
-1.93562777E-03 1.59337179E+00 2.09495038E-02
-1.93080032E-03 1.59355574E+00 2.10001751E-02
-1.92595092E-03 1.59374021E+00 2.10507098E-02
-1.92108538E-03 1.59392542E+00 2.11010626E-02
-1.91620424E-03 1.59411140E+00 2.11512282E-02
-1.91130234E-03 1.59429794E+00 2.12012563E-02
-1.90637857E-03 1.59448512E+00 2.12518000E-02
-1.90142856E-03 1.59467285E+00 2.13032635E-02
-1.89644770E-03 1.59486068E+00 2.13546950E-02
-1.89141792E-03 1.59504776E+00 2.14063718E-02
-1.88637105E-03 1.59523559E+00 2.14578679E-02
-1.88130128E-03 1.59542389E+00 2.15092444E-02
-1.87621519E-03 1.59561298E+00 2.15604388E-02
-1.87110733E-03 1.59580260E+00 2.16115038E-02
-1.86598384E-03 1.59599301E+00 2.16623880E-02
-1.86084053E-03 1.59618400E+00 2.17136742E-02
-1.85566195E-03 1.59637485E+00 2.17665410E-02
-1.85046596E-03 1.59656642E+00 2.18192155E-02
-1.84524741E-03 1.59675851E+00 2.18717449E-02
-1.84001214E-03 1.59695136E+00 2.19240814E-02
-1.83476070E-03 1.59714499E+00 2.19762190E-02
-1.82944570E-03 1.59733739E+00 2.20286481E-02
-1.82411527E-03 1.59753060E+00 2.20808799E-02
-1.81875687E-03 1.59772413E+00 2.21330134E-02
-1.81338088E-03 1.59791841E+00 2.21851557E-02
-1.80797118E-03 1.59811273E+00 2.22386961E-02
-1.80253776E-03 1.59830758E+00 2.22920887E-02
-1.79709220E-03 1.59850339E+00 2.23452401E-02
-1.79161821E-03 1.59869954E+00 2.23982869E-02
-1.78612745E-03 1.59889649E+00 2.24511338E-02
-1.78062015E-03 1.59909423E+00 2.25037833E-02
-1.77509135E-03 1.59929259E+00 2.25562782E-02
-1.76954155E-03 1.59949159E+00 2.26086167E-02
-1.76394812E-03 1.59969033E+00 2.26610498E-02
-1.75829928E-03 1.59988849E+00 2.27157942E-02
-1.75263066E-03 1.60008735E+00 2.27703799E-02
-1.74693803E-03 1.60028676E+00 2.28248079E-02
-1.74122201E-03 1.60048674E+00 2.28790729E-02
-1.73548875E-03 1.60068752E+00 2.29331279E-02
-1.72973269E-03 1.60088888E+00 2.29870235E-02
-1.72395485E-03 1.60109090E+00 2.30407470E-02
-1.71816085E-03 1.60129375E+00 2.30942610E-02
-1.71234592E-03 1.60149728E+00 2.31476016E-02
-1.70649352E-03 1.60170043E+00 2.32025942E-02
-1.70061791E-03 1.60190411E+00 2.32577142E-02
-1.69471907E-03 1.60210838E+00 2.33126635E-02
-1.68875046E-03 1.60231152E+00 2.33679428E-02
-1.68276390E-03 1.60251546E+00 2.34230141E-02
-1.67675393E-03 1.60272001E+00 2.34779239E-02
-1.67072688E-03 1.60292541E+00 2.35326241E-02
-1.66467165E-03 1.60313126E+00 2.35872057E-02
-1.65860033E-03 1.60333799E+00 2.36415753E-02
-1.65249048E-03 1.60354499E+00 2.36972304E-02
-1.64636480E-03 1.60375296E+00 2.37531760E-02
-1.64013637E-03 1.60396134E+00 2.38090383E-02
-1.63376733E-03 1.60417021E+00 2.38648278E-02
-1.62738633E-03 1.60438008E+00 2.39203618E-02
-1.62098275E-03 1.60459060E+00 2.39757249E-02
-1.61452983E-03 1.60480083E+00 2.40311876E-02
-1.60803498E-03 1.60501102E+00 2.40867114E-02
-1.60151171E-03 1.60522168E+00 2.41421062E-02
-1.59495347E-03 1.60543257E+00 2.41987435E-02
-1.58836540E-03 1.60564388E+00 2.42561847E-02
-1.58174674E-03 1.60585561E+00 2.43134876E-02
-1.57510950E-03 1.60606816E+00 2.43705602E-02
-1.56844840E-03 1.60628136E+00 2.44274477E-02
-1.56176401E-03 1.60649524E+00 2.44841430E-02
-1.55505679E-03 1.60670980E+00 2.45406502E-02
-1.54832730E-03 1.60692506E+00 2.45969649E-02
-1.54158148E-03 1.60714122E+00 2.46530482E-02
-1.53479271E-03 1.60735758E+00 2.47098727E-02
-1.52793586E-03 1.60757323E+00 2.47677905E-02
-1.52103028E-03 1.60778870E+00 2.48257047E-02
-1.51410559E-03 1.60800501E+00 2.48833943E-02
-1.50716215E-03 1.60822217E+00 2.49408592E-02
-1.50018875E-03 1.60843979E+00 2.49981905E-02
-1.49319763E-03 1.60865831E+00 2.50552890E-02
-1.48617775E-03 1.60887736E+00 2.51122467E-02
-1.47914100E-03 1.60909731E+00 2.51689780E-02
-1.47207188E-03 1.60931780E+00 2.52263615E-02
-1.46494758E-03 1.60953824E+00 2.52854548E-02
-1.45781517E-03 1.60975986E+00 2.53442359E-02
-1.45065313E-03 1.60998199E+00 2.54028564E-02
-1.44346202E-03 1.61020466E+00 2.54613166E-02
-1.43619845E-03 1.61042667E+00 2.55200176E-02
-1.42889837E-03 1.61064903E+00 2.55786034E-02
-1.42158647E-03 1.61087245E+00 2.56369029E-02
-1.41424563E-03 1.61109644E+00 2.56950375E-02
-1.40687780E-03 1.61132101E+00 2.57533626E-02
-1.39946422E-03 1.61154545E+00 2.58132844E-02
-1.39201927E-03 1.61177044E+00 2.58730273E-02
-1.38455462E-03 1.61199626E+00 2.59325270E-02
-1.37705960E-03 1.61222262E+00 2.59918563E-02
-1.36954601E-03 1.61244989E+00 2.60509381E-02
-1.36200314E-03 1.61267773E+00 2.61098552E-02
-1.35443164E-03 1.61290617E+00 2.61686083E-02
-1.34684822E-03 1.61313568E+00 2.62270652E-02
-1.33917166E-03 1.61336385E+00 2.62853303E-02
-1.33144711E-03 1.61359276E+00 2.63452560E-02
-1.32369457E-03 1.61382235E+00 2.64049208E-02
-1.31591483E-03 1.61405266E+00 2.64643083E-02
-1.30811412E-03 1.61428387E+00 2.65233832E-02
-1.30027561E-03 1.61451552E+00 2.65822394E-02
-1.29242875E-03 1.61474840E+00 2.66407018E-02
-1.28454542E-03 1.61498178E+00 2.66989273E-02
-1.27664319E-03 1.61521610E+00 2.67568177E-02
-1.26870605E-03 1.61545098E+00 2.68144505E-02
-1.26072899E-03 1.61568629E+00 2.68746051E-02
-1.25271080E-03 1.61592202E+00 2.69348745E-02
-1.24467175E-03 1.61615874E+00 2.69948774E-02
-1.23656164E-03 1.61639567E+00 2.70551078E-02
-1.22840774E-03 1.61663304E+00 2.71154586E-02
-1.22022215E-03 1.61687098E+00 2.71758280E-02
-1.21201765E-03 1.61710980E+00 2.72361594E-02
-1.20378263E-03 1.61734920E+00 2.72965305E-02
-1.19552976E-03 1.61758951E+00 2.73568815E-02
-1.18722250E-03 1.61782964E+00 2.74191749E-02
-1.17888651E-03 1.61807035E+00 2.74818591E-02
-1.17051920E-03 1.61831164E+00 2.75444292E-02
-1.16212124E-03 1.61855351E+00 2.76068841E-02
-1.15369364E-03 1.61879601E+00 2.76692127E-02
-1.14524841E-03 1.61903942E+00 2.77313485E-02
-1.13677471E-03 1.61928346E+00 2.77933565E-02
-1.12827359E-03 1.61952818E+00 2.78552260E-02
-1.11968855E-03 1.61977220E+00 2.79156059E-02
-1.11104640E-03 1.62001626E+00 2.79769484E-02
-1.10236102E-03 1.62026078E+00 2.80386531E-02
-1.09365638E-03 1.62050627E+00 2.80997903E-02
-1.08490783E-03 1.62075217E+00 2.81604584E-02
-1.07614179E-03 1.62099914E+00 2.82205262E-02
-1.06734605E-03 1.62124687E+00 2.82800443E-02
-1.05852176E-03 1.62149542E+00 2.83389909E-02
-1.04968198E-03 1.62174511E+00 2.83973054E-02
-1.04080321E-03 1.62199541E+00 2.84550654E-02
-1.03187563E-03 1.62224624E+00 2.85143259E-02
-1.02292208E-03 1.62249825E+00 2.85753244E-02
-1.01380764E-03 1.62275147E+00 2.86364426E-02
-1.00452622E-03 1.62300679E+00 2.86976885E-02
-9.95171853E-04 1.62326284E+00 2.87597792E-02
-9.85768316E-04 1.62351954E+00 2.88225180E-02
-9.76342677E-04 1.62377686E+00 2.88853060E-02
-9.66882142E-04 1.62403450E+00 2.89482007E-02
-9.57401352E-04 1.62429280E+00 2.90111183E-02
-9.47873755E-04 1.62455090E+00 2.90755237E-02
-9.38286023E-04 1.62480846E+00 2.91419547E-02
-9.28660255E-04 1.62506657E+00 2.92078737E-02
-9.19010616E-04 1.62532552E+00 2.92732256E-02
-9.09324728E-04 1.62558505E+00 2.93380842E-02
-8.99616659E-04 1.62584543E+00 2.94024054E-02
-8.89887118E-04 1.62610670E+00 2.94661916E-02
-8.80111209E-04 1.62636833E+00 2.95295722E-02
-8.70328537E-04 1.62663113E+00 2.95923868E-02
-8.60488769E-04 1.62689407E+00 2.96550402E-02
-8.50581721E-04 1.62715705E+00 2.97180280E-02
-8.40630511E-04 1.62742125E+00 2.97805141E-02
-8.30599981E-04 1.62768703E+00 2.98424133E-02
-8.20527734E-04 1.62795342E+00 2.99043136E-02
-8.10430823E-04 1.62822068E+00 2.99661667E-02
-8.00310173E-04 1.62848882E+00 3.00279683E-02
-7.90151096E-04 1.62875760E+00 3.00897621E-02
-7.79970405E-04 1.62902726E+00 3.01514957E-02
-7.69753783E-04 1.62929766E+00 3.02135784E-02
-7.59461785E-04 1.62956857E+00 3.02788579E-02
-7.49143530E-04 1.62984013E+00 3.03441038E-02
-7.38784642E-04 1.63011209E+00 3.04093512E-02
-7.28408769E-04 1.63038484E+00 3.04745025E-02
-7.17994130E-04 1.63065803E+00 3.05396198E-02
-7.07564137E-04 1.63093205E+00 3.06046038E-02
-6.97082548E-04 1.63120629E+00 3.06695751E-02
-6.86594836E-04 1.63148151E+00 3.07343446E-02
-6.76072431E-04 1.63175726E+00 3.07990056E-02
-6.65446523E-04 1.63203304E+00 3.08659386E-02
-6.54805662E-04 1.63230974E+00 3.09325338E-02
-6.44109192E-04 1.63258710E+00 3.09987210E-02
-6.33344301E-04 1.63286549E+00 3.10642963E-02
-6.22542288E-04 1.63314442E+00 3.11295117E-02
-6.11722308E-04 1.63342422E+00 3.11943259E-02
-6.00858397E-04 1.63370447E+00 3.12588605E-02
-5.89978592E-04 1.63398563E+00 3.13230521E-02
-5.79066099E-04 1.63426741E+00 3.13869968E-02
-5.68073432E-04 1.63454977E+00 3.14521127E-02
-5.57028430E-04 1.63483258E+00 3.15174562E-02
-5.45965096E-04 1.63511624E+00 3.15826967E-02
-5.34859726E-04 1.63540038E+00 3.16479215E-02
-5.23723508E-04 1.63568511E+00 3.17131202E-02
-5.12567512E-04 1.63597058E+00 3.17782725E-02
-5.01385871E-04 1.63625667E+00 3.18434096E-02
-4.90181338E-04 1.63654340E+00 3.19085446E-02
-4.78940332E-04 1.63683052E+00 3.19737408E-02
-4.67626846E-04 1.63711882E+00 3.20403827E-02
-4.56244983E-04 1.63740769E+00 3.21074306E-02
-4.44849019E-04 1.63769733E+00 3.21741136E-02
-4.33424734E-04 1.63798756E+00 3.22404409E-02
-4.21958499E-04 1.63827817E+00 3.23064182E-02
-4.10437669E-04 1.63856998E+00 3.23719558E-02
-3.98772508E-04 1.63886384E+00 3.24370419E-02
-3.86848372E-04 1.63916053E+00 3.25016015E-02
-3.74885246E-04 1.63945769E+00 3.25661202E-02
-3.62857235E-04 1.63975586E+00 3.26330473E-02
-3.50744454E-04 1.64005453E+00 3.27017636E-02
-3.38601784E-04 1.64035375E+00 3.27702792E-02
-3.26440336E-04 1.64065366E+00 3.28385624E-02
-3.14229946E-04 1.64095388E+00 3.29067026E-02
-3.02002602E-04 1.64125480E+00 3.29746109E-02
-2.89738424E-04 1.64155619E+00 3.30423426E-02
-2.77448742E-04 1.64185818E+00 3.31098694E-02
-2.65123751E-04 1.64216070E+00 3.31772087E-02
-2.52715959E-04 1.64246349E+00 3.32457462E-02
-2.40249742E-04 1.64276712E+00 3.33156427E-02
-2.27732931E-04 1.64307114E+00 3.33852612E-02
-2.15186170E-04 1.64337583E+00 3.34545401E-02
-2.02610390E-04 1.64368120E+00 3.35234840E-02
-1.90006723E-04 1.64398724E+00 3.35921011E-02
-1.77376139E-04 1.64429396E+00 3.36603960E-02
-1.64700023E-04 1.64460116E+00 3.37284260E-02
-1.52008597E-04 1.64490921E+00 3.37961088E-02
-1.39256338E-04 1.64521792E+00 3.38643032E-02
-1.26396552E-04 1.64552732E+00 3.39340799E-02
-1.13507444E-04 1.64583740E+00 3.40035875E-02
-1.00589680E-04 1.64614818E+00 3.40728213E-02
-8.76442821E-05 1.64645967E+00 3.41417838E-02
-7.46630461E-05 1.64677176E+00 3.42105096E-02
-6.16562182E-05 1.64708459E+00 3.42789652E-02
-4.86062501E-05 1.64739794E+00 3.43472091E-02
-3.55333880E-05 1.64771204E+00 3.44151949E-02
-2.24108464E-05 1.64802697E+00 3.44835326E-02
-9.12710851E-06 1.64834285E+00 3.45547075E-02
 4.20011347E-06 1.64865924E+00 3.46256969E-02
 1.75457414E-05 1.64897639E+00 3.46964350E-02
 3.09327612E-05 1.64929406E+00 3.47669864E-02
 4.43481190E-05 1.64961239E+00 3.48373177E-02
 5.78024434E-05 1.64993125E+00 3.49074646E-02
 7.12827461E-05 1.65025078E+00 3.49773935E-02
 8.47881580E-05 1.65057100E+00 3.50470957E-02
 9.83374719E-05 1.65089175E+00 3.51167532E-02
 1.12003698E-04 1.65121359E+00 3.51898472E-02
 1.25711500E-04 1.65153597E+00 3.52626482E-02
 1.39448414E-04 1.65185903E+00 3.53351192E-02
 1.53213467E-04 1.65218277E+00 3.54072596E-02
 1.67028359E-04 1.65250697E+00 3.54791346E-02
 1.80857926E-04 1.65283199E+00 3.55506416E-02
 1.94712469E-04 1.65315774E+00 3.56218150E-02
 2.08817236E-04 1.65348510E+00 3.56927916E-02
 2.23082709E-04 1.65381396E+00 3.57635107E-02
 2.37483199E-04 1.65414323E+00 3.58365765E-02
 2.51947074E-04 1.65447294E+00 3.59096765E-02
 2.66431927E-04 1.65480345E+00 3.59824287E-02
 2.80959214E-04 1.65513455E+00 3.60548927E-02
 2.95516585E-04 1.65546633E+00 3.61270441E-02
 3.10114221E-04 1.65579871E+00 3.61989127E-02
 3.24729407E-04 1.65613192E+00 3.62704390E-02
 3.39383282E-04 1.65646574E+00 3.63416808E-02
 3.54063222E-04 1.65680028E+00 3.64126186E-02
 3.68880418E-04 1.65713650E+00 3.64850833E-02
 3.83765969E-04 1.65747366E+00 3.65578175E-02
 3.98672171E-04 1.65781164E+00 3.66302085E-02
 4.13609239E-04 1.65815035E+00 3.67022837E-02
 4.28597546E-04 1.65848956E+00 3.67741048E-02
 4.43604052E-04 1.65882961E+00 3.68455864E-02
 4.58638866E-04 1.65917039E+00 3.69167555E-02
 4.73712514E-04 1.65951184E+00 3.69876305E-02
 4.88823028E-04 1.65985391E+00 3.70582261E-02
 5.04040015E-04 1.66019731E+00 3.71312344E-02
 5.19334723E-04 1.66054169E+00 3.72055825E-02
 5.34661397E-04 1.66088682E+00 3.72796599E-02
 5.50029286E-04 1.66123254E+00 3.73535054E-02
 5.65427803E-04 1.66157902E+00 3.74270816E-02
 5.80855544E-04 1.66192622E+00 3.75004007E-02
 5.96312321E-04 1.66227417E+00 3.75734553E-02
 6.11808003E-04 1.66262278E+00 3.76462718E-02
 6.27367479E-04 1.66297174E+00 3.77190688E-02
 6.43028897E-04 1.66332151E+00 3.77931064E-02
 6.58784753E-04 1.66367219E+00 3.78683659E-02
 6.74573808E-04 1.66402352E+00 3.79433766E-02
 6.90383184E-04 1.66437567E+00 3.80180934E-02
 7.06237049E-04 1.66472839E+00 3.80925884E-02
 7.22121825E-04 1.66508181E+00 3.81668283E-02
 7.38036827E-04 1.66543593E+00 3.82408078E-02
 7.53993744E-04 1.66579067E+00 3.83145575E-02
 7.69966217E-04 1.66614624E+00 3.83880171E-02
 7.86018729E-04 1.66650295E+00 3.84624090E-02
 8.02498766E-04 1.66686188E+00 3.85388009E-02
 8.19060669E-04 1.66722191E+00 3.86148023E-02
 8.35680251E-04 1.66758246E+00 3.86904871E-02
 8.52320138E-04 1.66794387E+00 3.87657566E-02
 8.69003547E-04 1.66830591E+00 3.88406802E-02
 8.85718044E-04 1.66866873E+00 3.89152204E-02
 9.02474667E-04 1.66903221E+00 3.89894116E-02
 9.19248036E-04 1.66939658E+00 3.90631942E-02
 9.36100110E-04 1.66976176E+00 3.91373153E-02
 9.53097531E-04 1.67012833E+00 3.92133667E-02
 9.70130392E-04 1.67049568E+00 3.92890793E-02
 9.87198053E-04 1.67086381E+00 3.93644553E-02
 1.00431189E-03 1.67123262E+00 3.94395264E-02
 1.02144684E-03 1.67160231E+00 3.95142401E-02
 1.03861468E-03 1.67197280E+00 3.95886242E-02
 1.05582667E-03 1.67234399E+00 3.96627099E-02
 1.07305832E-03 1.67271610E+00 3.97364412E-02
 1.09034302E-03 1.67308912E+00 3.98101764E-02
 1.10778883E-03 1.67346473E+00 3.98865456E-02
 1.12527641E-03 1.67384100E+00 3.99627006E-02
 1.14279361E-03 1.67421803E+00 4.00386119E-02
 1.16033975E-03 1.67459585E+00 4.01142830E-02
 1.17793697E-03 1.67497423E+00 4.01897852E-02
 1.19554975E-03 1.67535348E+00 4.02650301E-02
 1.21320107E-03 1.67573343E+00 4.03400764E-02
 1.23088988E-03 1.67611407E+00 4.04149328E-02
 1.24859228E-03 1.67649560E+00 4.04895437E-02
 1.26648729E-03 1.67687886E+00 4.05673510E-02
 1.28441080E-03 1.67726298E+00 4.06449434E-02
 1.30237050E-03 1.67764775E+00 4.07222221E-02
 1.32036591E-03 1.67803320E+00 4.07991843E-02
 1.33838456E-03 1.67841942E+00 4.08758061E-02
 1.35644897E-03 1.67880623E+00 4.09521437E-02
 1.37475581E-03 1.67919467E+00 4.10282468E-02
 1.39325795E-03 1.67958432E+00 4.11041396E-02
 1.41179553E-03 1.67997474E+00 4.11797159E-02
 1.43050108E-03 1.68036775E+00 4.12567200E-02
 1.44926659E-03 1.68076196E+00 4.13337204E-02
 1.46808353E-03 1.68115681E+00 4.14103980E-02
 1.48692805E-03 1.68155248E+00 4.14867002E-02
 1.50580022E-03 1.68194900E+00 4.15626198E-02
 1.52470983E-03 1.68234625E+00 4.16381942E-02
 1.54365684E-03 1.68274428E+00 4.17134152E-02
 1.56263968E-03 1.68314305E+00 4.17882915E-02
 1.58164670E-03 1.68354268E+00 4.18627917E-02
 1.60080135E-03 1.68394482E+00 4.19396926E-02
 1.62003051E-03 1.68434861E+00 4.20174191E-02
 1.63930976E-03 1.68475307E+00 4.20947988E-02
 1.65860420E-03 1.68515847E+00 4.21717623E-02
 1.67794664E-03 1.68556452E+00 4.22483938E-02
 1.69731470E-03 1.68597145E+00 4.23246334E-02
 1.71670734E-03 1.68637925E+00 4.24004888E-02
 1.73614576E-03 1.68678772E+00 4.24760218E-02
 1.75560727E-03 1.68719707E+00 4.25511770E-02
 1.77518884E-03 1.68760825E+00 4.26279242E-02
 1.79486987E-03 1.68802105E+00 4.27058485E-02
 1.81458746E-03 1.68843464E+00 4.27834033E-02
 1.83432949E-03 1.68884911E+00 4.28605692E-02
 1.85409543E-03 1.68926446E+00 4.29373443E-02
 1.87390589E-03 1.68968051E+00 4.30137953E-02
 1.89373851E-03 1.69009745E+00 4.30898614E-02
 1.91360309E-03 1.69051520E+00 4.31655774E-02
 1.93374543E-03 1.69093523E+00 4.32409480E-02
 1.95416166E-03 1.69135809E+00 4.33171989E-02
 1.97471038E-03 1.69178371E+00 4.33946732E-02
 1.99529202E-03 1.69221019E+00 4.34717827E-02
 2.01590567E-03 1.69263752E+00 4.35485287E-02
 2.03654963E-03 1.69306569E+00 4.36249217E-02
 2.05724555E-03 1.69349455E+00 4.37010081E-02
 2.07794916E-03 1.69392444E+00 4.37766819E-02
 2.09869139E-03 1.69435510E+00 4.38520343E-02
 2.11947218E-03 1.69478654E+00 4.39270576E-02
 2.14032234E-03 1.69521962E+00 4.40027403E-02
 2.16133802E-03 1.69565511E+00 4.40806086E-02
 2.18238937E-03 1.69609138E+00 4.41580723E-02
 2.20345395E-03 1.69652859E+00 4.42350822E-02
 2.22456414E-03 1.69696651E+00 4.43117166E-02
 2.24570779E-03 1.69740519E+00 4.43879618E-02
 2.26687367E-03 1.69784475E+00 4.44637900E-02
 2.28806118E-03 1.69828518E+00 4.45392044E-02
 2.30928126E-03 1.69872642E+00 4.46142250E-02
 2.33055197E-03 1.69916903E+00 4.46892188E-02
 2.35200152E-03 1.69961544E+00 4.47657901E-02
 2.37346399E-03 1.70006282E+00 4.48418745E-02
 2.39496113E-03 1.70051104E+00 4.49175240E-02
 2.41649190E-03 1.70096005E+00 4.49927525E-02
 2.43803357E-03 1.70141004E+00 4.50675110E-02
 2.45966579E-03 1.70186090E+00 4.51419810E-02
 2.48169663E-03 1.70231364E+00 4.52169025E-02
 2.50377387E-03 1.70276717E+00 4.52914697E-02
 2.52586301E-03 1.70322192E+00 4.53656602E-02
 2.54817247E-03 1.70368138E+00 4.54432628E-02
 2.57050814E-03 1.70414182E+00 4.55203860E-02
 2.59286871E-03 1.70460323E+00 4.55970380E-02
 2.61525320E-03 1.70506562E+00 4.56732223E-02
 2.63768226E-03 1.70552881E+00 4.57489959E-02
 2.66013349E-03 1.70599301E+00 4.58243038E-02
 2.68260557E-03 1.70645818E+00 4.58991541E-02
 2.70510817E-03 1.70692426E+00 4.59735772E-02
 2.72762956E-03 1.70739133E+00 4.60475493E-02
 2.75034191E-03 1.70786223E+00 4.61240363E-02
 2.77310566E-03 1.70833439E+00 4.62004664E-02
 2.79589104E-03 1.70880752E+00 4.62764353E-02
 2.81869719E-03 1.70928165E+00 4.63519486E-02
 2.84152297E-03 1.70975674E+00 4.64270166E-02
 2.86438864E-03 1.71023266E+00 4.65016946E-02
 2.88727231E-03 1.71070958E+00 4.65759328E-02
 2.91017261E-03 1.71118746E+00 4.66497466E-02
 2.93309969E-03 1.71166627E+00 4.67231528E-02
 2.95617645E-03 1.71214947E+00 4.67984407E-02
 2.97931429E-03 1.71263477E+00 4.68740389E-02
 3.00291630E-03 1.71312272E+00 4.69492193E-02
 3.02658193E-03 1.71361169E+00 4.70240471E-02
 3.05026488E-03 1.71410175E+00 4.70984765E-02
 3.07397387E-03 1.71459283E+00 4.71725448E-02
 3.09769717E-03 1.71508503E+00 4.72462338E-02
 3.12148967E-03 1.71557779E+00 4.73197155E-02
 3.14530115E-03 1.71607153E+00 4.73928229E-02
 3.16927050E-03 1.71656845E+00 4.74672991E-02
 3.19333297E-03 1.71706783E+00 4.75423351E-02
 3.21740358E-03 1.71756829E+00 4.76168485E-02
 3.24150085E-03 1.71806973E+00 4.76908892E-02
 3.26562435E-03 1.71857213E+00 4.77644676E-02
 3.28975507E-03 1.71907564E+00 4.78375498E-02
 3.31389225E-03 1.71958023E+00 4.79101503E-02
 3.33805430E-03 1.72008580E+00 4.79823104E-02
 3.36222185E-03 1.72059247E+00 4.80539998E-02
 3.38649351E-03 1.72110270E+00 4.81261193E-02
 3.41089240E-03 1.72161652E+00 4.81986944E-02
 3.43530256E-03 1.72213142E+00 4.82707196E-02
 3.45972324E-03 1.72264739E+00 4.83422031E-02
 3.48415382E-03 1.72316444E+00 4.84131468E-02
 3.50904476E-03 1.72368484E+00 4.84841106E-02
 3.53396917E-03 1.72420669E+00 4.85545717E-02
 3.55891789E-03 1.72472959E+00 4.86245810E-02
 3.58388173E-03 1.72525364E+00 4.86941041E-02
 3.60893140E-03 1.72578074E+00 4.87646087E-02
 3.63411229E-03 1.72631268E+00 4.88372227E-02
 3.65931268E-03 1.72684577E+00 4.89092228E-02
 3.68453132E-03 1.72738000E+00 4.89806280E-02
 3.70974968E-03 1.72791554E+00 4.90513942E-02
 3.73498465E-03 1.72845223E+00 4.91215847E-02
 3.76022590E-03 1.72899013E+00 4.91911975E-02
 3.78548204E-03 1.72952920E+00 4.92602530E-02
 3.81074299E-03 1.73006950E+00 4.93287424E-02
 3.83606358E-03 1.73061189E+00 4.93972951E-02
 3.86152598E-03 1.73115932E+00 4.94672705E-02
 3.88698721E-03 1.73170794E+00 4.95366546E-02
 3.91246369E-03 1.73225765E+00 4.96054977E-02
 3.93795361E-03 1.73280842E+00 4.96738146E-02
 3.96348773E-03 1.73335984E+00 4.97417069E-02
 3.98932920E-03 1.73392062E+00 4.98060913E-02
 4.01528625E-03 1.73448611E+00 4.98686760E-02
 4.04124420E-03 1.73505291E+00 4.99306352E-02
 4.06721206E-03 1.73562166E+00 4.99921576E-02
 4.09334923E-03 1.73619832E+00 5.00559644E-02
 4.11948584E-03 1.73677608E+00 5.01194606E-02
 4.14560778E-03 1.73735509E+00 5.01824964E-02
 4.17173377E-03 1.73793520E+00 5.02450257E-02
 4.19784944E-03 1.73851653E+00 5.03069067E-02
 4.22395681E-03 1.73909907E+00 5.03680512E-02
 4.25005786E-03 1.73968284E+00 5.04283746E-02
 4.27615448E-03 1.74026780E+00 5.04877970E-02
 4.30223198E-03 1.74085412E+00 5.05461718E-02
 4.32847605E-03 1.74144735E+00 5.06091476E-02
 4.35472179E-03 1.74204229E+00 5.06717353E-02
 4.38095327E-03 1.74263870E+00 5.07335520E-02
 4.40717900E-03 1.74323660E+00 5.07945597E-02
 4.43428916E-03 1.74381263E+00 5.08678151E-02
 4.46141266E-03 1.74439025E+00 5.09401359E-02
 4.48853860E-03 1.74496953E+00 5.10116963E-02
 4.51572979E-03 1.74554911E+00 5.10843713E-02
 4.54291603E-03 1.74613030E+00 5.11557661E-02
 4.57027374E-03 1.74671669E+00 5.12281003E-02
 4.59765226E-03 1.74730600E+00 5.12993925E-02
 4.62502458E-03 1.74789728E+00 5.13692360E-02
 4.65240161E-03 1.74849042E+00 5.14377445E-02
 4.67975294E-03 1.74908568E+00 5.15048824E-02
 4.70710274E-03 1.74968276E+00 5.15708257E-02
 4.73443436E-03 1.75028185E+00 5.16355824E-02
 4.76174456E-03 1.75088292E+00 5.16992226E-02
 4.78905677E-03 1.75148571E+00 5.17619132E-02
 4.81647515E-03 1.75209505E+00 5.18254342E-02
 4.84396595E-03 1.75270817E+00 5.18891085E-02
 4.87142485E-03 1.75332326E+00 5.19519288E-02
 4.89888956E-03 1.75394215E+00 5.20135387E-02
 4.92651067E-03 1.75458347E+00 5.20704385E-02
 4.95409899E-03 1.75522593E+00 5.21265327E-02
 4.98167058E-03 1.75586937E+00 5.21820035E-02
 5.00923895E-03 1.75651358E+00 5.22369142E-02
 5.03683047E-03 1.75715830E+00 5.22914986E-02
 5.06449552E-03 1.75780936E+00 5.23466455E-02
 5.09221358E-03 1.75846595E+00 5.24016006E-02
 5.11989583E-03 1.75912386E+00 5.24555764E-02
 5.14754167E-03 1.75978308E+00 5.25086523E-02
 5.17515052E-03 1.76044359E+00 5.25608988E-02
 5.20272177E-03 1.76110538E+00 5.26123835E-02
 5.23024192E-03 1.76176861E+00 5.26631154E-02
 5.25772319E-03 1.76243310E+00 5.27132132E-02
 5.28516486E-03 1.76309887E+00 5.27627294E-02
 5.31182352E-03 1.76383087E+00 5.27921077E-02
 5.33639465E-03 1.76473229E+00 5.27670531E-02
 5.36107512E-03 1.76563185E+00 5.27418516E-02
 5.38561578E-03 1.76653201E+00 5.27154516E-02
 5.41000983E-03 1.76743285E+00 5.26874802E-02
 5.43435437E-03 1.76833323E+00 5.26579945E-02
 5.45872929E-03 1.76923180E+00 5.26285471E-02
 5.48295709E-03 1.77012987E+00 5.25994830E-02
 5.50201505E-03 1.77147800E+00 5.24106306E-02
 5.52097309E-03 1.77283566E+00 5.22224519E-02
 5.53979779E-03 1.77421183E+00 5.20346285E-02
 5.55886369E-03 1.77562111E+00 5.18400456E-02
 5.57844903E-03 1.77712402E+00 5.16068995E-02
 5.59773919E-03 1.77863686E+00 5.13683260E-02
 5.61669393E-03 1.78016074E+00 5.11296826E-02
 5.63802176E-03 1.78163431E+00 5.09212671E-02
 5.65927830E-03 1.78309889E+00 5.07104032E-02
 5.68028883E-03 1.78455548E+00 5.04929484E-02
 5.70151962E-03 1.78603789E+00 5.02605310E-02
 5.72337577E-03 1.78758558E+00 5.00368476E-02
 5.74481890E-03 1.78912333E+00 4.98069360E-02
 5.76600380E-03 1.79065444E+00 4.95904989E-02
 5.78859592E-03 1.79216098E+00 4.93834545E-02
 5.81091548E-03 1.79366142E+00 4.91740679E-02
 5.83281251E-03 1.79515416E+00 4.89621487E-02
 5.85455456E-03 1.79664176E+00 4.87542990E-02
 5.87712926E-03 1.79812951E+00 4.85614869E-02
 5.89927411E-03 1.79960820E+00 4.83689693E-02
 5.92117607E-03 1.80112096E+00 4.81671858E-02
 5.94315025E-03 1.80263158E+00 4.79662609E-02
 5.96560462E-03 1.80415852E+00 4.77648657E-02
 5.98748609E-03 1.80568502E+00 4.75611744E-02
 6.00885843E-03 1.80720932E+00 4.73551828E-02
 6.03043219E-03 1.80872287E+00 4.71577601E-02
 6.05236704E-03 1.81021494E+00 4.69757638E-02
 6.07380298E-03 1.81169283E+00 4.67972248E-02
 6.09476226E-03 1.81315627E+00 4.66225931E-02
 6.11601822E-03 1.81462837E+00 4.64479797E-02
 6.13797174E-03 1.81608220E+00 4.62862751E-02
 6.15943367E-03 1.81753249E+00 4.61248725E-02
 6.18040929E-03 1.81897942E+00 4.59634895E-02
 6.20089173E-03 1.82042330E+00 4.58018175E-02
 6.22193376E-03 1.82187212E+00 4.56467629E-02
 6.24287255E-03 1.82331536E+00 4.54948455E-02
 6.26335888E-03 1.82474947E+00 4.53440875E-02
 6.28339781E-03 1.82617476E+00 4.51945931E-02
 6.30328088E-03 1.82762127E+00 4.50388405E-02
 6.32415094E-03 1.82911357E+00 4.48753815E-02
 6.34455866E-03 1.83059821E+00 4.47134229E-02
 6.36449774E-03 1.83207550E+00 4.45529423E-02
 6.38397929E-03 1.83354548E+00 4.43940189E-02
 6.40341046E-03 1.83499602E+00 4.42444775E-02
 6.42353182E-03 1.83640565E+00 4.41171487E-02
 6.44324432E-03 1.83780732E+00 4.39901521E-02
 6.46255327E-03 1.83920126E+00 4.38634615E-02
 6.48172712E-03 1.84060861E+00 4.37332296E-02
 6.50065998E-03 1.84202578E+00 4.35997638E-02
 6.52044251E-03 1.84343791E+00 4.34790936E-02
 6.53994911E-03 1.84484641E+00 4.33586607E-02
 6.55905859E-03 1.84625154E+00 4.32371214E-02
 6.57777259E-03 1.84765346E+00 4.31144511E-02
 6.59608809E-03 1.84905242E+00 4.29905902E-02
 6.61441430E-03 1.85044926E+00 4.28700395E-02
 6.63330640E-03 1.85184109E+00 4.27595424E-02
 6.65206286E-03 1.85323536E+00 4.26490220E-02
 6.67070518E-03 1.85463668E+00 4.25373812E-02
 6.68898402E-03 1.85603122E+00 4.24250296E-02
 6.70691819E-03 1.85741878E+00 4.23134909E-02
 6.72498231E-03 1.85880014E+00 4.22081642E-02
 6.74356924E-03 1.86017611E+00 4.21144861E-02
 6.76181083E-03 1.86154663E+00 4.20202943E-02
 6.77971436E-03 1.86291169E+00 4.19255171E-02
 6.79727738E-03 1.86427155E+00 4.18299804E-02
 6.81466495E-03 1.86563615E+00 4.17318922E-02
 6.83201814E-03 1.86701341E+00 4.16300959E-02
 6.85031705E-03 1.86837622E+00 4.15423246E-02
 6.86837892E-03 1.86973488E+00 4.14550544E-02
 6.88613315E-03 1.87108969E+00 4.13674790E-02
 6.90359260E-03 1.87244032E+00 4.12796912E-02
 6.92073370E-03 1.87378786E+00 4.11913380E-02
 6.93755808E-03 1.87513214E+00 4.11024668E-02
 6.95410322E-03 1.87647304E+00 4.10135150E-02
 6.97175828E-03 1.87779977E+00 4.09428415E-02
 6.98950352E-03 1.87914257E+00 4.08723347E-02
 7.00696470E-03 1.88047594E+00 4.08034227E-02
 7.02413649E-03 1.88180046E+00 4.07359824E-02
 7.04105033E-03 1.88311546E+00 4.06703582E-02
 7.05772342E-03 1.88442065E+00 4.06067241E-02
 7.07412969E-03 1.88571716E+00 4.05445537E-02
 7.09084567E-03 1.88700046E+00 4.04881228E-02
 7.10802561E-03 1.88827297E+00 4.04370912E-02
 7.12498633E-03 1.88954466E+00 4.03846216E-02
 7.14212552E-03 1.89084366E+00 4.03206226E-02
 7.15900746E-03 1.89213878E+00 4.02566690E-02
 7.17563276E-03 1.89343023E+00 4.01927824E-02
 7.19205444E-03 1.89471612E+00 4.01296361E-02
 7.20822075E-03 1.89599855E+00 4.00670282E-02
 7.22425696E-03 1.89727558E+00 4.00065743E-02
 7.24124047E-03 1.89852955E+00 3.99622333E-02
 7.25799961E-03 1.89977873E+00 3.99184290E-02
 7.27452580E-03 1.90102366E+00 3.98750014E-02
 7.29126987E-03 1.90229547E+00 3.98312134E-02
 7.30783878E-03 1.90356372E+00 3.97877275E-02
 7.32421613E-03 1.90482587E+00 3.97449529E-02
 7.34036362E-03 1.90608366E+00 3.97024953E-02
 7.35628794E-03 1.90733700E+00 3.96604750E-02
 7.37198502E-03 1.90858639E+00 3.96188561E-02
 7.38853854E-03 1.90982315E+00 3.95842322E-02
 7.40509342E-03 1.91105689E+00 3.95504722E-02
 7.42144939E-03 1.91228896E+00 3.95165572E-02
 7.43803897E-03 1.91353326E+00 3.94848588E-02
 7.45451220E-03 1.91477943E+00 3.94535255E-02
 7.47076674E-03 1.91602362E+00 3.94223885E-02
 7.48681378E-03 1.91726551E+00 3.93915688E-02
 7.50264864E-03 1.91850550E+00 3.93609595E-02
 7.51827206E-03 1.91974368E+00 3.93305493E-02
 7.53369438E-03 1.92097983E+00 3.93004319E-02
 7.54991144E-03 1.92216638E+00 3.92864127E-02
 7.56639399E-03 1.92332887E+00 3.92797050E-02
 7.58301859E-03 1.92450345E+00 3.92665905E-02
 7.59962550E-03 1.92568527E+00 3.92494366E-02
 7.61605340E-03 1.92686757E+00 3.92311214E-02
 7.63231140E-03 1.92804990E+00 3.92118123E-02
 7.64839296E-03 1.92923260E+00 3.91914510E-02
 7.66439203E-03 1.93041150E+00 3.91720346E-02
 7.68022772E-03 1.93159002E+00 3.91518193E-02
 7.69588696E-03 1.93276897E+00 3.91304774E-02
 7.71137416E-03 1.93394811E+00 3.91080276E-02
 7.72689318E-03 1.93514845E+00 3.90822538E-02
 7.74335722E-03 1.93635255E+00 3.90637344E-02
 7.76007146E-03 1.93754315E+00 3.90506506E-02
 7.77671161E-03 1.93872486E+00 3.90390270E-02
 7.79319113E-03 1.93990175E+00 3.90279420E-02
 7.80952248E-03 1.94107376E+00 3.90173617E-02
 7.82570704E-03 1.94224127E+00 3.90071226E-02
 7.84174612E-03 1.94340461E+00 3.89970715E-02
 7.85764088E-03 1.94456420E+00 3.89870349E-02
 7.87363321E-03 1.94572810E+00 3.89784363E-02
 7.88976317E-03 1.94690452E+00 3.89703946E-02
 7.90574299E-03 1.94807986E+00 3.89628327E-02
 7.92157235E-03 1.94925429E+00 3.89559612E-02
 7.93726108E-03 1.95042757E+00 3.89501109E-02
 7.95296528E-03 1.95159626E+00 3.89470847E-02
 7.96963299E-03 1.95273866E+00 3.89556300E-02
 7.98628934E-03 1.95387237E+00 3.89672383E-02
 8.00281852E-03 1.95500463E+00 3.89779852E-02
 8.01934095E-03 1.95614267E+00 3.89851798E-02
 8.03604809E-03 1.95729868E+00 3.89843232E-02
 8.05263350E-03 1.95845053E+00 3.89843619E-02
 8.06908871E-03 1.95959881E+00 3.89853592E-02
 8.08550872E-03 1.96073974E+00 3.89873619E-02
 8.10186782E-03 1.96187464E+00 3.89901906E-02
 8.11812152E-03 1.96300581E+00 3.89938544E-02
 8.13426520E-03 1.96413362E+00 3.89981488E-02
 8.15030474E-03 1.96525799E+00 3.90029950E-02
 8.16627978E-03 1.96638619E+00 3.90057693E-02
 8.18242145E-03 1.96756141E+00 3.89914527E-02
 8.19854936E-03 1.96873443E+00 3.89772590E-02
 8.21454625E-03 1.96990884E+00 3.89626889E-02
 8.23138638E-03 1.97107684E+00 3.89540442E-02
 8.24841691E-03 1.97224283E+00 3.89486398E-02
 8.26534398E-03 1.97340791E+00 3.89449042E-02
 8.28214579E-03 1.97457320E+00 3.89424928E-02
 8.29899235E-03 1.97573200E+00 3.89445987E-02
 8.31573059E-03 1.97689085E+00 3.89472928E-02
 8.33268965E-03 1.97809717E+00 3.89427954E-02
 8.34952990E-03 1.97930119E+00 3.89384423E-02
 8.36626977E-03 1.98050195E+00 3.89344516E-02
 8.38288824E-03 1.98170092E+00 3.89304215E-02
 8.39950301E-03 1.98289380E+00 3.89287844E-02
 8.41607483E-03 1.98408254E+00 3.89291442E-02
 8.43253970E-03 1.98526989E+00 3.89301511E-02
 8.44890727E-03 1.98645565E+00 3.89319595E-02
 8.46518634E-03 1.98763968E+00 3.89347044E-02
 8.48159916E-03 1.98884709E+00 3.89335803E-02
 8.49802037E-03 1.99005544E+00 3.89330828E-02
 8.51443382E-03 1.99126003E+00 3.89341761E-02
 8.53132102E-03 1.99244542E+00 3.89398582E-02
 8.54887094E-03 1.99360611E+00 3.89515913E-02
 8.56633377E-03 1.99476896E+00 3.89624666E-02
 8.58371764E-03 1.99593371E+00 3.89725414E-02
 8.60106197E-03 1.99709882E+00 3.89821840E-02
 8.61846259E-03 1.99826059E+00 3.89927190E-02
 8.63597486E-03 1.99945187E+00 3.89913532E-02
 8.65345694E-03 2.00065653E+00 3.89855150E-02
 8.67085951E-03 2.00186328E+00 3.89799666E-02
 8.68816948E-03 2.00307276E+00 3.89745604E-02
 8.70540382E-03 2.00428437E+00 3.89695549E-02
 8.72273322E-03 2.00549110E+00 3.89676628E-02
 8.73996969E-03 2.00670073E+00 3.89656562E-02
 8.75713227E-03 2.00791228E+00 3.89637492E-02
 8.77420688E-03 2.00912657E+00 3.89616657E-02
 8.79130072E-03 2.01036965E+00 3.89547185E-02
 8.80839819E-03 2.01163232E+00 3.89446438E-02
 8.82560216E-03 2.01289021E+00 3.89369314E-02
 8.84272972E-03 2.01415006E+00 3.89294570E-02
 8.85976813E-03 2.01541256E+00 3.89220633E-02
 8.87672525E-03 2.01667731E+00 3.89149004E-02
 8.89359730E-03 2.01794466E+00 3.89079195E-02
 8.91038130E-03 2.01921470E+00 3.89011320E-02
 8.92759783E-03 2.02046664E+00 3.89008506E-02
 8.94585999E-03 2.02169361E+00 3.89100513E-02
 8.96413376E-03 2.02294092E+00 3.89154113E-02
 8.98233733E-03 2.02419110E+00 3.89205788E-02
 9.00046730E-03 2.02544435E+00 3.89255096E-02
 9.01853060E-03 2.02670041E+00 3.89302908E-02
 9.03671826E-03 2.02795212E+00 3.89381551E-02
 9.05486501E-03 2.02920597E+00 3.89465463E-02
 9.07296515E-03 2.03046182E+00 3.89552610E-02
 9.09098173E-03 2.03172157E+00 3.89637600E-02
 9.10897372E-03 2.03299656E+00 3.89696515E-02
 9.12695658E-03 2.03430141E+00 3.89695239E-02
 9.14509679E-03 2.03559988E+00 3.89730887E-02
 9.16318379E-03 2.03690100E+00 3.89764625E-02
 9.18121224E-03 2.03820490E+00 3.89794601E-02
 9.19916675E-03 2.03951240E+00 3.89818840E-02
 9.21705352E-03 2.04082324E+00 3.89838439E-02
 9.23488830E-03 2.04213670E+00 3.89855841E-02
 9.25289911E-03 2.04344432E+00 3.89882786E-02
 9.27085166E-03 2.04476217E+00 3.89908735E-02
 9.28873537E-03 2.04611321E+00 3.89945456E-02
 9.30654790E-03 2.04746776E+00 3.89984659E-02
 9.32430592E-03 2.04882493E+00 3.90028646E-02
 9.34197312E-03 2.05018666E+00 3.90072017E-02
 9.35983550E-03 2.05154223E+00 3.90165403E-02
 9.37765267E-03 2.05290008E+00 3.90265061E-02
 9.39540785E-03 2.05426081E+00 3.90367092E-02
 9.41309549E-03 2.05562475E+00 3.90470223E-02
 9.43070925E-03 2.05699350E+00 3.90572262E-02
 9.44820094E-03 2.05838957E+00 3.90653728E-02
 9.46704383E-03 2.05972845E+00 3.90919312E-02
 9.48617226E-03 2.06105577E+00 3.91229672E-02
 9.50524976E-03 2.06238617E+00 3.91542109E-02
 9.52429198E-03 2.06371891E+00 3.91858681E-02
 9.54327156E-03 2.06505540E+00 3.92175461E-02
 9.56225439E-03 2.06639306E+00 3.92502359E-02
 9.58145547E-03 2.06772424E+00 3.92873818E-02
 9.60058874E-03 2.06905941E+00 3.93245986E-02
 9.61964490E-03 2.07042256E+00 3.93804483E-02
 9.63862750E-03 2.07179177E+00 3.94379196E-02
 9.65754240E-03 2.07316476E+00 3.94955015E-02
 9.67653261E-03 2.07453581E+00 3.95554167E-02
 9.69570147E-03 2.07590172E+00 3.96193317E-02
 9.71481940E-03 2.07727062E+00 3.96834901E-02
 9.73390113E-03 2.07864178E+00 3.97481126E-02
 9.75291790E-03 2.08001662E+00 3.98128138E-02
 9.77188391E-03 2.08139446E+00 3.98778030E-02
 9.79097746E-03 2.08274873E+00 3.99705881E-02
 9.81016453E-03 2.08409497E+00 4.00726487E-02
 9.82931853E-03 2.08544261E+00 4.01756872E-02
 9.84841043E-03 2.08679318E+00 4.02792665E-02
 9.86745494E-03 2.08814593E+00 4.03835721E-02
 9.88644462E-03 2.08950132E+00 4.04884633E-02
 9.90566035E-03 2.09084972E+00 4.05985822E-02
 9.92495045E-03 2.09219603E+00 4.07112659E-02
 9.94417815E-03 2.09354522E+00 4.08242737E-02
 9.96333328E-03 2.09488181E+00 4.09639334E-02
 9.98242017E-03 2.09621277E+00 4.11178444E-02
 1.00014685E-02 2.09754517E+00 4.12723152E-02
 1.00208432E-02 2.09886771E+00 4.14322226E-02
 1.00402058E-02 2.10019058E+00 4.15929628E-02
 1.00595462E-02 2.10151409E+00 4.17544095E-02
 1.00788120E-02 2.10284089E+00 4.19158534E-02
 1.00980583E-02 2.10416830E+00 4.20780472E-02
 1.01173846E-02 2.10549379E+00 4.22422912E-02
 1.01370184E-02 2.10676353E+00 4.24668776E-02
 1.01566711E-02 2.10798925E+00 4.27435960E-02
 1.01763006E-02 2.10921551E+00 4.30204279E-02
 1.01958759E-02 2.11044397E+00 4.32969336E-02
 1.02154305E-02 2.11167300E+00 4.35735432E-02
 1.02351758E-02 2.11289704E+00 4.38539217E-02
 1.02554456E-02 2.11409933E+00 4.41409512E-02
 1.02767201E-02 2.11525483E+00 4.44374980E-02
 1.02979920E-02 2.11641159E+00 4.47337280E-02
 1.03193722E-02 2.11749900E+00 4.50598030E-02
 1.03409820E-02 2.11847219E+00 4.54337035E-02
 1.03630478E-02 2.11943322E+00 4.58116612E-02
 1.03851504E-02 2.12039433E+00 4.61884622E-02
 1.04072176E-02 2.12135877E+00 4.65631830E-02
 1.04292608E-02 2.12232611E+00 4.69359605E-02
 1.04513320E-02 2.12329404E+00 4.73074261E-02
 1.04735256E-02 2.12426164E+00 4.76784214E-02
 1.04960616E-02 2.12522190E+00 4.80513043E-02
 1.05187153E-02 2.12614468E+00 4.84644197E-02
 1.05418093E-02 2.12694744E+00 4.90009714E-02
 1.05649005E-02 2.12775351E+00 4.95333870E-02
 1.05879772E-02 2.12856367E+00 5.00616829E-02
 1.06114745E-02 2.12936580E+00 5.05920520E-02
 1.06351049E-02 2.13016826E+00 5.11202452E-02
 1.06587313E-02 2.13097467E+00 5.16443820E-02
 1.06823404E-02 2.13178587E+00 5.21644666E-02
 1.07059612E-02 2.13260085E+00 5.26809766E-02
 1.07298911E-02 2.13337094E+00 5.32164006E-02
 1.07557170E-02 2.13377579E+00 5.39173654E-02
 1.07815119E-02 2.13418618E+00 5.46138748E-02
 1.08073082E-02 2.13460090E+00 5.53065375E-02
 1.08331352E-02 2.13501895E+00 5.59959215E-02
 1.08589779E-02 2.13544118E+00 5.66821035E-02
 1.08851992E-02 2.13585969E+00 5.73717879E-02
 1.09116685E-02 2.13627662E+00 5.80642466E-02
 1.09381817E-02 2.13669647E+00 5.87562817E-02
 1.09646360E-02 2.13712363E+00 5.94468880E-02
 1.09930691E-02 2.13729662E+00 6.03767273E-02
 1.10216422E-02 2.13746564E+00 6.13051990E-02
 1.10508341E-02 2.13761830E+00 6.22315724E-02
 1.10800050E-02 2.13777330E+00 6.31428147E-02
 1.11092286E-02 2.13792789E+00 6.40403629E-02
 1.11384874E-02 2.13808292E+00 6.49245501E-02
 1.11677642E-02 2.13823920E+00 6.57956875E-02
 1.11975068E-02 2.13838548E+00 6.66319201E-02
 1.12275239E-02 2.13852647E+00 6.74340477E-02
 1.12609270E-02 2.13828873E+00 6.82918410E-02
 1.12949214E-02 2.13801756E+00 6.91021854E-02
 1.13289784E-02 2.13778181E+00 6.98490915E-02
 1.13632333E-02 2.13759007E+00 7.05240715E-02
 1.13981183E-02 2.13746954E+00 7.11209668E-02
 1.14330464E-02 2.13740590E+00 7.16815645E-02
 1.14679754E-02 2.13739950E+00 7.22075766E-02
 1.15030050E-02 2.13744731E+00 7.26997330E-02
 1.15380456E-02 2.13755074E+00 7.31598917E-02
 1.15767926E-02 2.13742892E+00 7.38706702E-02
 1.16175640E-02 2.13718118E+00 7.48049579E-02
 1.16584143E-02 2.13695818E+00 7.57552077E-02
 1.16992893E-02 2.13676125E+00 7.67203929E-02
 1.17402746E-02 2.13658911E+00 7.77003038E-02
 1.17812700E-02 2.13644391E+00 7.86936130E-02
 1.18223596E-02 2.13632454E+00 7.97003561E-02
 1.18634882E-02 2.13622947E+00 8.07200613E-02
 1.19054145E-02 2.13601163E+00 8.17888017E-02
 1.19507024E-02 2.13560486E+00 8.32835701E-02
 1.19984444E-02 2.13507180E+00 8.50315896E-02
 1.20462509E-02 2.13455928E+00 8.67263792E-02
 1.20941167E-02 2.13406626E+00 8.83729673E-02
 1.21420774E-02 2.13359082E+00 8.99763661E-02
 1.21901262E-02 2.13313205E+00 9.15405854E-02
 1.22382680E-02 2.13269561E+00 9.30622396E-02
 1.22867850E-02 2.13227938E+00 9.45466795E-02
 1.23354410E-02 2.13186994E+00 9.60143666E-02
 1.23891955E-02 2.13114119E+00 9.78032507E-02
 1.24493213E-02 2.13001327E+00 9.99830667E-02
 1.25095251E-02 2.12889340E+00 1.02130202E-01
 1.25698892E-02 2.12777919E+00 1.04246987E-01
 1.26303575E-02 2.12667104E+00 1.06334286E-01
 1.26910514E-02 2.12556599E+00 1.08394622E-01
 1.27525209E-02 2.12445397E+00 1.10430347E-01
 1.28140477E-02 2.12334795E+00 1.12432263E-01
 1.28756961E-02 2.12224599E+00 1.14401901E-01
 1.29414878E-02 2.12104915E+00 1.16433475E-01
 1.30162345E-02 2.11963749E+00 1.18633725E-01
 1.30910415E-02 2.11822804E+00 1.20793331E-01
 1.31666200E-02 2.11681437E+00 1.22912163E-01
 1.32422725E-02 2.11540456E+00 1.24994531E-01
 1.33179090E-02 2.11400096E+00 1.27040960E-01
 1.33936637E-02 2.11260222E+00 1.29053071E-01
 1.34693852E-02 2.11121188E+00 1.31030634E-01
 1.35488447E-02 2.10984480E+00 1.32909378E-01
 1.36329155E-02 2.10847836E+00 1.34842858E-01
 1.37357568E-02 2.10702141E+00 1.37116916E-01
 1.38385059E-02 2.10556469E+00 1.39377037E-01
 1.39411942E-02 2.10410701E+00 1.41620603E-01
 1.40437683E-02 2.10264833E+00 1.43844715E-01
 1.41472875E-02 2.10117473E+00 1.46050506E-01
 1.42507267E-02 2.09969935E+00 1.48226898E-01
 1.43540285E-02 2.09822245E+00 1.50369678E-01
 1.44572947E-02 2.09674231E+00 1.52475655E-01
 1.45616098E-02 2.09526192E+00 1.54561296E-01
 1.46905786E-02 2.09384722E+00 1.57050513E-01
 1.48201108E-02 2.09242141E+00 1.59490003E-01
 1.49497064E-02 2.09098752E+00 1.61887059E-01
 1.50793765E-02 2.08954632E+00 1.64244382E-01
 1.52090098E-02 2.08809991E+00 1.66563974E-01
 1.53387348E-02 2.08664779E+00 1.68848695E-01
 1.54690003E-02 2.08518685E+00 1.71104789E-01
 1.55999825E-02 2.08371646E+00 1.73332689E-01
 1.57309285E-02 2.08224479E+00 1.75527753E-01
 1.58913790E-02 2.08074675E+00 1.78308880E-01
 1.60610428E-02 2.07927261E+00 1.81083904E-01
 1.62330367E-02 2.07780346E+00 1.83799521E-01
 1.64059117E-02 2.07631913E+00 1.86468158E-01
 1.65791411E-02 2.07482498E+00 1.89090367E-01
 1.67525626E-02 2.07332298E+00 1.91668073E-01
 1.69260436E-02 2.07181499E+00 1.94203208E-01
 1.70995362E-02 2.07030213E+00 1.96697907E-01
 1.72730774E-02 2.06878480E+00 1.99154520E-01
 1.74798626E-02 2.06733664E+00 2.02075471E-01
 1.76963516E-02 2.06590286E+00 2.05085238E-01
 1.79134869E-02 2.06445791E+00 2.08040652E-01
 1.81311345E-02 2.06300332E+00 2.10943652E-01
 1.83493226E-02 2.06153944E+00 2.13796627E-01
 1.85698122E-02 2.06007279E+00 2.16597733E-01
 1.87995371E-02 2.05861775E+00 2.19338736E-01
 1.90295917E-02 2.05715524E+00 2.22035355E-01
 1.92599080E-02 2.05568633E+00 2.24689129E-01
 1.95210247E-02 2.05422895E+00 2.27811192E-01
 1.98002257E-02 2.05276887E+00 2.31158881E-01
 2.00808395E-02 2.05129357E+00 2.34445611E-01
 2.03633519E-02 2.04980101E+00 2.37675792E-01
 2.06468366E-02 2.04829714E+00 2.40848350E-01
 2.09313055E-02 2.04678246E+00 2.43965701E-01
 2.12166839E-02 2.04525797E+00 2.47029814E-01
 2.15057923E-02 2.04373104E+00 2.50037781E-01
 2.18043529E-02 2.04220663E+00 2.52988325E-01
 2.21339975E-02 2.04075238E+00 2.56265742E-01
 2.24945535E-02 2.03936269E+00 2.59843507E-01
 2.28569449E-02 2.03795874E+00 2.63354294E-01
 2.32211796E-02 2.03654104E+00 2.66800927E-01
 2.35874334E-02 2.03510937E+00 2.70186502E-01
 2.39567604E-02 2.03365978E+00 2.73516110E-01
 2.43280370E-02 2.03219796E+00 2.76789078E-01
 2.47032656E-02 2.03072932E+00 2.80003908E-01
 2.50896829E-02 2.02926496E+00 2.83154117E-01
 2.55015946E-02 2.02782307E+00 2.86609519E-01
 2.59580330E-02 2.02641503E+00 2.90600855E-01
 2.64177833E-02 2.02498975E+00 2.94515816E-01
 2.68807090E-02 2.02354840E+00 2.98356859E-01
 2.73463799E-02 2.02209319E+00 3.02125782E-01
 2.78151047E-02 2.02062354E+00 3.05826123E-01
 2.82910139E-02 2.01914347E+00 3.09457603E-01
 2.87808622E-02 2.01765443E+00 3.13021503E-01
 2.92730472E-02 2.01615471E+00 3.16522567E-01
 2.97860211E-02 2.01468224E+00 3.20171202E-01
 3.03612853E-02 2.01331622E+00 3.24410680E-01
 3.09412546E-02 2.01193169E+00 3.28568142E-01
 3.15278235E-02 2.01052365E+00 3.32650586E-01
 3.21233231E-02 2.00910094E+00 3.36654799E-01
 3.27350681E-02 2.00766925E+00 3.40579135E-01
 3.33511478E-02 2.00622240E+00 3.44432189E-01
 3.39715970E-02 2.00476098E+00 3.48216421E-01
 3.45980250E-02 2.00328134E+00 3.51938368E-01
 3.52376719E-02 2.00179883E+00 3.55711377E-01
 3.59546775E-02 2.00040239E+00 3.60389019E-01
 3.66897135E-02 1.99899327E+00 3.64968266E-01
 3.74384796E-02 1.99757030E+00 3.69453932E-01
 3.81955125E-02 1.99612909E+00 3.73853030E-01
 3.89604489E-02 1.99467123E+00 3.78167697E-01
 3.97323751E-02 1.99319947E+00 3.82399093E-01
 4.05109446E-02 1.99171512E+00 3.86549221E-01
 4.13027872E-02 1.99021911E+00 3.90620116E-01
 4.21128784E-02 1.98870995E+00 3.94615890E-01
 4.30284234E-02 1.98729741E+00 3.99545730E-01
 4.39574388E-02 1.98586935E+00 4.04407211E-01
 4.48970932E-02 1.98442254E+00 4.09171530E-01
 4.58474619E-02 1.98295760E+00 4.13841621E-01
 4.68221741E-02 1.98147286E+00 4.18422540E-01
 4.78155070E-02 1.97996886E+00 4.22916951E-01
 4.88191602E-02 1.97844965E+00 4.27324059E-01
 4.98331412E-02 1.97691589E+00 4.31646105E-01
 5.08574324E-02 1.97536828E+00 4.35885147E-01
 5.19719794E-02 1.97397096E+00 4.40812348E-01
 5.31395106E-02 1.97257963E+00 4.45796582E-01
 5.43218587E-02 1.97116654E+00 4.50683139E-01
 5.55189558E-02 1.96973205E+00 4.55474595E-01
 5.67304318E-02 1.96827783E+00 4.60172450E-01
 5.79580023E-02 1.96680238E+00 4.64780637E-01
 5.92212367E-02 1.96530183E+00 4.69305369E-01
 6.05011257E-02 1.96378406E+00 4.73742003E-01
 6.17957252E-02 1.96225017E+00 4.78091835E-01
 6.31875666E-02 1.96080071E+00 4.82987306E-01
 6.46368939E-02 1.95937237E+00 4.88050935E-01
 6.61236199E-02 1.95791874E+00 4.93015874E-01
 6.76409889E-02 1.95644458E+00 4.97880728E-01
 6.91801247E-02 1.95495321E+00 5.02644891E-01
 7.07413901E-02 1.95344502E+00 5.07310220E-01
 7.23258704E-02 1.95191963E+00 5.11878667E-01
 7.39417113E-02 1.95037386E+00 5.16354224E-01
 7.55951946E-02 1.94880879E+00 5.20739393E-01
 7.73281312E-02 1.94736656E+00 5.25309785E-01
 7.91323896E-02 1.94601068E+00 5.29995446E-01
 8.09666449E-02 1.94463579E+00 5.34583447E-01
 8.28354832E-02 1.94323963E+00 5.39077061E-01
 8.47565612E-02 1.94181868E+00 5.43481029E-01
 8.67081512E-02 1.94038149E+00 5.47789671E-01
 8.86900886E-02 1.93892910E+00 5.52003765E-01
 9.07032349E-02 1.93746163E+00 5.56124407E-01
 9.27508151E-02 1.93597730E+00 5.60153109E-01
 9.48863317E-02 1.93458772E+00 5.64229144E-01
 9.71226326E-02 1.93332867E+00 5.68392216E-01
 9.93986828E-02 1.93205341E+00 5.72462678E-01
 1.01714621E-01 1.93076280E+00 5.76441171E-01
 1.04071819E-01 1.92945674E+00 5.80328527E-01
 1.06480011E-01 1.92813143E+00 5.84127431E-01
 1.08948228E-01 1.92678557E+00 5.87840669E-01
 1.11458600E-01 1.92542671E+00 5.91464000E-01
 1.14011897E-01 1.92405518E+00 5.94998065E-01
 1.16629811E-01 1.92276709E+00 5.98436475E-01
 1.19346860E-01 1.92169008E+00 6.01773878E-01
 1.22131494E-01 1.92059336E+00 6.05032143E-01
 1.24980434E-01 1.91947972E+00 6.08210578E-01
 1.27882549E-01 1.91835392E+00 6.11306820E-01
 1.30838633E-01 1.91721634E+00 6.14321316E-01
 1.33849829E-01 1.91606719E+00 6.17254499E-01
 1.36916918E-01 1.91490683E+00 6.20106797E-01
 1.40058076E-01 1.91372916E+00 6.22880729E-01
 1.43267413E-01 1.91259441E+00 6.25550439E-01
 1.46537946E-01 1.91173811E+00 6.28013561E-01
 1.49870904E-01 1.91087212E+00 6.30404592E-01
 1.53268409E-01 1.90999626E+00 6.32723803E-01
 1.56730641E-01 1.90911120E+00 6.34971634E-01
 1.60268604E-01 1.90821392E+00 6.37149908E-01
 1.63893144E-01 1.90730144E+00 6.39259518E-01
 1.67585869E-01 1.90638078E+00 6.41298489E-01
 1.71348576E-01 1.90545193E+00 6.43267109E-01
 1.75180984E-01 1.90452585E+00 6.45160630E-01
 1.79049778E-01 1.90393377E+00 6.46823265E-01
 1.82993764E-01 1.90333458E+00 6.48424595E-01
 1.87033203E-01 1.90272281E+00 6.49967592E-01
 1.91158592E-01 1.90210204E+00 6.51450474E-01
 1.95365028E-01 1.90147441E+00 6.52872751E-01
 1.99652203E-01 1.90084063E+00 6.54234915E-01
 2.04021510E-01 1.90020086E+00 6.55537330E-01
 2.08474363E-01 1.89955524E+00 6.56780361E-01
 2.13012538E-01 1.89890383E+00 6.57964332E-01
 2.17528236E-01 1.89853767E+00 6.59001920E-01
 2.22122256E-01 1.89819921E+00 6.59977368E-01
 2.26803553E-01 1.89785630E+00 6.60900590E-01
 2.31575477E-01 1.89750861E+00 6.61771640E-01
 2.36436816E-01 1.89715700E+00 6.62591338E-01
 2.41389134E-01 1.89680155E+00 6.63360031E-01
 2.46434372E-01 1.89644230E+00 6.64078019E-01
 2.51583576E-01 1.89607693E+00 6.64746714E-01
 2.56843623E-01 1.89570432E+00 6.65367015E-01
 2.62055050E-01 1.89555808E+00 6.65880552E-01
 2.67315733E-01 1.89548120E+00 6.66331794E-01
 2.72672740E-01 1.89540204E+00 6.66739603E-01
 2.78129760E-01 1.89532026E+00 6.67104139E-01
 2.83685600E-01 1.89523655E+00 6.67425983E-01
 2.89342351E-01 1.89515092E+00 6.67705432E-01
 2.95120944E-01 1.89505891E+00 6.67944966E-01
 3.01010365E-01 1.89496372E+00 6.68143534E-01
 3.07005908E-01 1.89486699E+00 6.68300720E-01
 3.12930879E-01 1.89494067E+00 6.68451161E-01
 3.18852864E-01 1.89511568E+00 6.68583793E-01
 3.24877195E-01 1.89529044E+00 6.68679258E-01
 3.31007068E-01 1.89546474E+00 6.68737722E-01
 3.37245438E-01 1.89563845E+00 6.68759382E-01
 3.43611106E-01 1.89580773E+00 6.68747216E-01
 3.50093589E-01 1.89597549E+00 6.68700006E-01
 3.56687731E-01 1.89614335E+00 6.68617223E-01
 3.63395378E-01 1.89631137E+00 6.68499176E-01
 3.70056543E-01 1.89658977E+00 6.68388841E-01
 3.76661640E-01 1.89698208E+00 6.68289136E-01
 3.83375114E-01 1.89737562E+00 6.68157188E-01
 3.90198729E-01 1.89777044E+00 6.67993312E-01
 3.97148074E-01 1.89816371E+00 6.67799531E-01
 4.04228505E-01 1.89855493E+00 6.67576193E-01
 4.11426121E-01 1.89894747E+00 6.67321736E-01
 4.18741188E-01 1.89934160E+00 6.67036606E-01
 4.26175948E-01 1.89973731E+00 6.66721068E-01
 4.33586152E-01 1.90021008E+00 6.66413334E-01
 4.40849990E-01 1.90081971E+00 6.66144588E-01
 4.48226446E-01 1.90143198E+00 6.65848005E-01
 4.55716907E-01 1.90204700E+00 6.65523906E-01
 4.63353571E-01 1.90265872E+00 6.65176843E-01
 4.71107895E-01 1.90327334E+00 6.64802913E-01
 4.78981537E-01 1.90389094E+00 6.64402369E-01
 4.86977245E-01 1.90451145E+00 6.63975433E-01
 4.95099361E-01 1.90513459E+00 6.63522256E-01
 5.03250985E-01 1.90579749E+00 6.63085076E-01
 5.11193886E-01 1.90659001E+00 6.62766099E-01
 5.19252160E-01 1.90738650E+00 6.62421830E-01
 5.27438746E-01 1.90818488E+00 6.62054120E-01
 5.35766761E-01 1.90898300E+00 6.61665115E-01
 5.44216011E-01 1.90978523E+00 6.61251670E-01
 5.52787914E-01 1.91059167E+00 6.60814076E-01
 5.61484271E-01 1.91140236E+00 6.60352596E-01
 5.70307244E-01 1.91221731E+00 6.59867472E-01
 5.79215259E-01 1.91305020E+00 6.59369151E-01
 5.87812645E-01 1.91402405E+00 6.58949878E-01
 5.96530474E-01 1.91500274E+00 6.58508244E-01
 6.05386195E-01 1.91598316E+00 6.58047736E-01
 6.14380293E-01 1.91696565E+00 6.57568398E-01
 6.23497175E-01 1.91795353E+00 6.57067757E-01
 6.32738568E-01 1.91894685E+00 6.56546063E-01
 6.42106573E-01 1.91994562E+00 6.56003542E-01
 6.51602588E-01 1.92094993E+00 6.55440455E-01
 6.61228743E-01 1.92195979E+00 6.54857018E-01
 6.70498431E-01 1.92309542E+00 6.54437268E-01
 6.79865773E-01 1.92424276E+00 6.54005335E-01
 6.89375182E-01 1.92539252E+00 6.53556907E-01
 6.99023860E-01 1.92654564E+00 6.53091449E-01
 7.08798848E-01 1.92770509E+00 6.52606244E-01
 7.18700623E-01 1.92887105E+00 6.52101584E-01
 7.28730131E-01 1.93004364E+00 6.51577722E-01
 7.38888692E-01 1.93122296E+00 6.51034907E-01
 7.49178381E-01 1.93240905E+00 6.50473347E-01
 7.59181571E-01 1.93368734E+00 6.50014225E-01
 7.69215741E-01 1.93499146E+00 6.49562517E-01
 7.79390351E-01 1.93629974E+00 6.49095595E-01
 7.89712345E-01 1.93761134E+00 6.48614656E-01
 8.00159059E-01 1.93893067E+00 6.48115817E-01
 8.10732809E-01 1.94025774E+00 6.47599274E-01
 8.21434881E-01 1.94159265E+00 6.47065266E-01
 8.32267260E-01 1.94293542E+00 6.46513998E-01
 8.43234756E-01 1.94428584E+00 6.45945576E-01
 8.53953503E-01 1.94570985E+00 6.45468666E-01
 8.64621965E-01 1.94717208E+00 6.45023673E-01
 8.75419376E-01 1.94864174E+00 6.44563054E-01
 8.86377834E-01 1.95011344E+00 6.44092625E-01
 8.97462197E-01 1.95159397E+00 6.43605684E-01
 9.08672940E-01 1.95308349E+00 6.43102486E-01
 9.20012348E-01 1.95458202E+00 6.42583220E-01
 9.31481645E-01 1.95608967E+00 6.42048107E-01
 9.43082769E-01 1.95760648E+00 6.41497337E-01
 9.54527074E-01 1.95917375E+00 6.41022019E-01
 9.65863284E-01 1.96078375E+00 6.40603726E-01
 9.77322376E-01 1.96240360E+00 6.40169381E-01
 9.88940127E-01 1.96402755E+00 6.39724930E-01
 1.00070184E+00 1.96565839E+00 6.39268160E-01
 1.01259097E+00 1.96729936E+00 6.38796033E-01
 1.02460904E+00 1.96895057E+00 6.38308753E-01
 1.03675831E+00 1.97061203E+00 6.37806502E-01
 1.04903924E+00 1.97228393E+00 6.37289508E-01
 1.06122028E+00 1.97399527E+00 6.36811778E-01
 1.07320302E+00 1.97575757E+00 6.36393586E-01
 1.08530911E+00 1.97753091E+00 6.35960605E-01
 1.09753998E+00 1.97931540E+00 6.35513051E-01
 1.10994215E+00 1.98110299E+00 6.35060116E-01
 1.12247749E+00 1.98290097E+00 6.34594103E-01
 1.13514232E+00 1.98471040E+00 6.34114104E-01
 1.14794170E+00 1.98653110E+00 6.33620257E-01
 1.16087287E+00 1.98836351E+00 6.33112813E-01
 1.17378224E+00 1.99022392E+00 6.32635946E-01
 1.18642932E+00 1.99213702E+00 6.32255041E-01
 1.19919938E+00 1.99406252E+00 6.31859999E-01
 1.21209459E+00 1.99600046E+00 6.31451012E-01
 1.22511634E+00 1.99795095E+00 6.31028287E-01
 1.23830914E+00 1.99990645E+00 6.30600476E-01
 1.25164222E+00 2.00187272E+00 6.30161661E-01
 1.26510610E+00 2.00385193E+00 6.29709688E-01
 1.27870225E+00 2.00584419E+00 6.29244734E-01
 1.29235174E+00 2.00785695E+00 6.28785738E-01
 1.30567867E+00 2.00992422E+00 6.28418563E-01
 1.31913382E+00 2.01200488E+00 6.28038009E-01
 1.33271423E+00 2.01409939E+00 6.27644356E-01
 1.34642167E+00 2.01620785E+00 6.27237789E-01
 1.36025789E+00 2.01833036E+00 6.26818490E-01
 1.37423920E+00 2.02046427E+00 6.26389863E-01
 1.38839389E+00 2.02260503E+00 6.25957140E-01
 1.40268121E+00 2.02476030E+00 6.25512206E-01
 1.41709300E+00 2.02693097E+00 6.25057460E-01
 1.43109140E+00 2.02915917E+00 6.24715506E-01
 1.44521422E+00 2.03140258E+00 6.24360756E-01
 1.45946283E+00 2.03366134E+00 6.23993410E-01
 1.47383860E+00 2.03593559E+00 6.23613659E-01
 1.48834343E+00 2.03822545E+00 6.23221679E-01
 1.50298251E+00 2.04053075E+00 6.22817575E-01
 1.51775336E+00 2.04285197E+00 6.22401606E-01
 1.53266714E+00 2.04518736E+00 6.21976147E-01
 1.54776466E+00 2.04753015E+00 6.21548920E-01
 1.56249010E+00 2.04992341E+00 6.21225015E-01
 1.57727228E+00 2.05233805E+00 6.20904356E-01
 1.59217949E+00 2.05476970E+00 6.20571920E-01
 1.60721311E+00 2.05721851E+00 6.20227876E-01
 1.62237520E+00 2.05968462E+00 6.19872377E-01
 1.63766571E+00 2.06216829E+00 6.19505607E-01
 1.65308740E+00 2.06466959E+00 6.19127700E-01
 1.66864094E+00 2.06718876E+00 6.18738818E-01
 1.68432930E+00 2.06972584E+00 6.18339097E-01
 1.69984615E+00 2.07229987E+00 6.18040873E-01
 1.71545217E+00 2.07488727E+00 6.17781675E-01
 1.73119636E+00 2.07749177E+00 6.17513301E-01
 1.74707005E+00 2.08011530E+00 6.17234045E-01
 1.76307604E+00 2.08275793E+00 6.16944001E-01
 1.77921495E+00 2.08541991E+00 6.16643292E-01
 1.79548813E+00 2.08810146E+00 6.16332028E-01
 1.81189762E+00 2.09080271E+00 6.16010310E-01
