EoSType = ColdTable
Nrho = 450
rhomin = 1.61865e-15	rhomax = 0.0161865
HeatCapacity = 0.0016
GammaTh = 1.66667
kappa = 100
RhoSpacing = Log
0.00101606295297487   2.06864460616026   1.76601633221908e-07
0.00101606295297595   2.0687792422072   1.82587621109605e-07
0.0010160629529771   2.06891440742865   1.88776506616867e-07
0.00101606295297833   2.06905010495058   1.95175167045281e-07
0.00101606295297965   2.06918633792359   2.0179071280552e-07
0.00101606295298106   2.06932310952321   2.08630495318663e-07
0.00101606295298256   2.06946042295015   2.15702115185354e-07
0.00101606295298417   2.06959828143051   2.23013430631841e-07
0.00101606295298588   2.06973668821604   2.30572566242318e-07
0.00101606295298772   2.06987564658444   2.38387921987232e-07
0.00101606295298968   2.07001515983956   2.46468182557619e-07
0.00101606295299178   2.07015523131171   2.54822327015836e-07
0.00101606295299402   2.07029586435788   2.63459638773394e-07
0.00101606295299642   2.07043706236204   2.72389715907014e-07
0.00101606295299898   2.07057882873543   2.81622481824325e-07
0.00101606295300172   2.07072116691677   2.91168196291107e-07
0.00101606295300465   2.07086408037259   3.01037466832288e-07
0.00101606295300778   2.0710075725975   3.11241260519388e-07
0.00101606295301113   2.07115164711448   3.21790916157508e-07
0.0010160629530147   2.07129630747514   3.32698156885398e-07
0.00101606295301853   2.07144155726006   3.43975103202609e-07
0.00101606295302261   2.07158740007902   3.55634286438208e-07
0.00101606295302698   2.07173383957138   3.6768866267602e-07
0.00101606295303165   2.0718808794063   3.80151627151874e-07
0.00101606295303664   2.07202852328312   3.93037029138842e-07
0.00101606295304198   2.07217677493161   4.06359187337035e-07
0.00101606295304768   2.07232563811233   4.20132905785027e-07
0.00101606295305378   2.07247511661692   4.34373490310607e-07
0.0010160629530603   2.07262521426843   4.49096765539147e-07
0.00101606295306726   2.07277593492163   4.64319092478463e-07
0.00101606295307471   2.07292728246339   4.8005738669973e-07
0.00101606295308267   2.07307926081297   4.96329137134636e-07
0.00101606295309118   2.07323187392234   5.13152425509696e-07
0.00101606295310027   2.07338512577658   5.30545946439276e-07
0.00101606295311   2.0735390203942   5.48529028199688e-07
0.00101606295312039   2.07369356182747   5.6712165420744e-07
0.0010160629531315   2.07384875416281   5.86344485225486e-07
0.00101606295314337   2.07400460152112   6.06218882322182e-07
0.00101606295315607   2.07416110805819   6.26766930608424e-07
0.00101606295316963   2.07431827796501   6.48011463779394e-07
0.00101606295318414   2.07447611546818   6.69976089488134e-07
0.00101606295319964   2.07463462483029   6.92685215579182e-07
0.00101606295321621   2.07479381035029   7.16164077211408e-07
0.00101606295323393   2.07495367636389   7.40438764900184e-07
0.00101606295325287   2.07511422724394   7.6553625351006e-07
0.00101606295327311   2.07527546740084   7.91484432230151e-07
0.00101606295329475   2.07543740128295   8.18312135565572e-07
0.00101606295331787   2.07560003337698   8.46049175379318e-07
0.0010160629533426   2.07576336820841   8.74726374020227e-07
0.00101606295336903   2.07592741034193   9.04375598573838e-07
0.00101606295339728   2.07609216438183   9.35029796274182e-07
0.00101606295342747   2.07625763497248   9.66723031115879e-07
0.00101606295345975   2.0764238267987   9.9949052170721e-07
0.00101606295349426   2.07659074458626   1.03336868040625e-06
0.00101606295353114   2.07675839310231   1.06839515378354e-06
0.00101606295357057   2.07692677715582   1.10460886445619e-06
0.00101606295361271   2.07709590159805   1.1420500543401e-06
0.00101606295365776   2.07726577132302   1.1807603293681e-06
0.00101606295370592   2.07743639126798   1.22078270572394e-06
0.00101606295375739   2.07760776641389   1.26216165764326e-06
0.00101606295381242   2.07777990178589   1.30494316683499e-06
0.00101606295387123   2.07795280245382   1.34917477357771e-06
0.00101606295393411   2.07812647353267   1.39490562954811e-06
0.00101606295400131   2.07830092018315   1.44218655243996e-06
0.00101606295407315   2.07847614761214   1.4910700824345e-06
0.00101606295414994   2.07865216107325   1.54161054058488e-06
0.00101606295423203   2.07882896586732   1.59386408917959e-06
0.00101606295431978   2.07900656734296   1.6478887941519e-06
0.00101606295441357   2.07918497089711   1.70374468960471e-06
0.00101606295451383   2.07936418197553   1.76149384452253e-06
0.001016062954621   2.07954420607343   1.82120043174465e-06
0.00101606295473556   2.07972504873596   1.88293079927617e-06
0.00101606295485802   2.07990671555885   1.94675354401623e-06
0.00101606295498892   2.08008921218891   2.01273958798517e-06
0.00101606295512885   2.08027254432468   2.08096225713557e-06
0.00101606295527842   2.08045671771699   2.15149736283452e-06
0.0010160629554383   2.08064173816956   2.22442328610781e-06
0.00101606295560921   2.08082761153964   2.29982106473964e-06
0.0010160629557919   2.08101434373859   2.37777448332456e-06
0.00101606295598718   2.08120194073252   2.45837016637178e-06
0.00101606295619593   2.08139040854295   2.54169767456529e-06
0.00101606295641906   2.08157975324742   2.62784960428678e-06
0.00101606295665758   2.08176998098014   2.71692169051191e-06
0.00101606295691254   2.0819610979327   2.80901291319424e-06
0.00101606295718508   2.0821531103547   2.90422560725523e-06
0.00101606295747641   2.08234602455443   3.00266557630225e-06
0.00101606295778782   2.08253984689957   3.1044422102012e-06
0.0010160629581207   2.08273458381793   3.20966860663426e-06
0.00101606295847653   2.08293024179808   3.31846169677793e-06
0.00101606295885689   2.08312682739013   3.43094237524092e-06
0.00101606295926347   2.08332434720647   3.54723563440643e-06
0.00101606295969808   2.08352280792244   3.66747070332794e-06
0.00101606296016266   2.08372221627716   3.79178119133296e-06
0.00101606296065926   2.08392257907427   3.92030523649429e-06
0.0010160629611901   2.08412390318267   4.0531856591338e-06
0.00101606296175753   2.08432619553734   4.19057012052925e-06
0.00101606296236408   2.08452946314014   4.33261128700054e-06
0.00101606296301245   2.08473371306059   4.47946699955778e-06
0.00101606296370551   2.0849389524367   4.63130044929965e-06
0.00101606296444636   2.08514518847582   4.78828035875688e-06
0.00101606296523828   2.08535242845547   4.95058116938253e-06
0.00101606296608479   2.08556067972418   5.11838323539735e-06
0.00101606296698966   2.08576994970238   5.29187302420549e-06
0.00101606296795691   2.08598024588329   5.47124332360354e-06
0.00101606296899085   2.08619157583379   5.65669345601288e-06
0.00101606297009606   2.08640394719532   5.84842949997362e-06
0.00101606297127747   2.08661736768485   6.04666451914612e-06
0.00101606297254033   2.08683184509576   6.25161879907461e-06
0.00101606297389024   2.08704738729883   6.46352009197605e-06
0.00101606297533322   2.08726400224316   6.68260386982621e-06
0.00101606297687568   2.0874816979572   6.90911358602414e-06
0.00101606297852447   2.08770048254969   7.14330094592599e-06
0.00101606298028693   2.08792036421071   7.3854261865486e-06
0.00101606298217089   2.08814135121268   7.63575836575379e-06
0.00101606298418474   2.08836345191137   7.8945756612346e-06
0.00101606298633741   2.08858667474703   8.16216567963601e-06
0.0010160629886385   2.08881102824539   8.4388257761532e-06
0.00101606299109821   2.08903652101875   8.72486338496279e-06
0.0010160629937275   2.08926316176713   9.02059636085437e-06
0.00101606299653806   2.08949095927934   9.32635333244147e-06
0.00101606299954237   2.08971992243415   9.64247406734506e-06
0.0010160630027538   2.08995006020142   9.96930984975484e-06
0.00101606300618662   2.09018138164328   1.03072238707884e-05
0.00101606300985611   2.0904138959153   1.06565916320815e-05
0.00101606301377856   2.09064761226777   1.10178013630584e-05
0.00101606301797143   2.09088254004681   1.13912544523457e-05
0.00101606302245336   2.09111868869573   1.17773658938093e-05
0.00101606302724426   2.09135606775622   1.21765647477092e-05
0.00101606303236545   2.09159468686967   1.25892946174869e-05
0.0010160630378397   2.09183455577845   1.30160141427117e-05
0.00101606304369133   2.09207568432728   1.34571975087375e-05
0.00101606304994638   2.09231808246452   1.39133349736335e-05
0.00101606305663265   2.09256176024359   1.43849334129755e-05
0.00101606306377987   2.09280672782432   1.48725168831039e-05
0.00101606307141982   2.09305299547438   1.53766272034727e-05
0.00101606307958646   2.09330057357073   1.58978245587378e-05
0.00101606308831611   2.09354947260103   1.64366881212536e-05
0.00101606309764758   2.09379970316519   1.69938166946689e-05
0.00101606310762236   2.09405127597681   1.75698293793384e-05
0.00101606311828479   2.09430420186473   1.81653662602876e-05
0.0010160631296823   2.09455849177462   1.87810891184976e-05
0.00101606314186554   2.0948141567705   1.94176821662988e-05
0.00101606315488869   2.09507120803639   2.0075852807691e-05
0.00101606316880966   2.09532965687791   2.07563324244345e-05
0.00101606318369034   2.09558951472396   2.14598771887872e-05
0.00101606319959688   2.0958507931284   2.21872689037888e-05
0.00101606321660002   2.09611350377175   2.2939315872027e-05
0.00101606323477535   2.09637765846294   2.37168537938508e-05
0.00101606325420368   2.09664326914108   2.45207466960299e-05
0.0010160632749714   2.09691034787727   2.53518878918904e-05
0.00101606329717084   2.09717890687639   2.62112009739948e-05
0.0010160633209007   2.09744895847901   2.70996408404702e-05
0.0010160633462665   2.09772051516324   2.80181947561236e-05
0.001016063373381   2.09799358954668   2.8967883449524e-05
0.00101606340236477   2.09826819438835   2.99497622472711e-05
0.00101606343334668   2.09854434259069   3.09649222467103e-05
0.00101606346646447   2.09882204720159   3.20144915283973e-05
0.0010160635018654   2.09910132141643   3.30996364096595e-05
0.00101606353970685   2.09938217858017   3.42215627406478e-05
0.00101606358015709   2.09966463218948   3.53815172443186e-05
0.00101606362339596   2.09994869589491   3.65807889018348e-05
0.0010160636696157   2.10023438350309   3.78207103849254e-05
0.00101606371902182   2.10052170897893   3.91026595367961e-05
0.00101606377183398   2.10081068644795   4.04280609032356e-05
0.00101606382828701   2.10110133019856   4.1798387315619e-05
0.00101606388863189   2.10139365468442   4.32151615275687e-05
0.00101606395313693   2.10168767452686   4.467995790709e-05
0.00101606402208894   2.10198340451727   4.61944041860621e-05
0.00101606409579448   2.10228085961961   4.77601832690298e-05
0.00101606417458126   2.10258005497297   4.93790351033034e-05
0.00101606425879958   2.10288100589406   5.10527586124478e-05
0.0010160643488239   2.10318372787987   5.27832136953079e-05
0.00101606444505446   2.10348823661036   5.457232329279e-05
0.00101606454791914   2.10379454795108   5.64220755247007e-05
0.00101606465787529   2.10410267795601   5.83345258990117e-05
0.00101606477541178   2.10441264287033   6.03117995960107e-05
0.00101606490105121   2.10472445913327   6.23560938298731e-05
0.0010160650353522   2.10503814338104   6.44696802902813e-05
0.00101606517891186   2.10535371244974   6.6654907666803e-05
0.00101606533236849   2.10567118337843   6.89142042588334e-05
0.00101606549640438   2.10599057341216   7.12500806740052e-05
0.00101606567174886   2.10631190000512   7.36651326180587e-05
0.00101606585918155   2.10663518082379   7.61620437792788e-05
0.00101606605953581   2.1069604337502   7.87435888106981e-05
0.00101606627370244   2.10728767688519   8.14126364133863e-05
0.00101606650263366   2.10761692855184   8.41721525242459e-05
0.00101606674734734   2.10794820729883   8.70252036118605e-05
0.00101606700893153   2.10828153190392   8.99749600840581e-05
0.00101606728854927   2.10861692137754   9.30246998109732e-05
0.00101606758744379   2.10895439496638   9.61778117675262e-05
0.00101606790694402   2.10929397215706   9.94377997993637e-05
0.00101606824847051   2.10963567267991   0.00010280828651645
0.00101606861354176   2.10997951651278   0.000106293017318628
0.00101606900378094   2.11032552388491   0.000109895864557636
0.00101606942092311   2.11067371528093   0.000113620831840188
0.00101606986682295   2.11102411144489   0.000117472058476916
0.00101607034346302   2.11137673338437   0.000121453824082104
0.00101607085296255   2.1117316023747   0.000125570553329341
0.00101607139758684   2.11208873996322   0.000129826820868356
0.0010160719797574   2.11244816797365   0.00013422735640852
0.00101607260206266   2.11280990851054   0.000138777049974654
0.00101607326726949   2.11317398396377   0.000143480957340977
0.00101607397833551   2.11354041701322   0.000148344305649249
0.00101607473842226   2.11390923063346   0.000153372499217333
0.00101607555090919   2.11428044809852   0.000158571125544648
0.00101607641940878   2.11465409298682   0.000163945961521173
0.00101607734778252   2.11503018918618   0.000169502979846907
0.00101607834015811   2.11540876089884   0.000175248355668922
0.00101607940094784   2.11578983264674   0.000181188473443373
0.00101608053486815   2.11617342927675   0.000187329934030108
0.00101608174696065   2.11655957596609   0.000193679562027739
0.00101608304261451   2.11694829822784   0.000200244413357341
0.00101608442759043   2.11733962191658   0.000207031783103209
0.00101608590804625   2.11773357323408   0.000214049213619365
0.00101608749056433   2.11813017873519   0.000221304502910847
0.00101608918218082   2.11852946533376   0.000228805713299074
0.00101609099041694   2.11893146030878   0.000236561180380931
0.00101609292331242   2.11933619131055   0.000244579522291519
0.00101609498946123   2.11974368636707   0.00025286964928086
0.00101609719804984   2.12015397389044   0.000261440773615221
0.00101609955889801   2.12056708268352   0.000270302419814019
0.00101610208250248   2.12098304194665   0.000279464435233729
0.00101610478008362   2.12140188128453   0.000288937001010512
0.00101610766363534   2.12182363071326   0.000298730643373754
0.00101611074597841   2.12224832066747   0.000308856245343067
0.00101611404081746   2.1226759820077   0.000319325058821764
0.00101611756280191   2.12310664602781   0.000330148717100233
0.0010161213275911   2.12354034446268   0.000341339247783109
0.00101612535192394   2.12397710949595   0.00035290908615461
0.00101612965369331   2.12441697376801   0.000364871088996879
0.0010161342520256   2.12485997038412   0.000377238548876698
0.00101613916736579   2.12530613292274   0.000390025208916437
0.00101614442156833   2.12575549544397   0.000403245278065654
0.00101615003799432   2.12620809249825   0.000416913446890311
0.00101615604161533   2.12666395913521   0.000431044903897166
0.00101616245912451   2.12712313091273   0.000445655352411446
0.0010161693190552   2.12758564390616   0.000460761028026588
0.00101617665190784   2.12805153471776   0.000476378716645404
0.00101618449028554   2.12852084048642   0.000492525773132745
0.00101619286903909   2.12899359889744   0.000509220140600352
0.00101620182542185   2.12946984819269   0.000526480370345365
0.00101621139925546   2.12994962718088   0.000544325642464585
0.00101622163310681   2.13043297524814   0.000562775787167449
0.00101623257247736   2.13091993236875   0.00058185130681135
0.00101624426600545   2.13141053911619   0.000601573398683798
0.0010162567656825   2.13190483667441   0.000621963978556748
0.00101627012708423   2.13240286684935   0.000643045705039227
0.00101628440961773   2.13290467208073   0.000664842004755336
0.0010162996767856   2.13341029545408   0.000687377098375598
0.00101631599646828   2.13391978071313   0.000710676027530546
0.0010163334412259   2.13443317227235   0.000734764682636463
0.00101635208862083   2.13495051522992   0.000759669831664183
0.00101637202156262   2.13547185538091   0.000785419149882897
0.00101639332867653   2.13599723923078   0.000812041250611997
0.00101641610469766   2.13652671400926   0.000839565717015131
0.00101644045089212   2.13706032768443   0.000868023134971751
0.00101646647550727   2.13759812897726   0.000897445127062692
0.00101649429425303   2.13814016737642   0.000927864387707488
0.00101652403081631   2.13868649315347   0.00095931471949247
0.00101655581741099   2.13923715737839   0.000991831070729978
0.00101658979536573   2.13979221193551   0.00102544957429038
0.00101662611575236   2.14035170953978   0.00106020758775001
0.00101666494005756   2.1409157037535   0.00109614373489965
0.00101670644090086   2.14148424900338   0.00113329794865951
0.00101675080280215   2.14205740059804   0.00117171151544853
0.00101679822300206   2.142635214746   0.00121142712105704
0.00101684891233895   2.14321774857399   0.00125248889807393
0.00101690309618633   2.14380506014582   0.00129494247492069
0.0010169610154549   2.14439720848166   0.00133883502654697
0.00101702292766367   2.14499425357782   0.00138421532684384
0.00101708910808497   2.14559625642699   0.00143113380283278
0.00101715985096832   2.14620327903905   0.00147964259069073
0.00101723547084875   2.14681538446232   0.00152979559367312
0.00101731630394524   2.14743263680541   0.00158164854199936
0.00101740270965562   2.14805510125963   0.00163525905476693
0.00101749507215455   2.14868284412188   0.00169068670396297
0.00101759380210155   2.14931593281825   0.00174799308064419
0.00101769933846696   2.14995443592813   0.00180724186335844
0.00101781215048357   2.15059842320896   0.00186849888888393
0.00101793273973302   2.15124796562169   0.00193183222536425
0.00101806164237583   2.1519031353568   0.00199731224792042
0.0010181994315353   2.15256400586104   0.00206501171682356
0.00101834671984572   2.15323065186493   0.00213500585831485
0.00101850416217623   2.15390314941087   0.0022073724481622
0.00101867245854249   2.1545815758821   0.00228219189804612
0.00101885235721908   2.15526601003235   0.00235954734487034
0.00101904465806642   2.15595653201634   0.00243952474309603
0.00101925021608714   2.15665322342107   0.00252221296020173
0.00101946994522752   2.15735616729792   0.00260770387537436
0.0010197048224411   2.15806544819573   0.00269609248154056
0.00101995589203232   2.1587811521946   0.00278747699085096
0.00102022427029975   2.15950336694081   0.00288195894373388
0.00102051115049929   2.16023218168255   0.0029796433216387
0.0010208178081496   2.16096768730667   0.00308063866359351
0.00102114560670332   2.16170997637653   0.00318505718670526
0.00102149600360914   2.16245914317076   0.00329301491073539
0.00102187055679194   2.16321528372322   0.0034046317868881
0.00102227093157954   2.16397849586403   0.00352003183095295
0.00102269890810706   2.16474887926178   0.00363934326094819
0.0010231563892317   2.16552653546687   0.00376269863941634
0.00102364540899316   2.16631156795618   0.00389023502052788
0.00102416814165736   2.16710408217898   0.00402209410215499
0.00102472691138356   2.1679041856041   0.00415842238308156
0.001025324202558   2.16871198776855   0.00429937132552202
0.0010259626708399   2.16952760032749   0.00444509752312672
0.00102664515496898   2.17035113710571   0.00459576287465751
0.00102737468938696   2.17118271415055   0.004751534763523
0.00102815451772927   2.17202244978642   0.00491258624336967
0.00102898810724674   2.17287046467095   0.00507909622993047
0.00102987916422164   2.17372688185276   0.00525124969933991
0.00103083165044642   2.17459182683099   0.00542923789313081
0.00103184980083855   2.17546542761661   0.00561325853013507
0.00103293814226965   2.17634781479558   0.00580351602551762
0.00103410151369279   2.1772391215939   0.00600022171718046
0.00103534508765726   2.17813948394472   0.00620359409978052
0.00103667439330665   2.17904904055737   0.00641385906661344
0.00103809534096234   2.17996793298869   0.00663125015962269
0.00103961424840183   2.1808963057164   0.00685600882780173
0.00104123786894864   2.18183430621487   0.0070883846942655
0.0010429734214988   2.18278208503321   0.00732863583227513
0.00104482862261722   2.18373979587579   0.00757702905050939
0.00104681172084693   2.18470759568541   0.00783384018788473
0.00104893153338351   2.18568564472895   0.00809935441823455
0.00105119748527782   2.18667410668591   0.0083738665651683
0.00105361965134143   2.18767314873972   0.00865768142743958
0.00105620880094098   2.18868294167198   0.00895111411516252
0.00105897644588058   2.1897036599598   0.00925449039722501
0.0010619348915853   2.1907354818763   0.00956814706025772
0.00106509729181323   2.19177858959442   0.0098924322795269
0.0010684777071393   2.19283316929412   0.0102277060021302
0.00107209116747105   2.1938994112732   0.0105743403428839
0.00107595373887417   2.19497751006172   0.0109327199933004
0.00108008259500498   2.19606766454038   0.0113032426440655
0.00108449609346747   2.19717007806279   0.0116863194214352
0.00108921385743435   2.19828495858194   0.0120823753379809
0.00109425686289507   2.19941251878098   0.0124918497581234
0.00109964753191867   2.20055297620845   0.0129151968789058
0.00110540983234611   2.20170655341825   0.013352886226464
0.00111156938435548   2.20287347811441   0.0138054031686664
0.00111815357437366   2.20405398330092   0.0142732494443981
0.0011251916768411   2.20524830743685   0.0147569437099807
0.00113271498437102   2.20645669459692   0.0152570221032219
0.00114075694688175   2.20767939463779   0.0157740388255991
0.00114935332032078   2.20891666337029   0.0163085667430897
0.00115854232564189   2.21016876273787   0.0168611980061648
0.00116836481874208   2.21143596100143   0.0174325446894703
0.00117886447211387   2.21271853293099   0.0180232394517238
0.00119008796902075   2.21401676000427   0.0186339362163592
0.00120208521105895   2.21533093061265   0.0192653108734512
0.00121490954002856   2.21666134027476   0.0199180620034551
0.00122861797510031   2.21800829185799   0.0205929116232935
0.00124327146633263   2.21937209580838   0.0212906059553183
0.00125893516566604   2.22075307038918   0.0220119162196724
0.00127567871659993   2.2221515419284   0.0227576394505638
0.00129357656383948   2.22356784507596   0.023528599336956
0.00131270828428965   2.2250023230706   0.0243256470881618
0.00133315894086775   2.22645532801726   0.0251496623248094
0.00135501946070782   2.2279272211752   0.0260015539956272
0.00137838703943826   2.22941837325741   0.0268822613204651
0.00140336557333031   2.23092916474196   0.0277927547599357
0.00143006612123877   2.23245998619561   0.0287340370120233
0.0014586073983887   2.23401123861044   0.0297071440359569
0.00148911630420372   2.23558333375403   0.0307131461035964
0.0015217284865227   2.23717669453391   0.0317531488785142
0.00155658894471333   2.23879175537675   0.0328282945228857
0.00159385267436424   2.24042896262337   0.0339397628322218
0.00163368535642203   2.24208877493989   0.0350887723978822
0.00167626409383722   2.24377166374616   0.0362765817972034
0.00172130765   2.24544575   0.0383107384
0.0017700656   2.24607725   0.0411763416
0.00182300789   2.24570979   0.0443012975
0.00188102254   2.24438751   0.0476923555
0.00194513503   2.24217343   0.051362018
0.00201652875   2.23913958   0.0553326011
0.00209657263   2.23535515   0.0596427804
0.00218686084   2.23087283   0.0643575202
0.00228927276   2.22571393   0.0695803155
0.00240606506   2.21985547   0.0754581304
0.00254000372   2.2132322   0.082146319
0.00269581945   2.20674766   0.0903373269
0.00287570382   2.20094783   0.102086608
0.00308207587   2.18884611   0.108073244
0.00332643842   2.17882787   0.118587325
0.00361671893   2.16847639   0.127456324
0.00395886178   2.15852808   0.136761649
0.00436029506   2.14893978   0.146521378
0.00482934133   2.13967385   0.156753649
0.00537531471   2.13069724   0.167476581
0.0060086279   2.12198076   0.178708176
0.00674091007   2.11349848   0.190466196
0.00758513665   2.10522723   0.202768016
0.00855577213   2.09714618   0.215630455
0.00966892734   2.08923657   0.229069572
0.0109458325   2.08165169   0.242980585
0.0124066231   2.07502136   0.256883436
0.0140450187   2.06846477   0.271374896
0.0158814467   2.06197259   0.286467163
0.0179765545   2.0555788   0.302125873
0.0203268356   2.04924447   0.318389032
0.0229514785   2.04295144   0.335272885
0.0259339141   2.03672265   0.352738663
0.0292543544   2.03052139   0.370826375
0.0329879963   2.02435   0.389513273
0.0371629776   2.01819975   0.408797389
0.041832586   2.01205974   0.4286691
0.0470537047   2.00592542   0.449108861
0.0528827418   1.99978607   0.470099967
0.0593834199   1.99363698   0.491614268
0.0666416694   1.98746726   0.513620196
0.0747067069   1.98127588   0.536081834
0.0837209416   1.9750463   0.558951263
0.0937283547   1.96878149   0.582181661
0.104865013   1.96247052   0.605713715
0.11725633   1.95610503   0.629485109
0.131004992   1.94968581   0.653426541
0.14628777   1.94320045   0.677463196
0.163261032   1.93664391   0.701516497
0.182078187   1.93001619   0.725503489
0.202954032   1.9233079   0.749338857
0.226122301   1.91651002   0.772936055
0.251784956   1.9096249   0.796208811
0.280202965   1.90264748   0.819072386
0.31172095   1.89556237   0.841443392
0.346605964   1.8883741   0.863245373
0.385202196   1.88107841   0.884406776
0.427925995   1.8736651   0.904861193
0.475206189   1.86612859   0.924550863
0.527470841   1.85846931   0.943429035
0.58524119   1.85068037   0.961455723
0.649141371   1.84274865   0.978596769
0.719717798   1.83467773   0.99483574
0.79764928   1.82646131   1.01016098
0.883780275   1.81808308   1.02456278
0.978829784   1.80954725   1.03805286
1.0837137   1.80084516   1.05064239
1.19950799   1.79196232   1.06234444
1.32718555   1.78290072   1.07319062
1.46801545   1.77364622   1.08320497
1.6232951   1.76419141   1.09242098
1.79438875   1.75453184   1.1008782
1.98302626   1.74464844   1.10860579
2.19074287   1.73454237   1.1156529
2.41961333   1.72419293   1.12205012
2.67154904   1.71359713   1.12784503
2.94895488   1.70273661   1.13307124
3.25420404   1.69160372   1.13777232
3.59013503   1.68018032   1.14198164
3.95960543   1.6684568   1.14574008
4.3660447   1.65641222   1.14907718
4.81281032   1.64403739   1.15203274
