# PlotEOS table
# ColdTable(filename=input/LS_Gamma2_appended_ColdTable.input)
#[1] rho
#[2] eps
#[3] P
#[4] dP/drho
#[5] h
#[6] cs
1e-07  0.00101703  9.6541e-14  1.92847e-06  1.00102  0.00138815  
1.02707e-07  0.00101705  1.01833e-13  1.98105e-06  1.00102  0.00140695  
1.05488e-07  0.00101708  1.07417e-13  2.03509e-06  1.00102  0.00142575  
1.08344e-07  0.00101711  1.13314e-13  2.09324e-06  1.00102  0.001445  
1.11277e-07  0.00101714  1.19538e-13  2.15052e-06  1.00102  0.00146444  
1.1429e-07  0.00101717  1.26102e-13  2.20405e-06  1.00102  0.00148402  
1.17384e-07  0.0010172  1.33015e-13  2.26416e-06  1.00102  0.00150412  
1.20562e-07  0.00101723  1.40309e-13  2.32593e-06  1.00102  0.00152422  
1.23826e-07  0.00101726  1.48011e-13  2.39238e-06  1.00102  0.00154481  
1.27179e-07  0.0010173  1.56141e-13  2.45786e-06  1.00102  0.00156559  
1.30622e-07  0.00101733  1.64715e-13  2.51911e-06  1.00102  0.00158652  
1.34159e-07  0.00101736  1.73745e-13  2.58782e-06  1.00102  0.00160801  
1.37791e-07  0.00101739  1.83273e-13  2.65844e-06  1.00102  0.00162949  
1.41521e-07  0.00101743  1.93335e-13  2.73439e-06  1.00102  0.0016515  
1.45353e-07  0.00101747  2.03955e-13  2.80925e-06  1.00102  0.00167371  
1.49288e-07  0.00101751  2.15155e-13  2.87932e-06  1.00102  0.0016961  
1.5333e-07  0.00101754  2.26952e-13  2.95789e-06  1.00102  0.00171906  
1.57481e-07  0.00101758  2.39398e-13  3.03864e-06  1.00102  0.00174202  
1.61745e-07  0.00101762  2.52542e-13  3.12544e-06  1.00102  0.00176556  
1.66124e-07  0.00101767  2.66416e-13  3.21104e-06  1.00102  0.0017893  
1.70621e-07  0.00101771  2.81047e-13  3.29122e-06  1.00102  0.00181324  
1.75241e-07  0.00101775  2.96458e-13  3.38106e-06  1.00102  0.00183779  
1.79985e-07  0.0010178  3.12719e-13  3.4734e-06  1.00102  0.00186233  
1.84858e-07  0.00101785  3.29875e-13  3.56831e-06  1.00102  0.0018875  
1.89863e-07  0.00101789  3.47978e-13  3.66586e-06  1.00102  0.00191288  
1.95003e-07  0.00101794  3.67079e-13  3.76613e-06  1.00102  0.00193847  
2.00283e-07  0.001018  3.87235e-13  3.8692e-06  1.00102  0.00196471  
2.05705e-07  0.00101805  4.08502e-13  3.97514e-06  1.00102  0.00199095  
2.11274e-07  0.0010181  4.30924e-13  4.07915e-06  1.00102  0.00201786  
2.16994e-07  0.00101816  4.54576e-13  4.19072e-06  1.00102  0.00204499  
2.22869e-07  0.00101822  4.79525e-13  4.3004e-06  1.00102  0.00207236  
2.28903e-07  0.00101828  5.05828e-13  4.41789e-06  1.00102  0.00210041  
2.35101e-07  0.00101834  5.33581e-13  4.53866e-06  1.00102  0.00212846  
2.41466e-07  0.0010184  5.62865e-13  4.66279e-06  1.00102  0.00215723  
2.48003e-07  0.00101846  5.93764e-13  4.79039e-06  1.00102  0.00218623  
2.54717e-07  0.00101852  6.26359e-13  4.91587e-06  1.00102  0.00221549  
2.61614e-07  0.00101859  6.60723e-13  5.05026e-06  1.00102  0.00224547  
2.68697e-07  0.00101865  6.96983e-13  5.18839e-06  1.00102  0.00227545  
2.75971e-07  0.00101873  7.35208e-13  5.3241e-06  1.00102  0.00230622  
2.83443e-07  0.0010188  7.75531e-13  5.46958e-06  1.00102  0.00233722  
2.91117e-07  0.00101887  8.18078e-13  5.61911e-06  1.00102  0.00236851  
2.98998e-07  0.00101895  8.62971e-13  5.77282e-06  1.00102  0.00240055  
3.07093e-07  0.00101902  9.10342e-13  5.93081e-06  1.00102  0.0024326  
3.15408e-07  0.00101911  9.60327e-13  6.09323e-06  1.00102  0.0024655  
3.23947e-07  0.00101919  1.01307e-12  6.26018e-06  1.00102  0.00249863  
3.32717e-07  0.00101928  1.06869e-12  6.41721e-06  1.00102  0.00253209  
3.41725e-07  0.00101936  1.12729e-12  6.5925e-06  1.00102  0.00256634  
3.50977e-07  0.00101945  1.18911e-12  6.77268e-06  1.00102  0.0026006  
3.60479e-07  0.00101954  1.25435e-12  6.9579e-06  1.00102  0.00263578  
3.70239e-07  0.00101964  1.32318e-12  7.14828e-06  1.00102  0.0026712  
3.80263e-07  0.00101973  1.39582e-12  7.34399e-06  1.00102  0.00270697  
3.90558e-07  0.00101984  1.47246e-12  7.54517e-06  1.00102  0.00274359  
4.01132e-07  0.00101994  1.55334e-12  7.75197e-06  1.00102  0.00278021  
4.11992e-07  0.00102004  1.6386e-12  7.95543e-06  1.00102  0.00281783  
4.23146e-07  0.00102015  1.72855e-12  8.17329e-06  1.00102  0.00285568  
4.34603e-07  0.00102026  1.82344e-12  8.38787e-06  1.00102  0.00289394  
4.46369e-07  0.00102037  1.92348e-12  8.61737e-06  1.00102  0.00293308  
4.58454e-07  0.00102049  2.02905e-12  8.85328e-06  1.00102  0.00297222  
4.70866e-07  0.00102061  2.14034e-12  9.08544e-06  1.00103  0.00301244  
4.83614e-07  0.00102073  2.25775e-12  9.33395e-06  1.00103  0.00305291  
4.96707e-07  0.00102086  2.38163e-12  9.58941e-06  1.00103  0.00309381  
5.10155e-07  0.00102099  2.51235e-12  9.85201e-06  1.00103  0.00313565  
5.23967e-07  0.00102113  2.65029e-12  1.0122e-05  1.00103  0.00317749  
5.38153e-07  0.00102126  2.79571e-12  1.03878e-05  1.00103  0.00322049  
5.52723e-07  0.00102141  2.94913e-12  1.06722e-05  1.00103  0.00326375  
5.67687e-07  0.00102155  3.11097e-12  1.09525e-05  1.00103  0.00330748  
5.83057e-07  0.0010217  3.2816e-12  1.12521e-05  1.00103  0.00335221  
5.98842e-07  0.00102184  3.46165e-12  1.15602e-05  1.00103  0.00339693  
6.15055e-07  0.001022  3.65165e-12  1.18768e-05  1.00103  0.00344291  
6.31707e-07  0.00102216  3.85213e-12  1.22023e-05  1.00103  0.00348915  
6.4881e-07  0.00102233  4.0636e-12  1.25233e-05  1.00103  0.00353592  
6.66376e-07  0.0010225  4.2866e-12  1.28663e-05  1.00103  0.00358372  
6.84417e-07  0.00102267  4.5219e-12  1.32189e-05  1.00103  0.00363153  
7.02947e-07  0.00102285  4.76998e-12  1.35663e-05  1.00103  0.0036807  
7.21978e-07  0.00102304  5.0317e-12  1.39378e-05  1.00103  0.00373013  
7.41525e-07  0.00102323  5.30787e-12  1.43196e-05  1.00103  0.00378013  
7.61601e-07  0.00102342  5.59929e-12  1.47122e-05  1.00103  0.00383124  
7.8222e-07  0.00102362  5.90681e-12  1.51159e-05  1.00103  0.00388234  
8.03398e-07  0.00102383  6.23102e-12  1.55138e-05  1.00103  0.00393491  
8.25149e-07  0.00102403  6.57309e-12  1.59391e-05  1.00103  0.00398774  
8.47489e-07  0.00102425  6.93392e-12  1.63589e-05  1.00103  0.0040412  
8.70434e-07  0.00102447  7.31441e-12  1.6807e-05  1.00103  0.00409583  
8.94e-07  0.0010247  7.71591e-12  1.72678e-05  1.00103  0.00415046  
9.18204e-07  0.00102493  8.1392e-12  1.77222e-05  1.00103  0.00420667  
9.43063e-07  0.00102517  8.5858e-12  1.82077e-05  1.00103  0.00426315  
9.68596e-07  0.00102541  9.05688e-12  1.86871e-05  1.00103  0.00432031  
9.94819e-07  0.00102567  9.55363e-12  1.91987e-05  1.00104  0.00437871  
1.02175e-06  0.00102592  1.00778e-11  1.97247e-05  1.00104  0.0044371  
1.04942e-06  0.0010262  1.06309e-11  2.02655e-05  1.00104  0.0044972  
1.07783e-06  0.00102648  1.12146e-11  2.08214e-05  1.00104  0.00455757  
1.10701e-06  0.00102676  1.18303e-11  2.13706e-05  1.00104  0.0046187  
1.13698e-06  0.00102704  1.24796e-11  2.19565e-05  1.00104  0.00468111  
1.16776e-06  0.00102733  1.31647e-11  2.25589e-05  1.00104  0.00474353  
1.19938e-06  0.00102764  1.38871e-11  2.31535e-05  1.00104  0.0048078  
1.23185e-06  0.00102796  1.46492e-11  2.37884e-05  1.00104  0.00487233  
1.2652e-06  0.00102828  1.54531e-11  2.44157e-05  1.00104  0.00493769  
1.29945e-06  0.00102861  1.63009e-11  2.50849e-05  1.00104  0.00500441  
1.33464e-06  0.00102895  1.71955e-11  2.57728e-05  1.00104  0.00507114  
1.37077e-06  0.0010293  1.81387e-11  2.64521e-05  1.00104  0.00513985  
1.40788e-06  0.00102966  1.91339e-11  2.71772e-05  1.00104  0.00520883  
1.446e-06  0.00103003  2.0184e-11  2.79226e-05  1.00104  0.00527871  
1.48515e-06  0.00103041  2.12921e-11  2.8689e-05  1.00104  0.00535003  
1.52536e-06  0.00103079  2.24615e-11  2.9477e-05  1.00105  0.00542135  
1.56665e-06  0.00103119  2.36933e-11  3.02238e-05  1.00105  0.00549482  
1.60907e-06  0.0010316  2.49928e-11  3.10521e-05  1.00105  0.00556856  
1.65263e-06  0.00103202  2.63641e-11  3.19036e-05  1.00105  0.00564328  
1.69737e-06  0.00103246  2.78111e-11  3.27791e-05  1.00105  0.00571952  
1.74333e-06  0.0010329  2.93382e-11  3.36793e-05  1.00105  0.00579576  
1.79053e-06  0.00103336  3.09481e-11  3.45689e-05  1.00105  0.00587431  
1.839e-06  0.00103382  3.26469e-11  3.55179e-05  1.00105  0.00595313  
1.88879e-06  0.0010343  3.44389e-11  3.64567e-05  1.00105  0.00603303  
1.93993e-06  0.0010348  3.63287e-11  3.74571e-05  1.00105  0.00611452  
1.99245e-06  0.0010353  3.8323e-11  3.84856e-05  1.00105  0.00619601  
2.0464e-06  0.00103583  4.04257e-11  3.95025e-05  1.00106  0.00628001  
2.1018e-06  0.00103636  4.26443e-11  4.05868e-05  1.00106  0.00636426  
2.1587e-06  0.00103691  4.49846e-11  4.16601e-05  1.00106  0.00644969  
2.21715e-06  0.00103748  4.74528e-11  4.28032e-05  1.00106  0.0065368  
2.27717e-06  0.00103805  5.00574e-11  4.39786e-05  1.00106  0.00662391  
2.33883e-06  0.00103865  5.28035e-11  4.51412e-05  1.00106  0.00671373  
2.40215e-06  0.00103926  5.57011e-11  4.63804e-05  1.00106  0.00680379  
2.46718e-06  0.00103988  5.87589e-11  4.76545e-05  1.00106  0.00689513  
2.53398e-06  0.00104054  6.19858e-11  4.89647e-05  1.00106  0.00698824  
2.60258e-06  0.00104119  6.53912e-11  5.03118e-05  1.00107  0.00708136  
2.67304e-06  0.00104188  6.89785e-11  5.1593e-05  1.00107  0.00717739  
2.74541e-06  0.00104257  7.27635e-11  5.30095e-05  1.00107  0.00727366  
2.81974e-06  0.00104329  7.67561e-11  5.44128e-05  1.00107  0.00737133  
2.89608e-06  0.00104404  8.0967e-11  5.59064e-05  1.00107  0.00747086  
2.97449e-06  0.00104478  8.54108e-11  5.74423e-05  1.00107  0.0075704  
3.05502e-06  0.00104557  9.00959e-11  5.89626e-05  1.00108  0.00767308  
3.13774e-06  0.00104636  9.50398e-11  6.05821e-05  1.00108  0.00777598  
3.22269e-06  0.00104718  1.00255e-10  6.2187e-05  1.00108  0.00788041  
3.30994e-06  0.00104803  1.05755e-10  6.38946e-05  1.00108  0.0079868  
3.39955e-06  0.00104888  1.1156e-10  6.56506e-05  1.00108  0.00809319  
3.49159e-06  0.00104979  1.17685e-10  6.74562e-05  1.00108  0.00820298  
3.58612e-06  0.0010507  1.24149e-10  6.93129e-05  1.00109  0.00831299  
3.68321e-06  0.00105163  1.30966e-10  7.10857e-05  1.00109  0.00842465  
3.78293e-06  0.0010526  1.38152e-10  7.30387e-05  1.00109  0.00853837  
3.88535e-06  0.00105357  1.45735e-10  7.5047e-05  1.00109  0.0086521  
3.99054e-06  0.00105461  1.53731e-10  7.70368e-05  1.00109  0.00876949  
4.09858e-06  0.00105564  1.62168e-10  7.91547e-05  1.0011  0.00888707  
4.20954e-06  0.00105672  1.71068e-10  8.12555e-05  1.0011  0.00900646  
4.32351e-06  0.00105783  1.80456e-10  8.34892e-05  1.0011  0.00912802  
4.44056e-06  0.00105894  1.90363e-10  8.57863e-05  1.0011  0.00924959  
4.56079e-06  0.00106011  2.008e-10  8.7978e-05  1.0011  0.00937511  
4.68427e-06  0.0010613  2.11812e-10  9.03944e-05  1.00111  0.00950079  
4.81109e-06  0.00106252  2.23434e-10  9.28792e-05  1.00111  0.00962845  
4.94134e-06  0.00106379  2.35698e-10  9.54344e-05  1.00111  0.00975839  
5.07512e-06  0.00106506  2.48641e-10  9.8062e-05  1.00111  0.00988833  
5.21253e-06  0.00106641  2.62288e-10  0.000100668  1.00112  0.0100225  
5.35365e-06  0.00106777  2.76691e-10  0.00010344  1.00112  0.0101569  
5.49859e-06  0.00106916  2.91877e-10  0.000106093  1.00112  0.0102934  
5.64746e-06  0.00107061  3.07888e-10  0.000109009  1.00113  0.0104323  
5.80036e-06  0.00107206  3.24784e-10  0.000112008  1.00113  0.0105711  
5.9574e-06  0.0010736  3.426e-10  0.000114983  1.00113  0.0107146  
6.11869e-06  0.00107515  3.614e-10  0.000118147  1.00113  0.0108583  
6.28434e-06  0.00107675  3.81233e-10  0.000121289  1.00114  0.0110042  
6.45449e-06  0.0010784  4.02153e-10  0.000124627  1.00114  0.0111527  
6.62923e-06  0.00108006  4.24231e-10  0.000128059  1.00114  0.0113011  
6.80871e-06  0.00108183  4.47511e-10  0.000131466  1.00115  0.0114546  
6.99305e-06  0.0010836  4.72078e-10  0.000135087  1.00115  0.0116081  
7.18238e-06  0.00108543  4.97995e-10  0.000138684  1.00115  0.0117641  
7.37683e-06  0.00108731  5.25334e-10  0.000142505  1.00116  0.0119229  
7.57655e-06  0.0010892  5.54188e-10  0.000146434  1.00116  0.0120816  
7.78168e-06  0.00109122  5.84585e-10  0.000150197  1.00117  0.0122456  
7.99236e-06  0.00109325  6.16664e-10  0.000154332  1.00117  0.0124096  
8.20874e-06  0.00109534  6.50503e-10  0.000158442  1.00117  0.0125765  
8.43099e-06  0.0010975  6.86201e-10  0.000162806  1.00118  0.0127462  
8.65925e-06  0.00109966  7.23874e-10  0.000167001  1.00118  0.0129158  
8.89368e-06  0.00110197  7.63564e-10  0.000171594  1.00119  0.0130912  
9.13447e-06  0.00110427  8.0545e-10  0.000176317  1.00119  0.0132666  
9.38178e-06  0.00110666  8.49655e-10  0.000181175  1.0012  0.013445  
9.63578e-06  0.00110913  8.96308e-10  0.000186172  1.0012  0.0136263  
9.89666e-06  0.0011116  9.45545e-10  0.00019098  1.00121  0.0138077  
1.01646e-05  0.00111424  9.97421e-10  0.00019624  1.00121  0.0139952  
1.04398e-05  0.00111688  1.05217e-09  0.00020165  1.00122  0.0141826  
1.07224e-05  0.00111961  1.1099e-09  0.00020685  1.00122  0.0143734  
1.10127e-05  0.00112243  1.17077e-09  0.000212546  1.00123  0.0145672  
1.13109e-05  0.00112525  1.23502e-09  0.000218217  1.00123  0.0147611  
1.16171e-05  0.00112827  1.30276e-09  0.000224228  1.00124  0.0149615  
1.19316e-05  0.00113128  1.37426e-09  0.00023041  1.00125  0.0151619  
1.22547e-05  0.00113441  1.44968e-09  0.000236563  1.00125  0.0153659  
1.25865e-05  0.00113763  1.52925e-09  0.000243088  1.00126  0.015573  
1.29272e-05  0.00114086  1.61323e-09  0.000249378  1.00127  0.0157804  
1.32772e-05  0.00114431  1.70171e-09  0.000256249  1.00127  0.0159946  
1.36367e-05  0.00114775  1.79509e-09  0.000263316  1.00128  0.0162089  
1.40059e-05  0.00115132  1.8936e-09  0.000270352  1.00129  0.0164269  
1.43851e-05  0.001155  1.99753e-09  0.000277812  1.00129  0.0166484  
1.47745e-05  0.00115869  2.10721e-09  0.000285008  1.0013  0.0168701  
1.51745e-05  0.00116263  2.22279e-09  0.000292864  1.00131  0.017099  
1.55854e-05  0.00116656  2.34477e-09  0.000300945  1.00132  0.0173279  
1.60073e-05  0.00117065  2.47345e-09  0.000308994  1.00133  0.0175611  
1.64407e-05  0.00117485  2.60921e-09  0.000317524  1.00133  0.0177978  
1.68858e-05  0.00117907  2.75248e-09  0.00032576  1.00134  0.0180348  
1.7343e-05  0.00118357  2.90346e-09  0.000334745  1.00135  0.0182795  
1.78125e-05  0.00118807  3.06281e-09  0.000343987  1.00136  0.0185243  
1.82948e-05  0.00119274  3.23091e-09  0.000353197  1.00137  0.0187735  
1.87901e-05  0.00119755  3.40827e-09  0.000362955  1.00138  0.0190265  
1.92988e-05  0.00120238  3.59544e-09  0.000372383  1.00139  0.01928  
1.98213e-05  0.00120752  3.7927e-09  0.000382662  1.0014  0.0195416  
2.03579e-05  0.00121265  4.00088e-09  0.000393236  1.00141  0.0198032  
2.09091e-05  0.00121799  4.22042e-09  0.000403442  1.00142  0.0200697  
2.14752e-05  0.00122348  4.45195e-09  0.000414582  1.00143  0.0203401  
2.20566e-05  0.001229  4.69631e-09  0.000425697  1.00144  0.0206111  
2.26538e-05  0.00123487  4.95403e-09  0.000437459  1.00145  0.0208907  
2.32671e-05  0.00124074  5.22605e-09  0.000449559  1.00147  0.0211702  
2.3897e-05  0.00124685  5.51289e-09  0.000461249  1.00148  0.0214552  
2.4544e-05  0.00125313  5.81543e-09  0.000473999  1.00149  0.0217442  
2.52085e-05  0.00125944  6.13473e-09  0.000486339  1.0015  0.022034  
2.5891e-05  0.00126614  6.47123e-09  0.000499773  1.00152  0.0223328  
2.6592e-05  0.00127285  6.8264e-09  0.000513593  1.00153  0.0226316  
2.73119e-05  0.00127983  7.20092e-09  0.000526956  1.00154  0.0229363  
2.80514e-05  0.001287  7.59596e-09  0.00054152  1.00156  0.0232452  
2.88108e-05  0.00129421  8.01288e-09  0.000556065  1.00157  0.023555  
2.95908e-05  0.00130188  8.45262e-09  0.000571446  1.00159  0.0238744  
3.0392e-05  0.00130954  8.91676e-09  0.00058727  1.0016  0.0241937  
3.12148e-05  0.00131752  9.40599e-09  0.000602102  1.00162  0.0245195  
3.20599e-05  0.00132572  9.92186e-09  0.000618745  1.00164  0.0248497  
3.29279e-05  0.00133396  1.04663e-08  0.000635372  1.00165  0.0251809  
3.38194e-05  0.00134272  1.10406e-08  0.000652951  1.00167  0.0255223  
3.4735e-05  0.00135148  1.16467e-08  0.000671036  1.00169  0.0258636  
3.56754e-05  0.0013606  1.22859e-08  0.000688554  1.0017  0.0262119  
3.66413e-05  0.00136996  1.29602e-08  0.000707618  1.00172  0.0265648  
3.76333e-05  0.00137939  1.36717e-08  0.000726117  1.00174  0.0269189  
3.86522e-05  0.0013894  1.44218e-08  0.000746214  1.00176  0.0272837  
3.96986e-05  0.00139941  1.52135e-08  0.000766892  1.00178  0.0276486  
4.07734e-05  0.00140984  1.60484e-08  0.000786938  1.0018  0.0280208  
4.18773e-05  0.00142054  1.69291e-08  0.000808738  1.00182  0.028398  
4.30111e-05  0.00143132  1.78586e-08  0.000829909  1.00185  0.0287765  
4.41756e-05  0.00144275  1.88384e-08  0.000852894  1.00187  0.0291664  
4.53716e-05  0.00145419  1.98726e-08  0.000876544  1.00189  0.0295564  
4.66e-05  0.00146611  2.09633e-08  0.000899492  1.00192  0.0299544  
4.78616e-05  0.00147834  2.21138e-08  0.000924429  1.00194  0.0303575  
4.91574e-05  0.00149066  2.3328e-08  0.000947958  1.00197  0.0307622  
5.04883e-05  0.00150373  2.46071e-08  0.000974202  1.00199  0.0311789  
5.18552e-05  0.00151679  2.59572e-08  0.00100121  1.00202  0.0315957  
5.32591e-05  0.00153042  2.73816e-08  0.00102821  1.00204  0.0320212  
5.47011e-05  0.00154439  2.88848e-08  0.00105674  1.00207  0.032452  
5.6182e-05  0.00155848  3.04711e-08  0.00108371  1.0021  0.0328847  
5.77031e-05  0.00157341  3.21423e-08  0.00111374  1.00213  0.0333301  
5.92653e-05  0.00158834  3.39064e-08  0.00114465  1.00216  0.0337755  
6.08699e-05  0.00160392  3.57667e-08  0.00117469  1.00219  0.0342303  
6.25179e-05  0.00161989  3.77295e-08  0.00120729  1.00222  0.0346907  
6.42105e-05  0.001636  3.98009e-08  0.00123903  1.00226  0.0351532  
6.59489e-05  0.00165306  4.19847e-08  0.00127342  1.00229  0.0356292  
6.77344e-05  0.00167012  4.429e-08  0.00130881  1.00232  0.0361052  
6.95682e-05  0.00168781  4.67235e-08  0.00134523  1.00236  0.0367981  
7.14517e-05  0.00170586  4.92925e-08  0.00138271  1.0024  0.0376132  
7.33862e-05  0.00172413  5.20347e-08  0.00152838  1.00243  0.0384763  
7.5373e-05  0.00174367  5.51193e-08  0.00157668  1.00247  0.0396245  
7.74137e-05  0.0017632  5.83875e-08  0.00162652  1.00252  0.0407728  
7.95095e-05  0.00178383  6.20023e-08  0.00179229  1.00256  0.0419885  
8.16622e-05  0.00180504  6.59282e-08  0.0018553  1.00261  0.0432407  
8.38731e-05  0.00182657  7.01404e-08  0.00203337  1.00266  0.0445092  
8.61438e-05  0.00184981  7.48465e-08  0.00211168  1.00272  0.045868  
8.84761e-05  0.00187306  7.9866e-08  0.00219295  1.00278  0.0472268  
9.08715e-05  0.00189791  8.5408e-08  0.00240016  1.00284  0.048659  
9.33317e-05  0.0019236  9.14357e-08  0.00250007  1.0029  0.0501294  
9.58586e-05  0.00194977  9.79316e-08  0.00272008  1.00297  0.0516194  
9.84538e-05  0.00197837  1.05147e-07  0.00284092  1.00305  0.0532104  
0.000101119  0.00200698  1.12887e-07  0.00296694  1.00312  0.0548014  
0.000103857  0.0020379  1.21412e-07  0.00322443  1.00321  0.0564831  
0.000106669  0.00206997  1.30691e-07  0.00337564  1.0033  0.0582102  
0.000109557  0.00210274  1.40729e-07  0.0036599  1.00339  0.059965  
0.000112523  0.00213892  1.51851e-07  0.0038402  1.00349  0.0618542  
0.000115569  0.0021751  1.63837e-07  0.00402899  1.00359  0.0637434  
0.000118698  0.00221456  1.77041e-07  0.00436879  1.00371  0.06577  
0.000121912  0.00225559  1.9144e-07  0.00459308  1.00383  0.0678628  
0.000125213  0.00229766  2.07079e-07  0.00498422  1.00395  0.0700027  
0.000128603  0.00234447  2.24426e-07  0.00525118  1.00409  0.0723579  
0.000132084  0.00239127  2.43196e-07  0.00553173  1.00423  0.0747132  
0.00013566  0.00244276  2.64005e-07  0.00603997  1.00439  0.0772905  
0.000139333  0.00249643  2.86806e-07  0.00637773  1.00455  0.0799705  
0.000143105  0.00255175  3.11502e-07  0.0066894  1.00473  0.0827637  
0.00014698  0.00261418  3.3813e-07  0.00705788  1.00491  0.0860459  
0.000150959  0.00267662  3.66984e-07  0.00744561  1.00511  0.0893281  
0.000155046  0.00274574  3.97586e-07  0.00761158  1.00531  0.0935977  
0.000159244  0.00281781  4.30369e-07  0.00800945  1.00552  0.0983059  
0.000163555  0.00289198  4.67821e-07  0.0108188  1.00575  0.102559  
0.000167983  0.00297468  5.17494e-07  0.0116222  1.00606  0.104958  
0.000172531  0.00305738  5.72293e-07  0.0124819  1.00637  0.107357  
0.000177202  0.00315075  6.29544e-07  0.0123788  1.0067  0.111028  
0.000182  0.00324866  6.90882e-07  0.0131963  1.00704  0.115241  
0.000186927  0.00335036  7.5821e-07  0.0142402  1.00741  0.119318  
0.000191988  0.00346668  8.32668e-07  0.0151904  1.0078  0.122872  
0.000197186  0.003583  9.14236e-07  0.0162004  1.00822  0.126426  
0.000202525  0.00371407  1.0026e-06  0.0170048  1.00866  0.130104  
0.000208008  0.00385117  1.09884e-06  0.0181036  1.00913  0.133833  
0.000213639  0.00399336  1.20374e-06  0.0190072  1.00963  0.137601  
0.000219423  0.00415422  1.31712e-06  0.0202032  1.01016  0.141511  
0.000225364  0.00431508  1.44088e-06  0.0214698  1.01071  0.145422  
0.000231466  0.00449541  1.57473e-06  0.0225207  1.0113  0.149469  
0.000237732  0.00468335  1.72016e-06  0.0238983  1.01192  0.153569  
0.000244169  0.00487818  1.87822e-06  0.0250615  1.01257  0.157713  
0.000250779  0.00509696  2.04882e-06  0.0265585  1.01327  0.16201  
0.000257569  0.00531573  2.23448e-06  0.0281393  1.01399  0.166307  
0.000264542  0.00555997  2.43504e-06  0.0295068  1.01476  0.170752  
0.000271704  0.00581374  2.6525e-06  0.0312264  1.01558  0.175252  
0.00027906  0.00607672  2.88832e-06  0.0327292  1.01643  0.179801  
0.000286616  0.00637015  3.14262e-06  0.0345977  1.01733  0.184513  
0.000294375  0.00666357  3.4187e-06  0.036566  1.01828  0.189224  
0.000302345  0.00699004  3.71648e-06  0.0383067  1.01928  0.194096  
0.000310531  0.00732832  4.03877e-06  0.040445  1.02033  0.199026  
0.000318938  0.00767881  4.38757e-06  0.0423732  1.02144  0.204009  
0.000327573  0.00806774  4.76345e-06  0.0446965  1.02261  0.209163  
0.000336442  0.00845668  5.17064e-06  0.0471388  1.02383  0.214317  
0.00034555  0.00888817  5.60939e-06  0.0493564  1.02512  0.219643  
0.000354906  0.00933422  6.0835e-06  0.0520084  1.02648  0.225029  
0.000364515  0.00979664  6.59489e-06  0.0540925  1.02789  0.230461  
0.000374383  0.0103083  7.14264e-06  0.0569249  1.02939  0.236036  
0.000384519  0.0108199  7.73464e-06  0.0598957  1.03094  0.24161  
0.00039493  0.0113872  8.35532e-06  0.0604866  1.03254  0.247181  
0.000405622  0.0119725  9.01782e-06  0.0634436  1.0342  0.252752  
0.000416604  0.0125762  9.73092e-06  0.0663411  1.03593  0.258384  
0.000427883  0.0132328  1.04972e-05  0.06955  1.03777  0.264191  
0.000439467  0.0138893  1.13223e-05  0.0729036  1.03965  0.269998  
0.000451365  0.0146063  1.22085e-05  0.0761772  1.04165  0.275988  
0.000463586  0.0153422  1.31615e-05  0.0798114  1.04373  0.282035  
0.000476137  0.0161057  1.41858e-05  0.0832587  1.0459  0.288143  
0.000489027  0.0169453  1.52843e-05  0.0871812  1.0482  0.294418  
0.000502267  0.0177848  1.64656e-05  0.0912756  1.05057  0.300693  
0.000515866  0.0187032  1.77337e-05  0.0953432  1.05308  0.307154  
0.000529832  0.019645  1.90962e-05  0.099779  1.05569  0.313671  
0.000544177  0.020617  2.05598e-05  0.10419  1.0584  0.320256  
0.00055891  0.0216688  2.21301e-05  0.108992  1.06126  0.327022  
0.000574042  0.0227205  2.38171e-05  0.113999  1.06421  0.333787  
0.000589583  0.0238841  2.56257e-05  0.118914  1.06735  0.340735  
0.000605545  0.0250791  2.75669e-05  0.124322  1.0706  0.347733  
0.00062194  0.0263128  2.96505e-05  0.129797  1.07399  0.354803  
0.000638778  0.0276433  3.18852e-05  0.135653  1.07756  0.36205  
0.000656072  0.0289739  3.42838e-05  0.141753  1.08123  0.369298  
0.000673835  0.030435  3.68555e-05  0.147918  1.08513  0.376735  
0.000692078  0.0319311  3.9614e-05  0.154515  1.08917  0.384223  
0.000710815  0.0334791  4.25727e-05  0.161252  1.09337  0.391781  
0.00073006  0.035152  4.57444e-05  0.16839  1.09781  0.399508  
0.000749825  0.036825  4.9146e-05  0.175819  1.10237  0.407236  
0.000770126  0.038656  5.27924e-05  0.183474  1.10721  0.415151  
0.000790976  0.0405272  5.67015e-05  0.191513  1.11221  0.423114  
0.000812391  0.0424651  6.08915e-05  0.199795  1.11742  0.431145  
0.000834386  0.0445572  6.53813e-05  0.208487  1.12292  0.439336  
0.000856976  0.0466493  7.01929e-05  0.217527  1.12856  0.447526  
0.000880177  0.048938  7.53505e-05  0.227025  1.13455  0.455894  
0.000904007  0.0512737  8.08768e-05  0.236811  1.14074  0.464306  
0.000928482  0.0536931  8.67978e-05  0.247087  1.14718  0.472782  
0.00095362  0.056298  9.31418e-05  0.257675  1.15397  0.481403  
0.000979438  0.0589028  9.99363e-05  0.268681  1.16094  0.490024  
0.00100595  0.0617552  0.000107217  0.280352  1.16834  0.498805  
0.00103319  0.0646637  0.000115014  0.292263  1.17598  0.507623  
0.00106116  0.0676755  0.000123365  0.304882  1.18393  0.516499  
0.00108989  0.0709072  0.000132309  0.317764  1.1923  0.5255  
0.0011194  0.0741389  0.000141882  0.331145  1.20089  0.534501  
0.00114971  0.0776841  0.000152142  0.34561  1.21001  0.543636  
0.00118083  0.0812961  0.000163125  0.360101  1.21944  0.552799  
0.0012128  0.0850389  0.000174883  0.375742  1.22924  0.562011  
0.00124564  0.089049  0.000187478  0.391428  1.23956  0.571319  
0.00127936  0.093059  0.000200953  0.407713  1.25013  0.580628  
0.001314  0.097446  0.000215386  0.425304  1.26136  0.590037  
0.00134957  0.101908  0.000230829  0.442918  1.27295  0.599467  
0.00138611  0.106541  0.000247357  0.462097  1.28499  0.608928  
0.00142364  0.111506  0.000265055  0.481159  1.29769  0.618454  
0.00146218  0.116471  0.000283981  0.500937  1.31069  0.627979  
0.00150177  0.121894  0.000304257  0.522704  1.32449  0.637562  
0.00154243  0.127403  0.000325944  0.544114  1.33872  0.647155  
0.00158419  0.133125  0.000349151  0.567846  1.35352  0.656762  
0.00162708  0.139249  0.000374002  0.591034  1.36911  0.666393  
0.00167113  0.145373  0.000400567  0.615081  1.38507  0.676025  
0.00171637  0.152073  0.000429024  0.641777  1.40203  0.685662  
0.00176284  0.158875  0.000459451  0.667805  1.4195  0.6953  
0.00181057  0.165938  0.000491992  0.696367  1.43767  0.704929  
0.00185959  0.173478  0.000526816  0.724497  1.45677  0.71454  
0.00190994  0.181018  0.000564025  0.753655  1.47633  0.724152  
0.00196165  0.189267  0.000603892  0.786604  1.49712  0.733712  
0.00201475  0.197632  0.000646506  0.818186  1.51852  0.743263  
0.0020693  0.206332  0.000692083  0.853766  1.54078  0.752779  
0.00212533  0.215615  0.000740871  0.88796  1.56421  0.762235  
0.00218287  0.224899  0.000792982  0.923385  1.58817  0.77169  
0.00224197  0.23505  0.000848798  0.963368  1.61365  0.781033  
0.00230266  0.245333  0.000908435  1.0017  1.63985  0.790358  
0.00236501  0.256028  0.000972188  1.04445  1.6671  0.799623  
0.00242904  0.267415  0.00104039  1.08586  1.69573  0.808784  
0.0024948  0.278802  0.00111321  1.12874  1.72501  0.817945  
0.00256234  0.291279  0.00119124  1.1784  1.75618  0.826934  
0.00263172  0.303908  0.0012746  1.22487  1.78823  0.835898  
0.00270297  0.317052  0.00136371  1.27756  1.82158  0.844775  
0.00277615  0.331031  0.00145904  1.32781  1.85659  0.853511  
0.00285131  0.345009  0.00156079  1.37981  1.8924  0.862247  
0.0029285  0.360305  0.00166972  1.43889  1.93047  0.870756  
0.00300779  0.375771  0.00178603  1.49508  1.96957  0.879236  
0.00308922  0.391882  0.00191035  1.5598  2.01027  0.887605  
0.00317286  0.409001  0.00204335  1.62059  2.05301  0.895801  
0.00325876  0.426121  0.00218526  1.68347  2.0967  0.903997  
0.00334699  0.444874  0.00233727  1.75669  2.14319  0.911919  
0.0034376  0.463819  0.00249953  1.82473  2.19093  0.919809  
0.00353067  0.483561  0.00267292  1.90298  2.24062  0.927569  
0.00362626  0.504504  0.00285833  1.9765  2.29274  0.935133  
0.00372444  0.525447  0.00305611  2.05252  2.346  0.942698  
0.00382527  0.548383  0.00326789  2.14089  2.40267  0.949954  
0.00392884  0.571531  0.00349386  2.22304  2.46082  0.957178  
0.00403521  0.595682  0.0037353  2.31893  2.52136  0.964257  
0.00414445  0.621286  0.00399349  2.40774  2.58486  0.971125  
0.00425666  0.646891  0.00426879  2.49951  2.64974  0.977994  
0.00437191  0.674937  0.00456357  2.60689  2.71878  0.984532  
0.00449027  0.703217  0.004878  2.70603  2.78957  0.991039  
0.00461184  0.732725  0.00521389  2.82246  2.86327  0.997394  
0.0047367  0.763953  0.00557298  2.92957  2.94051  1.00353  
0.00486494  0.79518  0.00595576  3.0402  3.0194  1.00967  
0.00499665  0.829433  0.0063657  3.17153  3.10343  1.01547  
0.00513193  0.863946  0.00680282  3.29107  3.18953  1.02124  
0.00527087  0.899979  0.00726962  3.43118  3.27919  1.02686  
0.00541358  0.938066  0.00776846  3.56016  3.37306  1.03226  
0.00556014  0.976153  0.00830001  3.69329  3.46892  1.03767  
0.00571068  1.0179  0.00886921  3.85227  3.57099  1.04274  
0.00586529  1.05993  0.00947591  3.99603  3.67552  1.04779  
0.00602408  1.10385  0.0101239  4.16948  3.78443  1.05268  
0.00618718  1.15025  0.0108166  4.32488  3.89849  1.05736  
0.00635469  1.19666  0.0115545  4.48517  4.01492  1.06205  
0.00652673  1.24753  0.0123443  4.67613  4.13888  1.06642  
0.00670344  1.29869  0.0131859  4.84897  4.26572  1.07077  
0.00688493  1.35218  0.0140845  5.05697  4.39788  1.07497  
0.00707133  1.40861  0.0150445  5.2435  4.53614  1.07898  
0.00726278  1.46505  0.0160667  5.43578  4.67724  1.08299  
0.00745941  1.52696  0.0171617  5.67145  4.82764  1.0867  
0.00766136  1.58918  0.0183281  5.87909  4.98145  1.09039  
0.00786878  1.65427  0.0195731  6.13018  5.1417  1.09395  
0.00808182  1.72282  0.0209029  6.35407  5.30923  1.09734  
0.00830063  1.79138  0.0223185  6.58471  5.48014  1.10073  
0.00852536  1.86666  0.0238345  6.86871  5.66237  1.10384  
0.00875617  1.94225  0.0254486  7.11753  5.84861  1.10694  
0.00899324  2.02135  0.0271717  7.42418  6.0427  1.10991  
0.00923672  2.10458  0.029012  7.69261  6.24553  1.11273  
0.00948679  2.18782  0.0309703  7.96893  6.45238  1.11555  
0.00974364  2.27923  0.0330677  8.31311  6.673  1.11812  
0.0100074  2.37094  0.0353  8.61111  6.89831  1.12069  
0.0102784  2.46698  0.0376824  8.97981  7.13317  1.12314  
0.0105566  2.56794  0.0402259  9.30091  7.37842  1.12546  
0.0108425  2.66889  0.0429314  9.6312  7.62845  1.12779  
0.011136  2.77978  0.0458302  10.0501  7.89527  1.12989  
0.0114375  2.89093  0.0489139  10.4063  8.16756  1.13198  
0.0117472  3.00742  0.0522055  10.8579  8.45151  1.13397  
0.0120652  3.12974  0.0557198  11.2421  8.74796  1.13585  
0.0123919  3.25205  0.0594565  11.637  9.05009  1.13774  
0.0127273  3.38645  0.0634593  12.1393  9.3725  1.13943  
0.0130719  3.52106  0.0677155  12.5646  9.70128  1.14111  
0.0134258  3.66221  0.0722577  13.1088  10.0442  1.14271  
0.0137893  3.81026  0.0771059  13.5671  10.402  1.14422  
0.0141627  3.95831  0.0822588  14.0377  10.7665  1.14573  
0.0145461  4.12104  0.0877827  14.6544  11.1558  1.14707  
0.0149399  4.2839  0.0936538  15.1619  11.5526  1.1484  
0.0153444  4.45476  0.0999183  15.8169  11.9665  1.14967  
0.0157598  4.63379  0.106603  16.3631  12.398  1.15085  
0.0161865  4.81281  0.113704  16.9235  12.8374  1.15203  
